0.033333335,0,-1.5707964,0,-1.5707964,0,0,-7.72E-05,-0.33065215,-0.000922205,-2.9552243,-0.002829289,-7.49E-07,-0.030480587,-15.42422725,-4.758227503,-0.067478042,-0.018918836,0.028463161,-0.030480587,-15.42422725,-4.758227503,-0.067478042,-0.018918836,0.028463161,-0.45324633,-204.52525,-52.959072,-0.7166168,-0.20867476,0.32647246
0.033333335,0,-1.5707964,0,-1.5707964,0,0,-7.72E-05,-0.33065215,-0.000922205,-2.9552243,-0.002829289,-7.49E-07,-0.030480587,-15.42422725,-4.758227503,-0.067478042,-0.018918836,0.028463161,-0.030480587,-15.42422725,-4.758227503,-0.067478042,-0.018918836,0.028463161,-0.45324633,-204.52525,-52.959072,-0.7166168,-0.20867476,0.32647246
0.033333335,0,-1.5707964,0,-1.5707964,0,0,-7.72E-05,-0.33065215,-0.000922205,-2.9552243,-0.002829289,-7.49E-07,-0.030480587,-15.42422725,-4.758227503,-0.067478042,-0.018918836,0.028463161,-0.030480587,-15.42422725,-4.758227503,-0.067478042,-0.018918836,0.028463161,-0.45324633,-204.52525,-52.959072,-0.7166168,-0.20867476,0.32647246
0.033333335,0,-1.5707964,0,-1.5707964,0,0,-7.72E-05,-0.33065215,-0.000922205,-2.9552243,-0.002829289,-7.49E-07,-0.030480587,-15.42422725,-4.758227503,-0.067478042,-0.018918836,0.028463161,-0.030480587,-15.42422725,-4.758227503,-0.067478042,-0.018918836,0.028463161,-0.45324633,-204.52525,-52.959072,-0.7166168,-0.20867476,0.32647246
0.033333335,0,-1.5707964,0,-1.5707964,0,0,-7.72E-05,-0.33065215,-0.000922205,-2.9552243,-0.002829289,-7.49E-07,-0.030480587,-15.42422725,-4.758227503,-0.067478042,-0.018918836,0.028463161,-0.030480587,-15.42422725,-4.758227503,-0.067478042,-0.018918836,0.028463161,-0.45324633,-204.52525,-52.959072,-0.7166168,-0.20867476,0.32647246
0.050000003,0.001938007,-1.5721654,-0.005063918,-1.5761466,-0.000604398,3.99E-06,-0.002494061,-0.013920184,-0.37509608,0.011230751,0.001545974,0.000264127,-4.411263585,24.89312173,13.48985122,2.390625338,-1.79037248,0.295162928,-4.411263585,24.89312173,13.48985122,2.390625338,-1.79037248,0.295162928,-65.59549,330.0828,150.14204,25.388441,-19.747808,3.3855188
0.050000003,0.001938007,-1.5721654,-0.005063918,-1.5761466,-0.000604398,3.99E-06,-0.002494061,-0.013920184,-0.37509608,0.011230751,0.001545974,0.000264127,-4.411263585,24.89312173,13.48985122,2.390625338,-1.79037248,0.295162928,-4.411263585,24.89312173,13.48985122,2.390625338,-1.79037248,0.295162928,-65.59549,330.0828,150.14204,25.388441,-19.747808,3.3855188
0.06666667,0.002760944,-1.5728055,-0.005955822,-1.5777825,-0.000605802,1.30E-05,0.01905278,-0.008247669,-0.011444856,-0.031124653,-0.000165292,0.000540881,-1.88321163,12.39616429,7.510966175,1.044760361,-0.892564284,0.016530739,-1.88321163,12.39616429,7.510966175,1.044760361,-0.892564284,0.016530739,-28.003357,164.37314,83.59705,11.095355,-9.844984,0.18960758
0.083333338,0.002907188,-1.572779,-0.005928584,-1.5777708,-0.000546099,2.46E-05,0.002059837,0.006628129,0.009067212,0.007990236,0.001844257,0.000693868,-0.395269625,2.311864769,1.284200612,0.17271959,-0.1635995,-0.010517532,-0.395269625,2.311864769,1.284200612,0.17271959,-0.1635995,-0.010517532,-5.8776593,30.655327,14.293153,1.834282,-1.8045025,-0.12063609
0.083333338,0.002907188,-1.572779,-0.005928584,-1.5777708,-0.000546099,2.46E-05,0.002059837,0.006628129,0.009067212,0.007990236,0.001844257,0.000693868,-0.395269625,2.311864769,1.284200612,0.17271959,-0.1635995,-0.010517532,-0.395269625,2.311864769,1.284200612,0.17271959,-0.1635995,-0.010517532,-5.8776593,30.655327,14.293153,1.834282,-1.8045025,-0.12063609
0.100000005,0.002970216,-1.5726035,-0.00574791,-1.5774692,-0.000463658,4.20E-05,0.00189357,0.011954973,0.012748053,0.014756982,0.002693724,0.001043937,-0.092891646,0.614783127,0.339277564,0.033124512,-0.044858588,-0.016778285,-0.092891646,0.614783127,0.339277564,0.033124512,-0.044858588,-0.016778285,-1.3812988,8.152024,3.7761593,0.35178232,-0.49479023,-0.19244693
0.100000005,0.002970216,-1.5726035,-0.00574791,-1.5774692,-0.000463658,4.20E-05,0.00189357,0.011954973,0.012748053,0.014756982,0.002693724,0.001043937,-0.092891646,0.614783127,0.339277564,0.033124512,-0.044858588,-0.016778285,-0.092891646,0.614783127,0.339277564,0.033124512,-0.044858588,-0.016778285,-1.3812988,8.152024,3.7761593,0.35178232,-0.49479023,-0.19244693
0.116666673,0.003069362,-1.5723482,-0.005535625,-1.5771114,-0.000367507,6.54E-05,0.004749039,0.016200615,0.013839339,0.016534707,0.003440459,0.001402745,-0.049543236,0.374046134,0.204138165,0.012827444,-0.027429658,-0.017714719,-0.049543236,0.374046134,0.204138165,0.012827444,-0.027429658,-0.017714719,-0.7367079,4.9598517,2.2720578,0.13622746,-0.30254912,-0.20318782
0.116666673,0.003069362,-1.5723482,-0.005535625,-1.5771114,-0.000367507,6.54E-05,0.004749039,0.016200615,0.013839339,0.016534707,0.003440459,0.001402745,-0.049543236,0.374046134,0.204138165,0.012827444,-0.027429658,-0.017714719,-0.049543236,0.374046134,0.204138165,0.012827444,-0.027429658,-0.017714719,-0.7367079,4.9598517,2.2720578,0.13622746,-0.30254912,-0.20318782
0.13333334,0.003185367,-1.5720508,-0.005307689,-1.5767273,-0.000265356,9.13E-05,0.006237721,0.018368376,0.014287921,0.017279726,0.003775799,0.001552017,-0.024508504,0.20263596,0.111301269,8.13E-05,-0.016976736,-0.018143332,-0.024508504,0.20263596,0.111301269,8.13E-05,-0.016976736,-0.018143332,-0.36444145,2.6869528,1.2387831,0.000863157,-0.1872534,-0.20810401
0.13333334,0.003185367,-1.5720508,-0.005307689,-1.5767273,-0.000265356,9.13E-05,0.006237721,0.018368376,0.014287921,0.017279726,0.003775799,0.001552017,-0.024508504,0.20263596,0.111301269,8.13E-05,-0.016976736,-0.018143332,-0.024508504,0.20263596,0.111301269,8.13E-05,-0.016976736,-0.018143332,-0.36444145,2.6869528,1.2387831,0.000863157,-0.1872534,-0.20810401
0.150000008,0.003381327,-1.5716788,-0.005076823,-1.5763403,-0.000148679,0.000122453,0.010583829,0.023231365,0.014890065,0.018093284,0.004665451,0.00186858,-0.048067494,0.369681348,0.199339396,0.011355215,-0.025789582,-0.017832022,-0.048067494,0.369681348,0.199339396,0.011355215,-0.025789582,-0.017832022,-0.71476364,4.9019747,2.2186475,0.120592386,-0.28445908,-0.2045333
0.150000008,0.003381327,-1.5716788,-0.005076823,-1.5763403,-0.000148679,0.000122453,0.010583829,0.023231365,0.014890065,0.018093284,0.004665451,0.00186858,-0.048067494,0.369681348,0.199339396,0.011355215,-0.025789582,-0.017832022,-0.048067494,0.369681348,0.199339396,0.011355215,-0.025789582,-0.017832022,-0.71476364,4.9019747,2.2186475,0.120592386,-0.28445908,-0.2045333
0.166666675,0.003658957,-1.5712141,-0.004833547,-1.5759349,-1.50E-05,0.000157808,0.015301338,0.028919276,0.015819121,0.019534493,0.0056986,0.002120071,-0.059251847,0.435743612,0.234637706,0.016088067,-0.029546944,-0.017667769,-0.059251847,0.435743612,0.234637706,0.016088067,-0.029546944,-0.017667769,-0.88107497,5.7779603,2.6115177,0.17085527,-0.3259028,-0.20264931
0.183333343,0.003959894,-1.5706943,-0.004570754,-1.5754964,0.000126603,0.000194113,0.017243566,0.03178643,0.016461508,0.0206668,0.006160754,0.002177498,-0.032880936,0.239886238,0.13004686,0.002215382,-0.018332591,-0.018059443,-0.032880936,0.239886238,0.13004686,0.002215382,-0.018332591,-0.018059443,-0.48893952,3.1808915,1.4474216,0.023527356,-0.20220847,-0.20714182
0.183333343,0.003959894,-1.5706943,-0.004570754,-1.5754964,0.000126603,0.000194113,0.017243566,0.03178643,0.016461508,0.0206668,0.006160754,0.002177498,-0.032880936,0.239886238,0.13004686,0.002215382,-0.018332591,-0.018059443,-0.032880936,0.239886238,0.13004686,0.002215382,-0.018332591,-0.018059443,-0.48893952,3.1808915,1.4474216,0.023527356,-0.20220847,-0.20714182
0.20000001,0.004366462,-1.5700746,-0.004303367,-1.5750504,0.000287653,0.000232126,0.022960292,0.038321186,0.017328663,0.022025244,0.007349019,0.002279749,-0.065602475,0.468901272,0.251104204,0.017814981,-0.030572995,-0.017638899,-0.065602475,0.468901272,0.251104204,0.017814981,-0.030572995,-0.017638899,-0.9755088,6.217631,2.7947898,0.1891951,-0.33722013,-0.20231818
0.20000001,0.004366462,-1.5700746,-0.004303367,-1.5750504,0.000287653,0.000232126,0.022960292,0.038321186,0.017328663,0.022025244,0.007349019,0.002279749,-0.065602475,0.468901272,0.251104204,0.017814981,-0.030572995,-0.017638899,-0.065602475,0.468901272,0.251104204,0.017814981,-0.030572995,-0.017638899,-0.9755088,6.217631,2.7947898,0.1891951,-0.33722013,-0.20231818
0.20000001,0.004366462,-1.5700746,-0.004303367,-1.5750504,0.000287653,0.000232126,0.022960292,0.038321186,0.017328663,0.022025244,0.007349019,0.002279749,-0.065602475,0.468901272,0.251104204,0.017814981,-0.030572995,-0.017638899,-0.065602475,0.468901272,0.251104204,0.017814981,-0.030572995,-0.017638899,-0.9755088,6.217631,2.7947898,0.1891951,-0.33722013,-0.20231818
0.216666678,0.004875263,-1.5693345,-0.004018175,-1.5745747,0.000470431,0.00026961,0.028903643,0.045685757,0.01859342,0.02418795,0.00866887,0.002247743,-0.077943226,0.537315717,0.287969779,0.022830073,-0.034545436,-0.017459578,-0.077943226,0.537315717,0.287969779,0.022830073,-0.034545436,-0.017459578,-1.1590158,7.1248064,3.2051036,0.24245538,-0.38103616,-0.20026135
0.233333346,0.005408112,-1.5685264,-0.003706177,-1.5740516,0.000662895,0.000305248,0.031104231,0.04917393,0.019470602,0.025836525,0.009229309,0.002137427,-0.041356909,0.265942476,0.14337463,0.003688765,-0.019037067,-0.017983088,-0.041356909,0.265942476,0.14337463,0.003688765,-0.019037067,-0.017983088,-0.61497724,3.5263972,1.5957596,0.03917468,-0.20997885,-0.20626602
0.233333346,0.005408112,-1.5685264,-0.003706177,-1.5740516,0.000662895,0.000305248,0.031104231,0.04917393,0.019470602,0.025836525,0.009229309,0.002137427,-0.041356909,0.265942476,0.14337463,0.003688765,-0.019037067,-0.017983088,-0.041356909,0.265942476,0.14337463,0.003688765,-0.019037067,-0.017983088,-0.61497724,3.5263972,1.5957596,0.03917468,-0.20997885,-0.20626602
0.250000013,0.006069374,-1.5675944,-0.003388383,-1.5735155,0.000878923,0.00033621,0.03804673,0.057242125,0.020542063,0.027726797,0.010667036,0.001856543,-0.081634842,0.546645039,0.291762455,0.022775364,-0.03400271,-0.017495233,-0.081634842,0.546645039,0.291762455,0.022775364,-0.03400271,-0.017495233,-1.2139101,7.248513,3.2473161,0.24187437,-0.3750499,-0.20067032
0.250000013,0.006069374,-1.5675944,-0.003388383,-1.5735155,0.000878923,0.00033621,0.03804673,0.057242125,0.020542063,0.027726797,0.010667036,0.001856543,-0.081634842,0.546645039,0.291762455,0.022775364,-0.03400271,-0.017495233,-0.081634842,0.546645039,0.291762455,0.022775364,-0.03400271,-0.017495233,-1.2139101,7.248513,3.2473161,0.24187437,-0.3750499,-0.20067032
0.266666681,0.006851076,-1.5665166,-0.003048514,-1.5729377,0.001120606,0.000359199,0.04508235,0.06613338,0.02206692,0.030568771,0.012223854,0.001377808,-0.09482634,0.614855696,0.328832774,0.0278707,-0.038010963,-0.017304925,-0.09482634,0.614855696,0.328832774,0.0278707,-0.038010963,-0.017304925,-1.4100677,8.152987,3.6599088,0.29598683,-0.41926092,-0.19848749
0.283333348,0.007655812,-1.5653602,-0.002675434,-1.5723002,0.001373094,0.000376502,0.047437374,0.07010421,0.023125742,0.03267292,0.012848399,0.001036858,-0.048140595,0.268254201,0.1444752,0.003486945,-0.018208079,-0.017946775,-0.048140595,0.268254201,0.1444752,0.003486945,-0.018208079,-0.017946775,-0.71585065,3.5570507,1.608009,0.037031356,-0.20083511,-0.20584951
0.283333348,0.007655812,-1.5653602,-0.002675434,-1.5723002,0.001373094,0.000376502,0.047437374,0.07010421,0.023125742,0.03267292,0.012848399,0.001036858,-0.048140595,0.268254201,0.1444752,0.003486945,-0.018208079,-0.017946775,-0.048140595,0.268254201,0.1444752,0.003486945,-0.018208079,-0.017946775,-0.71585065,3.5570507,1.608009,0.037031356,-0.20083511,-0.20584951
0.283333348,0.007655812,-1.5653602,-0.002675434,-1.5723002,0.001373094,0.000376502,0.047437374,0.07010421,0.023125742,0.03267292,0.012848399,0.001036858,-0.048140595,0.268254201,0.1444752,0.003486945,-0.018208079,-0.017946775,-0.048140595,0.268254201,0.1444752,0.003486945,-0.018208079,-0.017946775,-0.71585065,3.5570507,1.608009,0.037031356,-0.20083511,-0.20584951
0.300000016,0.008609404,-1.5640584,-0.002296519,-1.5716445,0.001652502,0.000380153,0.055471763,0.07955427,0.024325615,0.035048105,0.014487221,0.000217457,-0.095805243,0.598586487,0.319076913,0.025898286,-0.035770971,-0.017403023,-0.095805243,0.598586487,0.319076913,0.025898286,-0.035770971,-0.017403023,-1.424624,7.937257,3.551326,0.2750398,-0.3945538,-0.19961268
0.300000016,0.008609404,-1.5640584,-0.002296519,-1.5716445,0.001652502,0.000380153,0.055471763,0.07955427,0.024325615,0.035048105,0.014487221,0.000217457,-0.095805243,0.598586487,0.319076913,0.025898286,-0.035770971,-0.017403023,-0.095805243,0.598586487,0.319076913,0.025898286,-0.035770971,-0.017403023,-1.424624,7.937257,3.551326,0.2750398,-0.3945538,-0.19961268
0.316666683,0.009699348,-1.5625885,-0.001892494,-1.5709373,0.001960695,0.000365889,0.06346645,0.08981725,0.026032973,0.038516276,0.01623318,-0.000857729,-0.109764883,0.665481634,0.355792453,0.030986911,-0.039737485,-0.017201374,-0.109764883,0.665481634,0.355792453,0.030986911,-0.039737485,-0.017201374,-1.6322038,8.824286,3.95997,0.329081,-0.43830445,-0.19729976
0.333333351,0.01080977,-1.5610309,-0.001449774,-1.5701587,0.002280263,0.000341272,0.065880194,0.09413897,0.027221391,0.041017063,0.0168908,-0.001479263,-0.053235714,0.244988539,0.13248416,0.001468536,-0.015705973,-0.017944823,-0.053235714,0.244988539,0.13248416,0.001468536,-0.015705973,-0.017944823,-0.79161507,3.248548,1.4745487,0.015595848,-0.17323688,-0.20582712
0.333333351,0.01080977,-1.5610309,-0.001449774,-1.5701587,0.002280263,0.000341272,0.065880194,0.09413897,0.027221391,0.041017063,0.0168908,-0.001479263,-0.053235714,0.244988539,0.13248416,0.001468536,-0.015705973,-0.017944823,-0.053235714,0.244988539,0.13248416,0.001468536,-0.015705973,-0.017944823,-0.79161507,3.248548,1.4745487,0.015595848,-0.17323688,-0.20582712
0.350000018,0.012087051,-1.5593097,-0.001002293,-1.5693574,0.002629369,0.000291667,0.07486935,0.104817525,0.028475784,0.043829568,0.01868477,-0.002978726,-0.108034529,0.622538815,0.331998278,0.027016484,-0.03572162,-0.017357455,-0.108034529,0.622538815,0.331998278,0.027016484,-0.03572162,-0.017357455,-1.6064734,8.254865,3.6951408,0.28691506,-0.39400947,-0.19909
0.350000018,0.012087051,-1.5593097,-0.001002293,-1.5693574,0.002629369,0.000291667,0.07486935,0.104817525,0.028475784,0.043829568,0.01868477,-0.002978726,-0.108034529,0.622538815,0.331998278,0.027016484,-0.03572162,-0.017357455,-0.108034529,0.622538815,0.331998278,0.027016484,-0.03572162,-0.017357455,-1.6064734,8.254865,3.6951408,0.28691506,-0.39400947,-0.19909
0.366666686,0.013514288,-1.5573993,-0.000527898,-1.5684949,0.003009633,0.000211946,0.08368892,0.11629781,0.030288642,0.047868326,0.020574512,-0.004785745,-0.122671442,0.687198797,0.367897947,0.032026193,-0.039579684,-0.017144052,-0.122671442,0.687198797,0.367897947,0.032026193,-0.039579684,-0.017144052,-1.8241243,9.112256,4.094704,0.34011817,-0.4365639,-0.19664228
0.366666686,0.013514288,-1.5573993,-0.000527898,-1.5684949,0.003009633,0.000211946,0.08368892,0.11629781,0.030288642,0.047868326,0.020574512,-0.004785745,-0.122671442,0.687198797,0.367897947,0.032026193,-0.039579684,-0.017144052,-0.122671442,0.687198797,0.367897947,0.032026193,-0.039579684,-0.017144052,-1.8241243,9.112256,4.094704,0.34011817,-0.4365639,-0.19664228
0.383333353,0.014958114,-1.5553951,-1.02E-05,-1.5675503,0.003401354,0.000116587,0.08607427,0.120841496,0.03155677,0.0507043,0.02123739,-0.005725405,-0.056559312,0.194336494,0.106557617,-0.002508863,-0.011396453,-0.017972252,-0.056559312,0.194336494,0.106557617,-0.002508863,-0.011396453,-0.017972252,-0.841037,2.576902,1.1859863,-0.026644122,-0.12570287,-0.20614173
0.383333353,0.014958114,-1.5553951,-1.02E-05,-1.5675503,0.003401354,0.000116587,0.08607427,0.120841496,0.03155677,0.0507043,0.02123739,-0.005725405,-0.056559312,0.194336494,0.106557617,-0.002508863,-0.011396453,-0.017972252,-0.056559312,0.194336494,0.106557617,-0.002508863,-0.011396453,-0.017972252,-0.841037,2.576902,1.1859863,-0.026644122,-0.12570287,-0.20614173
0.400000021,0.01658426,-1.5532111,0.000510059,-1.5665792,0.003824527,-1.72E-05,0.0958781,0.13259642,0.032793786,0.053901415,0.02314298,-0.00803174,-0.118216389,0.616819431,0.329745469,0.025999734,-0.033732298,-0.017353568,-0.118216389,0.616819431,0.329745469,0.025999734,-0.033732298,-0.017353568,-1.7578777,8.179026,3.670067,0.27611718,-0.37206724,-0.19904542
0.400000021,0.01658426,-1.5532111,0.000510059,-1.5665792,0.003824527,-1.72E-05,0.0958781,0.13259642,0.032793786,0.053901415,0.02314298,-0.00803174,-0.118216389,0.616819431,0.329745469,0.025999734,-0.033732298,-0.017353568,-0.118216389,0.616819431,0.329745469,0.025999734,-0.033732298,-0.017353568,-1.7578777,8.179026,3.670067,0.27611718,-0.37206724,-0.19904542
0.416666688,0.01837163,-1.5508202,0.001057869,-1.5655385,0.004280524,-0.00019534,0.10538774,0.14513671,0.034636952,0.058452323,0.025133893,-0.010690774,-0.133360627,0.678072148,0.364243267,0.030840403,-0.037402644,-0.017127738,-0.133360627,0.678072148,0.364243267,0.030840403,-0.037402644,-0.017127738,-1.9830725,8.991237,4.0540276,0.32752508,-0.41255116,-0.19645515
0.433333356,0.020170694,-1.548332,0.001652626,-1.564406,0.004747623,-0.000394806,0.107669644,0.14978068,0.035935227,0.061559092,0.025777264,-0.011974001,-0.058012499,0.115016647,0.066132644,-0.008548744,-0.005181462,-0.018023255,-0.058012499,0.115016647,0.066132644,-0.008548744,-0.005181462,-0.018023255,-0.86264586,1.5251207,0.7360563,-0.090787664,-0.057151526,-0.20672673
0.433333356,0.020170694,-1.548332,0.001652626,-1.564406,0.004747623,-0.000394806,0.107669644,0.14978068,0.035935227,0.061559092,0.025777264,-0.011974001,-0.058012499,0.115016647,0.066132644,-0.008548744,-0.005181462,-0.018023255,-0.058012499,0.115016647,0.066132644,-0.008548744,-0.005181462,-0.018023255,-0.86264586,1.5251207,0.7360563,-0.090787664,-0.057151526,-0.20672673
0.450000023,0.022164898,-1.5456495,0.002246785,-1.5632445,0.005247437,-0.00064803,0.118144795,0.16246094,0.03708618,0.06508713,0.02775385,-0.015198755,-0.126189992,0.580116167,0.311746345,0.022746853,-0.029712745,-0.017385756,-0.126189992,0.580116167,0.311746345,0.022746853,-0.029712745,-0.017385756,-1.8764452,7.6923404,3.4697368,0.24157158,-0.32773158,-0.19941463
0.450000023,0.022164898,-1.5456495,0.002246785,-1.5632445,0.005247437,-0.00064803,0.118144795,0.16246094,0.03708618,0.06508713,0.02775385,-0.015198755,-0.126189992,0.580116167,0.311746345,0.022746853,-0.029712745,-0.017385756,-0.126189992,0.580116167,0.311746345,0.022746853,-0.029712745,-0.017385756,-1.8764452,7.6923404,3.4697368,0.24157158,-0.32773158,-0.19941463
0.450000023,0.022164898,-1.5456495,0.002246785,-1.5632445,0.005247437,-0.00064803,0.118144795,0.16246094,0.03708618,0.06508713,0.02775385,-0.015198755,-0.126189992,0.580116167,0.311746345,0.022746853,-0.029712745,-0.017385756,-0.126189992,0.580116167,0.311746345,0.022746853,-0.029712745,-0.017385756,-1.8764452,7.6923404,3.4697368,0.24157158,-0.32773158,-0.19941463
0.466666691,0.024329264,-1.542745,0.002867924,-1.5620053,0.00578108,-0.00096154,0.12821065,0.17590609,0.038886003,0.07008939,0.029806158,-0.018814813,-0.141627402,0.636839471,0.344280134,0.027332294,-0.033118902,-0.017147247,-0.141627402,0.636839471,0.344280134,0.027332294,-0.033118902,-0.017147247,-2.1059995,8.444491,3.831838,0.29026896,-0.3653015,-0.19667892
0.483333359,0.026499838,-1.5397403,0.003538746,-1.5606662,0.006325088,-0.001302316,0.13032746,0.1805328,0.040165216,0.07340234,0.030408546,-0.020455472,-0.057397738,0.005779839,0.010672846,-0.016748547,0.003026793,-0.018092902,-0.057397738,0.005779839,0.010672846,-0.016748547,0.003026793,-0.018092902,-0.85350436,0.076640666,0.11878877,-0.17786957,0.033385526,-0.20752558
0.483333359,0.026499838,-1.5397403,0.003538746,-1.5606662,0.006325088,-0.001302316,0.13032746,0.1805328,0.040165216,0.07340234,0.030408546,-0.020455472,-0.057397738,0.005779839,0.010672846,-0.016748547,0.003026793,-0.018092902,-0.057397738,0.005779839,0.010672846,-0.016748547,0.003026793,-0.018092902,-0.85350436,0.076640666,0.11878877,-0.17786957,0.033385526,-0.20752558
0.500000026,0.028875576,-1.5365307,0.004204796,-1.559296,0.006902468,-0.00171377,0.14132765,0.19398558,0.041165195,0.07720675,0.032418158,-0.024694616,-0.131680369,0.511176949,0.277473406,0.017166811,-0.023583359,-0.017448081,-0.131680369,0.511176949,0.277473406,0.017166811,-0.023583359,-0.017448081,-1.9580871,6.7782063,3.088279,0.18231153,-0.26012444,-0.2001295
0.500000026,0.028875576,-1.5365307,0.004204796,-1.559296,0.006902468,-0.00171377,0.14132765,0.19398558,0.041165195,0.07720675,0.032418158,-0.024694616,-0.131680369,0.511176949,0.277473406,0.017166811,-0.023583359,-0.017448081,-0.131680369,0.511176949,0.277473406,0.017166811,-0.023583359,-0.017448081,-1.9580871,6.7782063,3.088279,0.18231153,-0.26012444,-0.2001295
0.516666694,0.031428188,-1.5330864,0.00489613,-1.5578418,0.007514069,-0.002202962,0.15181845,0.20818013,0.04284944,0.08259645,0.03449507,-0.029357022,-0.14715743,0.562300545,0.307506328,0.021411529,-0.026652703,-0.017196927,-0.14715743,0.562300545,0.307506328,0.021411529,-0.026652703,-0.017196927,-2.188231,7.456105,3.4225454,0.22739044,-0.29397932,-0.19724876
0.533333361,0.033981387,-1.5295427,0.005638912,-1.55628,0.008134971,-0.002725377,0.15372334,0.2126768,0.044059344,0.08604914,0.035037946,-0.03135738,-0.054461409,-0.134313583,-0.060188229,-0.027181761,0.013289982,-0.018176122,-0.054461409,-0.134313583,-0.060188229,-0.027181761,0.013289982,-0.018176122,-0.80984116,-1.7809981,-0.669895,-0.2886703,0.1465885,-0.20848012
0.533333361,0.033981387,-1.5295427,0.005638912,-1.55628,0.008134971,-0.002725377,0.15372334,0.2126768,0.044059344,0.08604914,0.035037946,-0.03135738,-0.054461409,-0.134313583,-0.060188229,-0.027181761,0.013289982,-0.018176122,-0.054461409,-0.134313583,-0.060188229,-0.027181761,0.013289982,-0.018176122,-0.80984116,-1.7809981,-0.669895,-0.2886703,0.1465885,-0.20848012
0.533333361,0.033981387,-1.5295427,0.005638912,-1.55628,0.008134971,-0.002725377,0.15372334,0.2126768,0.044059344,0.08604914,0.035037946,-0.03135738,-0.054461409,-0.134313583,-0.060188229,-0.027181761,0.013289982,-0.018176122,-0.054461409,-0.134313583,-0.060188229,-0.027181761,0.013289982,-0.018176122,-0.80984116,-1.7809981,-0.669895,-0.2886703,0.1465885,-0.20848012
0.550000029,0.03674692,-1.5257844,0.006371793,-1.5546857,0.008789343,-0.003336727,0.16510075,0.22675636,0.04484677,0.09007226,0.037045833,-0.036690816,-0.134443996,0.40973193,0.226914529,0.009236575,-0.015331676,-0.017534919,-0.134443996,0.40973193,0.226914529,0.009236575,-0.015331676,-0.017534919,-1.9991822,5.4330454,2.5255587,0.09809242,-0.16910839,-0.20112552
0.550000029,0.03674692,-1.5257844,0.006371793,-1.5546857,0.008789343,-0.003336727,0.16510075,0.22675636,0.04484677,0.09007226,0.037045833,-0.036690816,-0.134443996,0.40973193,0.226914529,0.009236575,-0.015331676,-0.017534919,-0.134443996,0.40973193,0.226914529,0.009236575,-0.015331676,-0.017534919,-1.9991822,5.4330454,2.5255587,0.09809242,-0.16910839,-0.20112552
0.566666696,0.039693866,-1.5217811,0.007127164,-1.5530018,0.00947777,-0.004044486,0.17588857,0.24154703,0.046345428,0.09578294,0.039113555,-0.042472355,-0.149596691,0.453785426,0.253703716,0.013029406,-0.01796765,-0.017271694,-0.149596691,0.453785426,0.253703716,0.013029406,-0.01796765,-0.017271694,-2.2245028,6.0171947,2.8237224,0.13837229,-0.19818318,-0.19810633
0.583333364,0.042636108,-1.5176799,0.007934766,-1.5512038,0.010174141,-0.004791287,0.17754765,0.24580593,0.047436118,0.09930484,0.03958132,-0.04482483,-0.048918165,-0.305857989,-0.146630147,-0.039895064,0.025642786,-0.018268648,-0.048918165,-0.305857989,-0.146630147,-0.039895064,0.025642786,-0.018268648,-0.7274131,-4.055677,-1.6319935,-0.42368558,0.28283992,-0.2095414
0.583333364,0.042636108,-1.5176799,0.007934766,-1.5512038,0.010174141,-0.004791287,0.17754765,0.24580593,0.047436118,0.09930484,0.03958132,-0.04482483,-0.048918165,-0.305857989,-0.146630147,-0.039895064,0.025642786,-0.018268648,-0.048918165,-0.305857989,-0.146630147,-0.039895064,0.025642786,-0.018268648,-0.7274131,-4.055677,-1.6319935,-0.42368558,0.28283992,-0.2095414
0.600000031,0.0457949,-1.5133576,0.008726455,-1.5493735,0.01090357,-0.005646354,0.18915421,0.26036394,0.047953565,0.10348795,0.04155568,-0.051316716,-0.134052987,0.275027195,0.159821902,-0.001091816,-0.004924582,-0.017640757,-0.134052987,0.275027195,0.159821902,-0.001091816,-0.004924582,-0.017640757,-1.9933679,3.6468606,1.7788178,-0.011595082,-0.054318145,-0.20233949
0.600000031,0.0457949,-1.5133576,0.008726455,-1.5493735,0.01090357,-0.005646354,0.18915421,0.26036394,0.047953565,0.10348795,0.04155568,-0.051316716,-0.134052987,0.275027195,0.159821902,-0.001091816,-0.004924582,-0.017640757,-0.134052987,0.275027195,0.159821902,-0.001091816,-0.004924582,-0.017640757,-1.9933679,3.6468606,1.7788178,-0.011595082,-0.054318145,-0.20233949
0.616666699,0.049137674,-1.5087825,0.009536757,-1.547449,0.01166638,-0.006617449,0.2001156,0.2755971,0.049197823,0.109451786,0.043584086,-0.058274,-0.148497817,0.310661674,0.182682249,0.00214348,-0.007038954,-0.017366132,-0.148497817,0.310661674,0.182682249,0.00214348,-0.007038954,-0.017366132,-2.2081625,4.119374,2.0332534,0.022763755,-0.07763966,-0.19918953
0.616666699,0.049137674,-1.5087825,0.009536757,-1.547449,0.01166638,-0.006617449,0.2001156,0.2755971,0.049197823,0.109451786,0.043584086,-0.058274,-0.148497817,0.310661674,0.182682249,0.00214348,-0.007038954,-0.017366132,-0.148497817,0.310661674,0.182682249,0.00214348,-0.007038954,-0.017366132,-2.2081625,4.119374,2.0332534,0.022763755,-0.07763966,-0.19918953
0.633333366,0.052471098,-1.5041132,0.010399074,-1.5454047,0.012435555,-0.007633098,0.2015033,0.27951598,0.050121043,0.11297162,0.04396394,-0.06096071,-0.040490385,-0.508977709,-0.248572126,-0.054894026,0.040077161,-0.018365362,-0.040490385,-0.508977709,-0.248572126,-0.054894026,0.040077161,-0.018365362,-0.602092,-6.7490444,-2.7666078,-0.58297455,0.44205108,-0.2106507
0.633333366,0.052471098,-1.5041132,0.010399074,-1.5454047,0.012435555,-0.007633098,0.2015033,0.27951598,0.050121043,0.11297162,0.04396394,-0.06096071,-0.040490385,-0.508977709,-0.248572126,-0.054894026,0.040077161,-0.018365362,-0.040490385,-0.508977709,-0.248572126,-0.054894026,0.040077161,-0.018365362,-0.602092,-6.7490444,-2.7666078,-0.58297455,0.44205108,-0.2106507
0.650000034,0.05602241,-1.4992183,0.011238631,-1.5433294,0.013236904,-0.008777131,0.21319392,0.29440904,0.050314028,0.11725537,0.04587647,-0.06865813,-0.130130841,0.107152951,0.076392488,-0.01380753,0.007611943,-0.017760213,-0.130130841,0.107152951,0.076392488,-0.01380753,0.007611943,-0.017760213,-1.9350456,1.4208481,0.8502484,-0.14663596,0.08395973,-0.20370965
0.650000034,0.05602241,-1.4992183,0.011238631,-1.5433294,0.013236904,-0.008777131,0.21319392,0.29440904,0.050314028,0.11725537,0.04587647,-0.06865813,-0.130130841,0.107152951,0.076392488,-0.01380753,0.007611943,-0.017760213,-0.130130841,0.107152951,0.076392488,-0.01380753,0.007611943,-0.017760213,-1.9350456,1.4208481,0.8502484,-0.14663596,0.08395973,-0.20370965
0.666666701,0.05975837,-1.4940656,0.012091883,-1.5411559,0.014070498,-0.0100575,0.22420932,0.3099341,0.05123839,0.12340141,0.047837995,-0.076832116,-0.143441756,0.13292591,0.094594628,-0.01123922,0.006111488,-0.01747544,-0.143441756,0.13292591,0.094594628,-0.01123922,0.006111488,-0.01747544,-2.132979,1.7625976,1.0528382,-0.11936052,0.06740971,-0.2004433
0.683333369,0.06348103,-1.4888244,0.012995981,-1.5388579,0.014908688,-0.011387471,0.22529991,0.31341925,0.051950697,0.12684438,0.048120137,-0.07982568,-0.028982694,-0.743052539,-0.365533169,-0.072127912,0.056530039,-0.018462293,-0.028982694,-0.743052539,-0.365533169,-0.072127912,0.056530039,-0.018462293,-0.43097267,-9.852877,-4.068384,-0.7659984,0.62352633,-0.2117625
0.683333369,0.06348103,-1.4888244,0.012995981,-1.5388579,0.014908688,-0.011387471,0.22529991,0.31341925,0.051950697,0.12684438,0.048120137,-0.07982568,-0.028982694,-0.743052539,-0.365533169,-0.072127912,0.056530039,-0.018462293,-0.028982694,-0.743052539,-0.365533169,-0.072127912,0.056530039,-0.018462293,-0.43097267,-9.852877,-4.068384,-0.7659984,0.62352633,-0.2117625
0.700000037,0.06742009,-1.483355,0.013869708,-1.5365313,0.015777763,-0.012866476,0.2369348,0.32850716,0.051768,0.13117017,0.049945526,-0.08876026,-0.122266563,-0.093695724,-0.023113059,-0.028885741,0.022237922,-0.017888089,-0.122266563,-0.093695724,-0.023113059,-0.028885741,0.022237922,-0.017888089,-1.8181038,-1.2424053,-0.25724834,-0.30676657,0.24528427,-0.20517638
0.700000037,0.06742009,-1.483355,0.013869708,-1.5365313,0.015777763,-0.012866476,0.2369348,0.32850716,0.051768,0.13117017,0.049945526,-0.08876026,-0.122266563,-0.093695724,-0.023113059,-0.028885741,0.022237922,-0.017888089,-0.122266563,-0.093695724,-0.023113059,-0.028885741,0.022237922,-0.017888089,-1.8181038,-1.2424053,-0.25724834,-0.30676657,0.24528427,-0.20517638
0.700000037,0.06742009,-1.483355,0.013869708,-1.5365313,0.015777763,-0.012866476,0.2369348,0.32850716,0.051768,0.13117017,0.049945526,-0.08876026,-0.122266563,-0.093695724,-0.023113059,-0.028885741,0.022237922,-0.017888089,-0.122266563,-0.093695724,-0.023113059,-0.028885741,0.022237922,-0.017888089,-1.8181038,-1.2424053,-0.25724834,-0.30676657,0.24528427,-0.20517638
0.716666704,0.07154265,-1.4776251,0.014751221,-1.5341038,0.016677538,-0.014502514,0.24788816,0.3441772,0.05230966,0.13742495,0.051816665,-0.098173894,-0.134035406,-0.07905453,-0.010212554,-0.027080411,0.021430535,-0.017594691,-0.134035406,-0.07905453,-0.010212554,-0.027080411,0.021430535,-0.017594691,-1.9931065,-1.0482631,-0.11366573,-0.28759396,0.2363788,-0.2018111
0.733333372,0.075648405,-1.4718134,0.01568155,-1.5315478,0.017579976,-0.016192611,0.2486506,0.34714428,0.052776616,0.14071922,0.05199325,-0.10143959,-0.014305652,-1.006792178,-0.496666386,-0.091486737,0.074884217,-0.01855401,-0.014305652,-1.006792178,-0.496666386,-0.091486737,0.074884217,-0.01855401,-0.21272504,-13.350064,-5.527897,-0.97158915,0.8259729,-0.2128145
0.733333372,0.075648405,-1.4718134,0.01568155,-1.5315478,0.017579976,-0.016192611,0.2486506,0.34714428,0.052776616,0.14071922,0.05199325,-0.10143959,-0.014305652,-1.006792178,-0.496666386,-0.091486737,0.074884217,-0.01855401,-0.014305652,-1.006792178,-0.496666386,-0.091486737,0.074884217,-0.01855401,-0.21272504,-13.350064,-5.527897,-0.97158915,0.8259729,-0.2128145
0.750000039,0.079966426,-1.4657738,0.016573243,-1.5289668,0.018511657,-0.018052643,0.2600991,0.36228946,0.052169878,0.14502758,0.05371009,-0.111625776,-0.11007894,-0.327079293,-0.138303062,-0.04628013,0.038892066,-0.018020502,-0.11007894,-0.327079293,-0.138303062,-0.04628013,0.038892066,-0.018020502,-1.6368738,-4.3370714,-1.5393131,-0.49149498,0.4289795,-0.20669515
0.750000039,0.079966426,-1.4657738,0.016573243,-1.5289668,0.018511657,-0.018052643,0.2600991,0.36228946,0.052169878,0.14502758,0.05371009,-0.111625776,-0.11007894,-0.327079293,-0.138303062,-0.04628013,0.038892066,-0.018020502,-0.11007894,-0.327079293,-0.138303062,-0.04628013,0.038892066,-0.018020502,-1.6368738,-4.3370714,-1.5393131,-0.49149498,0.4289795,-0.20669515
0.766666707,0.08446505,-1.4594733,0.017465867,-1.5262834,0.019472146,-0.020090556,0.27087718,0.37796164,0.05227025,0.15131682,0.055470083,-0.12228814,-0.119961006,-0.324510557,-0.131172086,-0.04530998,0.038830878,-0.017720061,-0.119961006,-0.324510557,-0.131172086,-0.04530998,0.038830878,-0.017720061,-1.7838202,-4.30301,-1.4599453,-0.481192,0.42830458,-0.2032491
0.783333374,0.08894354,-1.4530994,0.018404555,-1.5234686,0.020433245,-0.022186236,0.27127227,0.38033822,0.052466933,0.1543947,0.05553561,-0.12578158,0.003511904,-1.29838371,-0.640846905,-0.112818224,0.094982579,-0.018635605,0.003511904,-1.29838371,-0.640846905,-0.112818224,0.094982579,-0.018635605,0.052222013,-17.216568,-7.132626,-1.1981295,1.0476578,-0.21375039
0.783333374,0.08894354,-1.4530994,0.018404555,-1.5234686,0.020433245,-0.022186236,0.27127227,0.38033822,0.052466933,0.1543947,0.05553561,-0.12578158,0.003511904,-1.29838371,-0.640846905,-0.112818224,0.094982579,-0.018635605,0.003511904,-1.29838371,-0.640846905,-0.112818224,0.094982579,-0.018635605,0.052222013,-17.216568,-7.132626,-1.1981295,1.0476578,-0.21375039
0.783333374,0.08894354,-1.4530994,0.018404555,-1.5234686,0.020433245,-0.022186236,0.27127227,0.38033822,0.052466933,0.1543947,0.05553561,-0.12578158,0.003511904,-1.29838371,-0.640846905,-0.112818224,0.094982579,-0.018635605,0.003511904,-1.29838371,-0.640846905,-0.112818224,0.094982579,-0.018635605,0.052222013,-17.216568,-7.132626,-1.1981295,1.0476578,-0.21375039
0.800000042,0.09362771,-1.4464996,0.019295756,-1.5206335,0.021421656,-0.024472741,0.28241524,0.39540723,0.051390428,0.15862979,0.0571258,-0.137219,-0.093290192,-0.592187303,-0.268588683,-0.065912444,0.057482525,-0.018152809,-0.093290192,-0.592187303,-0.268588683,-0.065912444,0.057482525,-0.018152809,-1.3872252,-7.8524036,-2.989392,-0.69999015,0.63403225,-0.20821272
0.800000042,0.09362771,-1.4464996,0.019295756,-1.5206335,0.021421656,-0.024472741,0.28241524,0.39540723,0.051390428,0.15862979,0.0571258,-0.137219,-0.093290192,-0.592187303,-0.268588683,-0.065912444,0.057482525,-0.018152809,-0.093290192,-0.592187303,-0.268588683,-0.065912444,0.057482525,-0.018152809,-1.3872252,-7.8524036,-2.989392,-0.69999015,0.63403225,-0.20821272
0.816666709,0.09848787,-1.4396405,0.020180156,-1.517695,0.022436695,-0.026957843,0.2929087,0.41094366,0.050995547,0.1648789,0.05875754,-0.14912112,-0.101032334,-0.602285966,-0.267516699,-0.065821914,0.058196359,-0.017847482,-0.101032334,-0.602285966,-0.267516699,-0.065821914,0.058196359,-0.017847482,-1.5023508,-7.986312,-2.9774609,-0.69902873,0.64190584,-0.20471062
0.833333377,0.10332416,-1.4327184,0.021107288,-1.514624,0.023450213,-0.029503582,0.29289293,0.41266862,0.05090746,0.1676788,0.0587087,-0.1527927,0.024323886,-1.615718479,-0.796791207,-0.135945881,0.116643469,-0.018703371,0.024323886,-1.615718479,-0.796791207,-0.135945881,0.116643469,-0.018703371,0.36169618,-21.424427,-8.868286,-1.4437453,1.2865775,-0.21452767
0.833333377,0.10332416,-1.4327184,0.021107288,-1.514624,0.023450213,-0.029503582,0.29289293,0.41266862,0.05090746,0.1676788,0.0587087,-0.1527927,0.024323886,-1.615718479,-0.796791207,-0.135945881,0.116643469,-0.018703371,0.024323886,-1.615718479,-0.796791207,-0.135945881,0.116643469,-0.018703371,0.36169618,-21.424427,-8.868286,-1.4437453,1.2865775,-0.21452767
0.850000044,0.10835755,-1.4255742,0.021977585,-1.511538,0.024488868,-0.03226077,0.30362353,0.4275322,0.049316768,0.17178486,0.060157534,-0.16546424,-0.071765371,-0.887924801,-0.413242633,-0.08768221,0.077895435,-0.018282462,-0.071765371,-0.887924801,-0.413242633,-0.08768221,0.077895435,-0.018282462,-1.0671511,-11.773883,-4.5993905,-0.93118507,0.85918665,-0.20969984
0.850000044,0.10835755,-1.4255742,0.021977585,-1.511538,0.024488868,-0.03226077,0.30362353,0.4275322,0.049316768,0.17178486,0.060157534,-0.16546424,-0.071765371,-0.887924801,-0.413242633,-0.08768221,0.077895435,-0.018282462,-0.071765371,-0.887924801,-0.413242633,-0.08768221,0.077895435,-0.018282462,-1.0671511,-11.773883,-4.5993905,-0.93118507,0.85918665,-0.20969984
0.866666712,0.1135606,-1.4181747,0.022832531,-1.5083493,0.02555173,-0.035236888,0.31372932,0.44280037,0.048378073,0.17791954,0.061646767,-0.17858349,-0.077232981,-0.910857648,-0.418285454,-0.088480418,0.079380007,-0.017974,-0.077232981,-0.910857648,-0.418285454,-0.088480418,0.079380007,-0.017974,-1.1484544,-12.077972,-4.655517,-0.93966204,0.8755615,-0.20616178
0.866666712,0.1135606,-1.4181747,0.022832531,-1.5083493,0.02555173,-0.035236888,0.31372932,0.44280037,0.048378073,0.17791954,0.061646767,-0.17858349,-0.077232981,-0.910857648,-0.418285454,-0.088480418,0.079380007,-0.017974,-0.077232981,-0.910857648,-0.418285454,-0.088480418,0.079380007,-0.017974,-1.1484544,-12.077972,-4.655517,-0.93966204,0.8755615,-0.20616178
0.883333379,0.118735336,-1.4107226,0.023726432,-1.5050288,0.026610903,-0.03827557,0.31325972,0.44382337,0.04799905,0.18039037,0.061482593,-0.1823763,0.047858814,-1.95652126,-0.963138656,-0.160672851,0.139669376,-0.018753313,0.047858814,-1.95652126,-0.963138656,-0.160672851,0.139669376,-0.018753313,0.71166056,-25.943472,-10.719733,-1.7063457,1.5405532,-0.2151005
0.883333379,0.118735336,-1.4107226,0.023726432,-1.5050288,0.026610903,-0.03827557,0.31325972,0.44382337,0.04799905,0.18039037,0.061482593,-0.1823763,0.047858814,-1.95652126,-0.963138656,-0.160672851,0.139669376,-0.018753313,0.047858814,-1.95652126,-0.963138656,-0.160672851,0.139669376,-0.018753313,0.71166056,-25.943472,-10.719733,-1.7063457,1.5405532,-0.2151005
0.900000047,0.12409688,-1.4030544,0.024553724,-1.5016986,0.027692866,-0.041545764,0.32348365,0.4583548,0.045852896,0.18431441,0.06277856,-0.1962498,-0.045548635,-1.212958657,-0.57140999,-0.111463784,0.0999946,-0.018407171,-0.045548635,-1.212958657,-0.57140999,-0.111463784,0.0999946,-0.018407171,-0.6773082,-16.083832,-6.359793,-1.1837454,1.1029404,-0.21113025
0.900000047,0.12409688,-1.4030544,0.024553724,-1.5016986,0.027692866,-0.041545764,0.32348365,0.4583548,0.045852896,0.18431441,0.06277856,-0.1962498,-0.045548635,-1.212958657,-0.57140999,-0.111463784,0.0999946,-0.018407171,-0.045548635,-1.212958657,-0.57140999,-0.111463784,0.0999946,-0.018407171,-0.6773082,-16.083832,-6.359793,-1.1837454,1.1029404,-0.21113025
0.916666714,0.12962016,-1.3951375,0.02535635,-1.498267,0.028796444,-0.045054585,0.33310664,0.4732273,0.044325046,0.19026257,0.064114265,-0.21054769,-0.048737171,-1.248512872,-0.582432597,-0.113132074,0.102221307,-0.018097486,-0.048737171,-1.248512872,-0.582432597,-0.113132074,0.102221307,-0.018097486,-0.7247217,-16.55528,-6.482475,-1.2014626,1.127501,-0.20757817
0.933333382,0.13510998,-1.38718,0.026193792,-1.4947064,0.029894145,-0.04862684,0.33214578,0.47350767,0.043655846,0.19235827,0.06383517,-0.21440008,0.07370542,-2.318461233,-1.138510109,-0.186800081,0.163858756,-0.018784557,0.07370542,-2.318461233,-1.138510109,-0.186800081,0.163858756,-0.018784557,1.0959996,-30.742796,-12.6716175,-1.9838169,1.8073621,-0.21545887
0.933333382,0.13510998,-1.38718,0.026193792,-1.4947064,0.029894145,-0.04862684,0.33214578,0.47350767,0.043655846,0.19235827,0.06383517,-0.21440008,0.07370542,-2.318461233,-1.138510109,-0.186800081,0.163858756,-0.018784557,0.07370542,-2.318461233,-1.138510109,-0.186800081,0.163858756,-0.018784557,1.0959996,-30.742796,-12.6716175,-1.9838169,1.8073621,-0.21545887
0.95000005,0.14077489,-1.379014,0.026954493,-1.4911411,0.031012168,-0.052449953,0.34178028,0.48758796,0.04091535,0.19604652,0.06497049,-0.2294293,-0.014983437,-1.565237175,-0.741879874,-0.137079963,0.123598623,-0.018525781,-0.014983437,-1.565237175,-0.741879874,-0.137079963,0.123598623,-0.018525781,-0.22280371,-20.755045,-8.257123,-1.4557892,1.3632928,-0.21249071
0.95000005,0.14077489,-1.379014,0.026954493,-1.4911411,0.031012168,-0.052449953,0.34178028,0.48758796,0.04091535,0.19604652,0.06497049,-0.2294293,-0.014983437,-1.565237175,-0.741879874,-0.137079963,0.123598623,-0.018525781,-0.014983437,-1.565237175,-0.741879874,-0.137079963,0.123598623,-0.018525781,-0.22280371,-20.755045,-8.257123,-1.4557892,1.3632928,-0.21249071
0.95000005,0.14077489,-1.379014,0.026954493,-1.4911411,0.031012168,-0.052449953,0.34178028,0.48758796,0.04091535,0.19604652,0.06497049,-0.2294293,-0.014983437,-1.565237175,-0.741879874,-0.137079963,0.123598623,-0.018525781,-0.014983437,-1.565237175,-0.741879874,-0.137079963,0.123598623,-0.018525781,-0.22280371,-20.755045,-8.257123,-1.4557892,1.3632928,-0.21249071
0.966666717,0.14659216,-1.3706076,0.027680527,-1.4874779,0.032149076,-0.056530498,0.3508343,0.5019452,0.03875903,0.20173635,0.066144295,-0.2448526,-0.016008437,-1.612937001,-0.758603362,-0.139576949,0.126518073,-0.018216664,-0.016008437,-1.612937001,-0.758603362,-0.139576949,0.126518073,-0.018216664,-0.23804545,-21.387545,-8.443255,-1.4823072,1.3954943,-0.20894514
0.983333385,0.15236996,-1.3621731,0.028436948,-1.4836894,0.03327795,-0.060674243,0.34935302,0.50145096,0.037803423,0.20342113,0.065752745,-0.24869815,0.101293697,-2.699101708,-1.32149579,-0.214115689,0.18900247,-0.018796226,0.101293697,-2.699101708,-1.32149579,-0.214115689,0.18900247,-0.018796226,1.5062373,-35.79009,-14.708248,-2.2739086,2.0846972,-0.21559271
0.983333385,0.15236996,-1.3621731,0.028436948,-1.4836894,0.03327795,-0.060674243,0.34935302,0.50145096,0.037803423,0.20342113,0.065752745,-0.24869815,0.101293697,-2.699101708,-1.32149579,-0.214115689,0.18900247,-0.018796226,0.101293697,-2.699101708,-1.32149579,-0.214115689,0.18900247,-0.018796226,1.5062373,-35.79009,-14.708248,-2.2739086,2.0846972,-0.21559271
1.000000052,0.15830997,-1.3535396,0.0291062,-1.4799029,0.034424603,-0.06508714,0.3583257,0.51496494,0.034434643,0.20681982,0.066721715,-0.26482174,0.019372215,-1.942639042,-0.923409338,-0.164341893,0.148516207,-0.018638219,0.019372215,-1.942639042,-0.923409338,-0.164341893,0.148516207,-0.018638219,0.28806484,-25.759394,-10.277546,-1.7453109,1.6381338,-0.21378037
1.000000052,0.15830997,-1.3535396,0.0291062,-1.4799029,0.034424603,-0.06508714,0.3583257,0.51496494,0.034434643,0.20681982,0.066721715,-0.26482174,0.019372215,-1.942639042,-0.923409338,-0.164341893,0.148516207,-0.018638219,0.019372215,-1.942639042,-0.923409338,-0.164341893,0.148516207,-0.018638219,0.28806484,-25.759394,-10.277546,-1.7453109,1.6381338,-0.21378037
1.01666672,0.16439168,-1.3446751,0.029730137,-1.4760225,0.035587348,-0.06977517,0.36673424,0.5286929,0.031613998,0.21218461,0.06772915,-0.28130367,0.020276057,-2.00181705,-0.945465691,-0.16761274,0.152068579,-0.018331598,0.020276057,-2.00181705,-0.945465691,-0.16761274,0.152068579,-0.018331598,0.30150497,-26.544094,-10.523033,-1.7800473,1.6773164,-0.21026343
1.033333387,0.17042719,-1.3357967,0.03037982,-1.4720229,0.036739957,-0.074525,0.36471277,0.5273977,0.030381683,0.21342677,0.06722928,-0.2850727,0.129887267,-3.095891789,-1.51063417,-0.242399496,0.214881413,-0.01878981,0.129887267,-3.095891789,-1.51063417,-0.242399496,0.214881413,-0.01878981,1.9314237,-41.051525,-16.813358,-2.5742826,2.370142,-0.21551912
1.033333387,0.17042719,-1.3357967,0.03037982,-1.4720229,0.036739957,-0.074525,0.36471277,0.5273977,0.030381683,0.21342677,0.06722928,-0.2850727,0.129887267,-3.095891789,-1.51063417,-0.242399496,0.214881413,-0.01878981,0.129887267,-3.095891789,-1.51063417,-0.242399496,0.214881413,-0.01878981,1.9314237,-41.051525,-16.813358,-2.5742826,2.370142,-0.21551912
1.033333387,0.17042719,-1.3357967,0.03037982,-1.4720229,0.036739957,-0.074525,0.36471277,0.5273977,0.030381683,0.21342677,0.06722928,-0.2850727,0.129887267,-3.095891789,-1.51063417,-0.242399496,0.214881413,-0.01878981,0.129887267,-3.095891789,-1.51063417,-0.242399496,0.214881413,-0.01878981,1.9314237,-41.051525,-16.813358,-2.5742826,2.370142,-0.21551912
1.050000055,0.17661127,-1.3267301,0.030931657,-1.4680303,0.037907787,-0.07956107,0.37296158,0.5402381,0.026353221,0.21648757,0.06802922,-0.30221662,0.056659694,-2.342521443,-1.114507763,-0.193022402,0.17452575,-0.018745378,0.056659694,-2.342521443,-1.114507763,-0.193022402,0.17452575,-0.018745378,0.84252965,-31.061834,-12.404471,-2.049898,1.925019,-0.21500948
1.050000055,0.17661127,-1.3267301,0.030931657,-1.4680303,0.037907787,-0.07956107,0.37296158,0.5402381,0.026353221,0.21648757,0.06802922,-0.30221662,0.056659694,-2.342521443,-1.114507763,-0.193022402,0.17452575,-0.018745378,0.056659694,-2.342521443,-1.114507763,-0.193022402,0.17452575,-0.018745378,0.84252965,-31.061834,-12.404471,-2.049898,1.925019,-0.21500948
1.066666722,0.18292522,-1.3174442,0.031426996,-1.4639497,0.03908886,-0.08488866,0.3806584,0.5532294,0.022838803,0.22146098,0.06886714,-0.3196773,0.059149413,-2.412358884,-1.141446192,-0.196999794,0.17864006,-0.018443574,0.059149413,-2.412358884,-1.141446192,-0.196999794,0.17864006,-0.018443574,0.87955177,-31.987879,-12.704296,-2.0921378,1.9703999,-0.21154779
1.08333339,0.18918572,-1.3081584,0.031943236,-1.4597571,0.04025777,-0.09027542,0.37808654,0.55111605,0.021339761,0.22223406,0.06826421,-0.32329747,0.158560973,-3.505941538,-1.704321053,-0.271405361,0.241260645,-0.018767741,0.158560973,-3.505941538,-1.704321053,-0.271405361,0.241260645,-0.018767741,2.3578017,-46.488785,-18.969093,-2.882325,2.661105,-0.21526599
1.08333339,0.18918572,-1.3081584,0.031943236,-1.4597571,0.04025777,-0.09027542,0.37808654,0.55111605,0.021339761,0.22223406,0.06826421,-0.32329747,0.158560973,-3.505941538,-1.704321053,-0.271405361,0.241260645,-0.018767741,0.158560973,-3.505941538,-1.704321053,-0.271405361,0.241260645,-0.018767741,2.3578017,-46.488785,-18.969093,-2.882325,2.661105,-0.21526599
1.100000057,0.19558044,-1.2986963,0.032350816,-1.4555777,0.04143936,-0.09596405,0.38555795,0.56318116,0.016627718,0.22490613,0.06889575,-0.341375,0.095772647,-2.761980923,-1.3135587,-0.222873778,0.201389472,-0.018849361,0.095772647,-2.761980923,-1.3135587,-0.222873778,0.201389472,-0.018849361,1.4241393,-36.623867,-14.619908,-2.3669195,2.2213259,-0.21620217
1.100000057,0.19558044,-1.2986963,0.032350816,-1.4555777,0.04143936,-0.09596405,0.38555795,0.56318116,0.016627718,0.22490613,0.06889575,-0.341375,0.095772647,-2.761980923,-1.3135587,-0.222873778,0.201389472,-0.018849361,0.095772647,-2.761980923,-1.3135587,-0.222873778,0.201389472,-0.018849361,1.4241393,-36.623867,-14.619908,-2.3669195,2.2213259,-0.21620217
1.116666725,0.20209216,-1.2890295,0.032690227,-1.451317,0.04263137,-0.10195904,0.392487,0.57533413,0.012393639,0.2294284,0.06956389,-0.35972267,0.09944095,-2.841704931,-1.344966803,-0.227494114,0.206000569,-0.018555175,0.09944095,-2.841704931,-1.344966803,-0.227494114,0.206000569,-0.018555175,1.4786869,-37.681007,-14.9694805,-2.4159875,2.2721863,-0.21282786
1.116666725,0.20209216,-1.2890295,0.032690227,-1.451317,0.04263137,-0.10195904,0.392487,0.57533413,0.012393639,0.2294284,0.06956389,-0.35972267,0.09944095,-2.841704931,-1.344966803,-0.227494114,0.206000569,-0.018555175,0.09944095,-2.841704931,-1.344966803,-0.227494114,0.206000569,-0.018555175,1.4786869,-37.681007,-14.9694805,-2.4159875,2.2721863,-0.21282786
1.133333392,0.20854293,-1.279376,0.03304556,-1.446953,0.043809284,-0.10800932,0.3893645,0.57239366,0.010641706,0.22970945,0.06886448,-0.3631185,0.186255817,-3.92611951,-1.900845311,-0.300872056,0.267893449,-0.018733506,0.186255817,-3.92611951,-1.900845311,-0.300872056,0.267893449,-0.018733506,2.769624,-52.060345,-21.156408,-3.1952612,2.9548647,-0.21487331
1.133333392,0.20854293,-1.279376,0.03304556,-1.446953,0.043809284,-0.10800932,0.3893645,0.57239366,0.010641706,0.22970945,0.06886448,-0.3631185,0.186255817,-3.92611951,-1.900845311,-0.300872056,0.267893449,-0.018733506,0.186255817,-3.92611951,-1.900845311,-0.300872056,0.267893449,-0.018733506,2.769624,-52.060345,-21.156408,-3.1952612,2.9548647,-0.21487331
1.15000006,0.2151129,-1.2695613,0.033281334,-1.4426082,0.0449974,-0.114375465,0.39601436,0.58358896,0.005226539,0.23194893,0.069329314,-0.38203117,0.135405046,-3.197869636,-1.518846394,-0.253632783,0.228859745,-0.018953045,0.135405046,-3.197869636,-1.518846394,-0.253632783,0.228859745,-0.018953045,2.013473,-42.40375,-16.90476,-2.6935802,2.524323,-0.21739143
1.15000006,0.2151129,-1.2695613,0.033281334,-1.4426082,0.0449974,-0.114375465,0.39601436,0.58358896,0.005226539,0.23194893,0.069329314,-0.38203117,0.135405046,-3.197869636,-1.518846394,-0.253632783,0.228859745,-0.018953045,0.135405046,-3.197869636,-1.518846394,-0.253632783,0.228859745,-0.018953045,2.013473,-42.40375,-16.90476,-2.6935802,2.524323,-0.21739143
1.166666728,0.22178626,-1.2595564,0.033436857,-1.4381896,0.04619314,-0.1210611,0.40212998,0.59481436,0.000252693,0.235961,0.06983046,-0.40116197,0.139710786,-3.286240579,-1.55407939,-0.258800629,0.233877797,-0.018669036,0.139710786,-3.286240579,-1.55407939,-0.258800629,0.233877797,-0.018669036,2.0774994,-43.57555,-17.296904,-2.7484627,2.579672,-0.21413384
1.183333395,0.22839096,-1.2495798,0.033603236,-1.4336785,0.04737299,-0.12779692,0.3984645,0.59104156,-0.00173521,0.23573188,0.06904243,-0.40425944,0.211866894,-4.353396961,-2.098571215,-0.330546459,0.294542658,-0.018692043,0.211866894,-4.353396961,-2.098571215,-0.330546459,0.294542658,-0.018692043,3.1504607,-57.726044,-23.357098,-3.5104034,3.2488055,-0.21439773
1.183333395,0.22839096,-1.2495798,0.033603236,-1.4336785,0.04737299,-0.12779692,0.3984645,0.59104156,-0.00173521,0.23573188,0.06904243,-0.40425944,0.211866894,-4.353396961,-2.098571215,-0.330546459,0.294542658,-0.018692043,0.211866894,-4.353396961,-2.098571215,-0.330546459,0.294542658,-0.018692043,3.1504607,-57.726044,-23.357098,-3.5104034,3.2488055,-0.21439773
1.200000063,0.23509943,-1.2394565,0.03363914,-1.4291924,0.048560645,-0.13486075,0.40425795,0.60128266,-0.007867589,0.23749724,0.06934487,-0.42389697,0.174066951,-3.646608643,-1.728457154,-0.285006355,0.256670526,-0.019059709,0.174066951,-3.646608643,-1.728457154,-0.285006355,0.256670526,-0.019059709,2.5883756,-48.35403,-19.237728,-3.0267675,2.831076,-0.21861486
1.200000063,0.23509943,-1.2394565,0.03363914,-1.4291924,0.048560645,-0.13486075,0.40425795,0.60128266,-0.007867589,0.23749724,0.06934487,-0.42389697,0.174066951,-3.646608643,-1.728457154,-0.285006355,0.256670526,-0.019059709,0.174066951,-3.646608643,-1.728457154,-0.285006355,0.256670526,-0.019059709,2.5883756,-48.35403,-19.237728,-3.0267675,2.831076,-0.21861486
1.200000063,0.23509943,-1.2394565,0.03363914,-1.4291924,0.048560645,-0.13486075,0.40425795,0.60128266,-0.007867589,0.23749724,0.06934487,-0.42389697,0.174066951,-3.646608643,-1.728457154,-0.285006355,0.256670526,-0.019059709,0.174066951,-3.646608643,-1.728457154,-0.285006355,0.256670526,-0.019059709,2.5883756,-48.35403,-19.237728,-3.0267675,2.831076,-0.21861486
1.21666673,0.24189723,-1.2291603,0.03358244,-1.424641,0.049753223,-0.14225532,0.40952462,0.61149424,-0.013594683,0.24094646,0.069683455,-0.44369778,0.178505161,-3.742844595,-1.767109496,-0.290658739,0.262034988,-0.018789287,0.178505161,-3.742844595,-1.767109496,-0.290658739,0.262034988,-0.018789287,2.6543717,-49.63012,-19.667929,-3.0867958,2.890246,-0.21551313
1.233333398,0.24861866,-1.2189072,0.033531435,-1.4200083,0.050928265,-0.14969365,0.40533155,0.60689396,-0.015800666,0.24019328,0.06881452,-0.44642034,0.234213433,-4.784242276,-2.295638545,-0.360143993,0.320949883,-0.018648223,0.234213433,-4.784242276,-2.295638545,-0.360143993,0.320949883,-0.018648223,3.4827538,-63.439053,-25.550457,-3.8247292,3.5400772,-0.21389511
1.233333398,0.24861866,-1.2189072,0.033531435,-1.4200083,0.050928265,-0.14969365,0.40533155,0.60689396,-0.015800666,0.24019328,0.06881452,-0.44642034,0.234213433,-4.784242276,-2.295638545,-0.360143993,0.320949883,-0.018648223,0.234213433,-4.784242276,-2.295638545,-0.360143993,0.320949883,-0.018648223,3.4827538,-63.439053,-25.550457,-3.8247292,3.5400772,-0.21389511
1.250000065,0.25542817,-1.2085233,0.033339147,-1.4154068,0.052108806,-0.1574702,0.4102429,0.6161042,-0.022657124,0.24144676,0.06896168,-0.46666446,0.210238433,-4.104712358,-1.940548666,-0.316712232,0.28456898,-0.019174088,0.210238433,-4.104712358,-1.940548666,-0.316712232,0.28456898,-0.019174088,3.1262455,-54.428486,-21.598307,-3.363484,3.1387959,-0.21992679
1.250000065,0.25542817,-1.2085233,0.033339147,-1.4154068,0.052108806,-0.1574702,0.4102429,0.6161042,-0.022657124,0.24144676,0.06896168,-0.46666446,0.210238433,-4.104712358,-1.940548666,-0.316712232,0.28456898,-0.019174088,0.210238433,-4.104712358,-1.940548666,-0.316712232,0.28456898,-0.019174088,3.1262455,-54.428486,-21.598307,-3.363484,3.1387959,-0.21992679
1.266666733,0.2623124,-1.1979839,0.033041697,-1.4107497,0.05329171,-0.16558668,0.41463506,0.6252277,-0.029146342,0.24428312,0.06914421,-0.48701185,0.214256419,-4.207794339,-1.982110016,-0.322773744,0.29020932,-0.01892124,0.214256419,-4.207794339,-1.982110016,-0.322773744,0.29020932,-0.01892124,3.185993,-55.795353,-22.060884,-3.4278572,3.2010088,-0.21702662
1.2833334,0.26911268,-1.1875036,0.032744795,-1.4060241,0.054455537,-0.17373927,0.40993622,0.6198059,-0.031548046,0.24299616,0.0682033,-0.48928452,0.252252533,-5.215611177,-2.490459898,-0.389417866,0.346895834,-0.01860805,0.252252533,-5.215611177,-2.490459898,-0.389417866,0.346895834,-0.01860805,3.7509952,-69.159004,-27.718819,-4.1356177,3.826261,-0.21343434
1.2833334,0.26911268,-1.1875036,0.032744795,-1.4060241,0.054455537,-0.17373927,0.40993622,0.6198059,-0.031548046,0.24299616,0.0682033,-0.48928452,0.252252533,-5.215611177,-2.490459898,-0.389417866,0.346895834,-0.01860805,0.252252533,-5.215611177,-2.490459898,-0.389417866,0.346895834,-0.01860805,3.7509952,-69.159004,-27.718819,-4.1356177,3.826261,-0.21343434
1.2833334,0.26911268,-1.1875036,0.032744795,-1.4060241,0.054455537,-0.17373927,0.40993622,0.6198059,-0.031548046,0.24299616,0.0682033,-0.48928452,0.252252533,-5.215611177,-2.490459898,-0.389417866,0.346895834,-0.01860805,0.252252533,-5.215611177,-2.490459898,-0.389417866,0.346895834,-0.01860805,3.7509952,-69.159004,-27.718819,-4.1356177,3.826261,-0.21343434
1.300000068,0.27598533,-1.1769102,0.03229598,-1.4013354,0.05562273,-0.18223815,0.4139496,0.62791806,-0.039131552,0.24370511,0.068203084,-0.51000756,0.242410928,-4.568514241,-2.153218896,-0.348463166,0.312302487,-0.019301197,0.242410928,-4.568514241,-2.153218896,-0.348463166,0.312302487,-0.019301197,3.6046505,-60.5785,-23.965326,-3.7006788,3.4446964,-0.22138473
1.300000068,0.27598533,-1.1769102,0.03229598,-1.4013354,0.05562273,-0.18223815,0.4139496,0.62791806,-0.039131552,0.24370511,0.068203084,-0.51000756,0.242410928,-4.568514241,-2.153218896,-0.348463166,0.312302487,-0.019301197,0.242410928,-4.568514241,-2.153218896,-0.348463166,0.312302487,-0.019301197,3.6046505,-60.5785,-23.965326,-3.7006788,3.4446964,-0.22138473
1.316666735,0.2829178,-1.16618,0.031729322,-1.3966013,0.056789856,-0.19108395,0.41745296,0.6358893,-0.0463859,0.2458859,0.06823753,-0.5307705,0.245466438,-4.677290075,-2.197113791,-0.354849978,0.318145752,-0.0190689,0.245466438,-4.677290075,-2.197113791,-0.354849978,0.318145752,-0.0190689,3.650086,-62.020866,-24.453876,-3.7685068,3.5091476,-0.21872029
1.333333403,0.2897591,-1.1555232,0.031158125,-1.3918121,0.057936557,-0.199957,0.41227695,0.6296654,-0.048959073,0.2440596,0.067233644,-0.53251994,0.26494259,-5.643529878,-2.680999914,-0.418064509,0.372117579,-0.018576507,0.26494259,-5.643529878,-2.680999914,-0.418064509,0.372117579,-0.018576507,3.9396963,-74.833206,-29.839529,-4.439845,4.104457,-0.21307254
1.333333403,0.2897591,-1.1555232,0.031158125,-1.3918121,0.057936557,-0.199957,0.41227695,0.6296654,-0.048959073,0.2440596,0.067233644,-0.53251994,0.26494259,-5.643529878,-2.680999914,-0.418064509,0.372117579,-0.018576507,0.26494259,-5.643529878,-2.680999914,-0.418064509,0.372117579,-0.018576507,3.9396963,-74.833206,-29.839529,-4.439845,4.104457,-0.21307254
1.35000007,0.29665697,-1.1447707,0.030424643,-1.3870655,0.059084665,-0.2091821,0.41538566,0.63661873,-0.0572652,0.24419628,0.06709594,-0.55358547,0.269232489,-5.034578188,-2.3647065,-0.379992519,0.339646136,-0.019446319,0.269232489,-5.034578188,-2.3647065,-0.379992519,0.339646136,-0.019446319,4.003487,-66.75851,-26.319183,-4.0355206,3.746297,-0.22304928
1.35000007,0.29665697,-1.1447707,0.030424643,-1.3870655,0.059084665,-0.2091821,0.41538566,0.63661873,-0.0572652,0.24419628,0.06709594,-0.55358547,0.269232489,-5.034578188,-2.3647065,-0.379992519,0.339646136,-0.019446319,0.269232489,-5.034578188,-2.3647065,-0.379992519,0.339646136,-0.019446319,4.003487,-66.75851,-26.319183,-4.0355206,3.746297,-0.22304928
1.366666738,0.3035998,-1.1339016,0.029560642,-1.3822848,0.060230423,-0.21875882,0.41799545,0.6433767,-0.06528098,0.24568115,0.06699194,-0.574625,0.270892761,-5.148250413,-2.410555871,-0.386648977,0.345642461,-0.019238563,0.270892761,-5.148250413,-2.410555871,-0.386648977,0.345642461,-0.019238563,4.0281754,-68.2658,-26.829487,-4.106212,3.8124363,-0.22066632
1.366666738,0.3035998,-1.1339016,0.029560642,-1.3822848,0.060230423,-0.21875882,0.41799545,0.6433767,-0.06528098,0.24568115,0.06699194,-0.574625,0.270892761,-5.148250413,-2.410555871,-0.386648977,0.345642461,-0.019238563,0.270892761,-5.148250413,-2.410555871,-0.386648977,0.345642461,-0.019238563,4.0281754,-68.2658,-26.829487,-4.106212,3.8124363,-0.22066632
1.383333405,0.31044477,-1.123121,0.028687112,-1.3774638,0.061354563,-0.22835271,0.41237572,0.6363697,-0.0679986,0.24331424,0.065934755,-0.5757805,0.271594805,-6.065198343,-2.865861925,-0.445871434,0.396434502,-0.018560723,0.271594805,-6.065198343,-2.865861925,-0.445871434,0.396434502,-0.018560723,4.0386147,-80.42453,-31.897043,-4.7351546,4.3726726,-0.21289149
1.383333405,0.31044477,-1.123121,0.028687112,-1.3774638,0.061354563,-0.22835271,0.41237572,0.6363697,-0.0679986,0.24331424,0.065934755,-0.5757805,0.271594805,-6.065198343,-2.865861925,-0.445871434,0.396434502,-0.018560723,0.271594805,-6.065198343,-2.865861925,-0.445871434,0.396434502,-0.018560723,4.0386147,-80.42453,-31.897043,-4.7351546,4.3726726,-0.21289149
1.400000073,0.3173306,-1.1122633,0.027641276,-1.3726906,0.062478304,-0.23830211,0.4145824,0.64211357,-0.07701801,0.24285558,0.06567074,-0.5970466,0.289519745,-5.499307854,-2.573199242,-0.411032867,0.366376209,-0.01961421,0.289519745,-5.499307854,-2.573199242,-0.411032867,0.366376209,-0.01961421,4.3051586,-72.92082,-28.639708,-4.365169,4.0411296,-0.22497499
1.400000073,0.3173306,-1.1122633,0.027641276,-1.3726906,0.062478304,-0.23830211,0.4145824,0.64211357,-0.07701801,0.24285558,0.06567074,-0.5970466,0.289519745,-5.499307854,-2.573199242,-0.411032867,0.366376209,-0.01961421,0.289519745,-5.499307854,-2.573199242,-0.411032867,0.366376209,-0.01961421,4.3051586,-72.92082,-28.639708,-4.365169,4.0411296,-0.22497499
1.416666741,0.3242464,-1.1013103,0.026452325,-1.3678949,0.06359764,-0.24860542,0.4163035,0.64760983,-0.08578671,0.24361157,0.06543888,-0.61822003,0.289394427,-5.616842532,-2.620501831,-0.417889624,0.372467447,-0.019435214,0.289394427,-5.616842532,-2.620501831,-0.417889624,0.372467447,-0.019435214,4.303295,-74.47933,-29.166185,-4.437988,4.108316,-0.22292191
1.433333408,0.33105817,-1.0904605,0.025249032,-1.3630745,0.06469432,-0.25891474,0.41027924,0.63984895,-0.08862037,0.24070905,0.06433746,-0.6187135,0.271668399,-6.47706367,-3.043276709,-0.472581903,0.419633559,-0.018564703,0.271668399,-6.47706367,-3.043276709,-0.472581903,0.419633559,-0.018564703,4.039709,-85.885864,-33.87167,-5.01882,4.628558,-0.21293715
1.433333408,0.33105817,-1.0904605,0.025249032,-1.3630745,0.06469432,-0.25891474,0.41027924,0.63984895,-0.08862037,0.24070905,0.06433746,-0.6187135,0.271668399,-6.47706367,-3.043276709,-0.472581903,0.419633559,-0.018564703,0.271668399,-6.47706367,-3.043276709,-0.472581903,0.419633559,-0.018564703,4.039709,-85.885864,-33.87167,-5.01882,4.628558,-0.21293715
1.450000076,0.3378956,-1.0795529,0.023863837,-1.358307,0.065789044,-0.2695805,0.4115966,0.6443441,-0.09833728,0.23963648,0.06395992,-0.64003295,0.30237389,-5.959062878,-2.776878542,-0.441322488,0.392280788,-0.019810103,0.30237389,-5.959062878,-2.776878542,-0.441322488,0.392280788,-0.019810103,4.4962997,-79.01717,-30.906658,-4.686845,4.326857,-0.22722188
1.450000076,0.3378956,-1.0795529,0.023863837,-1.358307,0.065789044,-0.2695805,0.4115966,0.6443441,-0.09833728,0.23963648,0.06395992,-0.64003295,0.30237389,-5.959062878,-2.776878542,-0.441322488,0.392280788,-0.019810103,0.30237389,-5.959062878,-2.776878542,-0.441322488,0.392280788,-0.019810103,4.4962997,-79.01717,-30.906658,-4.686845,4.326857,-0.22722188
1.450000076,0.3378956,-1.0795529,0.023863837,-1.358307,0.065789044,-0.2695805,0.4115966,0.6443441,-0.09833728,0.23963648,0.06395992,-0.64003295,0.30237389,-5.959062878,-2.776878542,-0.441322488,0.392280788,-0.019810103,0.30237389,-5.959062878,-2.776878542,-0.441322488,0.392280788,-0.019810103,4.4962997,-79.01717,-30.906658,-4.686845,4.326857,-0.22722188
1.466666743,0.34474838,-1.0685709,0.02232312,-1.3535291,0.06687751,-0.28060016,0.41244468,0.6485408,-0.107844695,0.23963729,0.06361196,-0.6611907,0.30022591,-6.079651615,-2.82526419,-0.44832939,0.398426583,-0.019663149,0.30022591,-6.079651615,-2.82526419,-0.44832939,0.398426583,-0.019663149,4.4643593,-80.61618,-31.44519,-4.761258,4.394645,-0.22553632
1.483333411,0.35149142,-1.0577065,0.020763502,-1.3487426,0.06794244,-0.29161346,0.406058,0.64005804,-0.11076176,0.23620647,0.06247551,-0.6609569,0.264975683,-6.876267998,-3.211862336,-0.497997009,0.44155778,-0.018594373,0.264975683,-6.876267998,-3.211862336,-0.497997009,0.44155778,-0.018594373,3.9401884,-91.17931,-35.748028,-5.288728,4.8703823,-0.21327746
1.483333411,0.35149142,-1.0577065,0.020763502,-1.3487426,0.06794244,-0.29161346,0.406058,0.64005804,-0.11076176,0.23620647,0.06247551,-0.6609569,0.264975683,-6.876267998,-3.211862336,-0.497997009,0.44155778,-0.018594373,0.264975683,-6.876267998,-3.211862336,-0.497997009,0.44155778,-0.018594373,3.9401884,-91.17931,-35.748028,-5.288728,4.8703823,-0.21327746
1.500000078,0.35824513,-1.0468034,0.01901289,-1.3440131,0.06900404,-0.30298164,0.40650862,0.6432705,-0.121156365,0.23450825,0.0619964,-0.6821794,0.307345182,-6.410978499,-2.974348934,-0.47066315,0.417207526,-0.020038001,0.307345182,-6.410978499,-2.974348934,-0.47066315,0.417207526,-0.020038001,4.570223,-85.009575,-33.104504,-4.9984426,4.601799,-0.22983587
1.500000078,0.35824513,-1.0468034,0.01901289,-1.3440131,0.06900404,-0.30298164,0.40650862,0.6432705,-0.121156365,0.23450825,0.0619964,-0.6821794,0.307345182,-6.410978499,-2.974348934,-0.47066315,0.417207526,-0.020038001,0.307345182,-6.410978499,-2.974348934,-0.47066315,0.417207526,-0.020038001,4.570223,-85.009575,-33.104504,-4.9984426,4.601799,-0.22983587
1.516666746,0.36500004,-1.0358487,0.017094655,-1.3392867,0.07005771,-0.3147008,0.40650845,0.6461348,-0.13138157,0.23373044,0.06154519,-0.70316803,0.303040564,-6.533796215,-3.023438227,-0.477771615,0.42336936,-0.01992609,0.303040564,-6.533796215,-3.023438227,-0.477771615,0.42336936,-0.01992609,4.506213,-86.63814,-33.650867,-5.0739346,4.669764,-0.22855225
1.533333413,0.3716405,-1.025025,0.015153256,-1.3345679,0.07108712,-0.3264005,0.39980602,0.63696986,-0.13434877,0.22978573,0.060383443,-0.7021486,0.251629502,-7.259893058,-3.370218885,-0.521924042,0.462059789,-0.018652502,0.251629502,-7.259893058,-3.370218885,-0.521924042,0.462059789,-0.018652502,3.7417307,-96.26618,-37.510536,-5.5428333,5.0965195,-0.2139442
1.533333413,0.3716405,-1.025025,0.015153256,-1.3345679,0.07108712,-0.3264005,0.39980602,0.63696986,-0.13434877,0.22978573,0.060383443,-0.7021486,0.251629502,-7.259893058,-3.370218885,-0.521924042,0.462059789,-0.018652502,0.251629502,-7.259893058,-3.370218885,-0.521924042,0.462059789,-0.018652502,3.7417307,-96.26618,-37.510536,-5.5428333,5.0965195,-0.2139442
1.533333413,0.3716405,-1.025025,0.015153256,-1.3345679,0.07108712,-0.3264005,0.39980602,0.63696986,-0.13434877,0.22978573,0.060383443,-0.7021486,0.251629502,-7.259893058,-3.370218885,-0.521924042,0.462059789,-0.018652502,0.251629502,-7.259893058,-3.370218885,-0.521924042,0.462059789,-0.018652502,3.7417307,-96.26618,-37.510536,-5.5428333,5.0965195,-0.2139442
1.550000081,0.37827724,-1.014183,0.013012352,-1.3299104,0.07211208,-0.33845097,0.39942005,0.63887614,-0.14539549,0.22745338,0.059816845,-0.72311985,0.304253148,-6.851912624,-3.164090193,-0.498848671,0.440998242,-0.020301563,0.304253148,-6.851912624,-3.164090193,-0.498848671,0.440998242,-0.020301563,4.5242443,-90.85636,-35.216324,-5.297773,4.8642106,-0.23285893
1.550000081,0.37827724,-1.014183,0.013012352,-1.3299104,0.07211208,-0.33845097,0.39942005,0.63887614,-0.14539549,0.22745338,0.059816845,-0.72311985,0.304253148,-6.851912624,-3.164090193,-0.498848671,0.440998242,-0.020301563,0.304253148,-6.851912624,-3.164090193,-0.498848671,0.440998242,-0.020301563,4.5242443,-90.85636,-35.216324,-5.297773,4.8642106,-0.23285893
1.566666748,0.38490158,-1.0033115,0.010692086,-1.3252691,0.0731277,-0.35084707,0.39860594,0.6403876,-0.15631309,0.22588268,0.05927472,-0.7437865,0.297818251,-6.976053114,-3.213454021,-0.506004102,0.447136688,-0.020227769,0.297818251,-6.976053114,-3.213454021,-0.506004102,0.447136688,-0.020227769,4.4285574,-92.502464,-35.765743,-5.3737636,4.9319177,-0.23201251
1.583333416,0.3914072,-0.9925847,0.008344784,-1.3206522,0.07411849,-0.36320964,0.39163655,0.6305836,-0.15929444,0.22144091,0.05809647,-0.74192613,0.232078858,-7.625511365,-3.517212229,-0.544214069,0.481029823,-0.018742605,0.232078858,-7.625511365,-3.517212229,-0.544214069,0.481029823,-0.018742605,3.4510126,-101.11428,-39.146572,-5.7795534,5.305759,-0.21497768
1.583333416,0.3914072,-0.9925847,0.008344784,-1.3206522,0.07411849,-0.36320964,0.39163655,0.6305836,-0.15929444,0.22144091,0.05809647,-0.74192613,0.232078858,-7.625511365,-3.517212229,-0.544214069,0.481029823,-0.018742605,0.232078858,-7.625511365,-3.517212229,-0.544214069,0.481029823,-0.018742605,3.4510126,-101.11428,-39.146572,-5.7795534,5.305759,-0.21497768
1.600000083,0.39789566,-0.98185885,0.005790099,-1.3161007,0.07510392,-0.37591624,0.3904553,0.6311697,-0.17096247,0.21847267,0.057455868,-0.76248914,0.293414867,-7.279050548,-3.344747127,-0.525701248,0.463525404,-0.0206028,0.293414867,-7.279050548,-3.344747127,-0.525701248,0.463525404,-0.0206028,4.363079,-96.52021,-37.227036,-5.5829473,5.112685,-0.23631412
1.600000083,0.39789566,-0.98185885,0.005790099,-1.3161007,0.07510392,-0.37591624,0.3904553,0.6311697,-0.17096247,0.21847267,0.057455868,-0.76248914,0.293414867,-7.279050548,-3.344747127,-0.525701248,0.463525404,-0.0206028,0.293414867,-7.279050548,-3.344747127,-0.525701248,0.463525404,-0.0206028,4.363079,-96.52021,-37.227036,-5.5829473,5.112685,-0.23631412
1.616666751,0.40435874,-0.9711263,0.003044809,-1.3115776,0.0760788,-0.3889606,0.38886997,0.6313151,-0.18254206,0.216101,0.056836404,-0.7826783,0.284990402,-7.403901619,-3.394117809,-0.532875223,0.469619495,-0.02056922,0.284990402,-7.403901619,-3.394117809,-0.532875223,0.469619495,-0.02056922,4.2378073,-98.175735,-37.77653,-5.659135,5.179903,-0.23592895
1.616666751,0.40435874,-0.9711263,0.003044809,-1.3115776,0.0760788,-0.3889606,0.38886997,0.6313151,-0.18254206,0.216101,0.056836404,-0.7826783,0.284990402,-7.403901619,-3.394117809,-0.532875223,0.469619495,-0.02056922,0.284990402,-7.403901619,-3.394117809,-0.532875223,0.469619495,-0.02056922,4.2378073,-98.175735,-37.77653,-5.659135,5.179903,-0.23592895
1.633333419,0.41069996,-0.9605516,0.000269052,-1.3070971,0.07702845,-0.4019564,0.3816858,0.6209195,-0.1855004,0.21118183,0.05564883,-0.77992696,0.207082393,-7.970884735,-3.651810721,-0.564737823,0.4983806,-0.018865364,0.207082393,-7.970884735,-3.651810721,-0.564737823,0.4983806,-0.018865364,3.0793152,-105.69393,-40.644653,-5.9975157,5.497138,-0.21638572
1.633333419,0.41069996,-0.9605516,0.000269052,-1.3070971,0.07702845,-0.4019564,0.3816858,0.6209195,-0.1855004,0.21118183,0.05564883,-0.77992696,0.207082393,-7.970884735,-3.651810721,-0.564737823,0.4983806,-0.018865364,0.207082393,-7.970884735,-3.651810721,-0.564737823,0.4983806,-0.018865364,3.0793152,-105.69393,-40.644653,-5.9975157,5.497138,-0.21638572
1.650000086,0.41701105,-0.9499977,-0.002721267,-1.3026848,0.077972025,-0.41528705,0.3797568,0.62017983,-0.19775456,0.2075817,0.054948818,-0.799928,0.275446219,-7.689929692,-3.515151676,-0.551076124,0.484689797,-0.020942271,0.275446219,-7.689929692,-3.515151676,-0.551076124,0.484689797,-0.020942271,4.0958853,-101.96847,-39.12364,-5.8524284,5.3461285,-0.24020785
1.650000086,0.41701105,-0.9499977,-0.002721267,-1.3026848,0.077972025,-0.41528705,0.3797568,0.62017983,-0.19775456,0.2075817,0.054948818,-0.799928,0.275446219,-7.689929692,-3.515151676,-0.551076124,0.484689797,-0.020942271,0.275446219,-7.689929692,-3.515151676,-0.551076124,0.484689797,-0.020942271,4.0958853,-101.96847,-39.12364,-5.8524284,5.3461285,-0.24020785
1.666666754,0.42328477,-0.93945986,-0.00591288,-1.2983146,0.07890408,-0.42894477,0.37745205,0.61895716,-0.20996104,0.20440441,0.054264892,-0.8194845,0.265346571,-7.814766954,-3.564200868,-0.558232902,0.49071593,-0.020951059,0.265346571,-7.814766954,-3.564200868,-0.558232902,0.49071593,-0.020951059,3.9457035,-103.62381,-39.669556,-5.9284334,5.4125967,-0.24030864
1.683333421,0.42943415,-0.92909163,-0.009137862,-1.294004,0.07981053,-0.4425384,0.3701064,0.6080217,-0.21285604,0.19903691,0.053076383,-0.8158004,0.17760879,-8.294019512,-3.773092731,-0.583385299,0.514043772,-0.019020299,0.17760879,-8.294019512,-3.773092731,-0.583385299,0.514043772,-0.019020299,2.6410427,-109.9787,-41.994522,-6.195552,5.669903,-0.21816283
1.683333421,0.42943415,-0.92909163,-0.009137862,-1.294004,0.07981053,-0.4425384,0.3701064,0.6080217,-0.21285604,0.19903691,0.053076383,-0.8158004,0.17760879,-8.294019512,-3.773092731,-0.583385299,0.514043772,-0.019020299,0.17760879,-8.294019512,-3.773092731,-0.583385299,0.514043772,-0.019020299,2.6410427,-109.9787,-41.994522,-6.195552,5.669903,-0.21816283
1.700000089,0.43554172,-0.918764,-0.012583835,-1.2897644,0.08071053,-0.4564549,0.36748683,0.60595816,-0.22565772,0.19481157,0.0523301,-0.835083,0.251407277,-8.082429244,-3.674315035,-0.574858534,0.504419226,-0.021319511,0.251407277,-8.082429244,-3.674315035,-0.574858534,0.504419226,-0.021319511,3.7384262,-107.17301,-40.895126,-6.1049976,5.563744,-0.24453479
1.700000089,0.43554172,-0.918764,-0.012583835,-1.2897644,0.08071053,-0.4564549,0.36748683,0.60595816,-0.22565772,0.19481157,0.0523301,-0.835083,0.251407277,-8.082429244,-3.674315035,-0.574858534,0.504419226,-0.021319511,0.251407277,-8.082429244,-3.674315035,-0.574858534,0.504419226,-0.021319511,3.7384262,-107.17301,-40.895126,-6.1049976,5.563744,-0.24453479
1.700000089,0.43554172,-0.918764,-0.012583835,-1.2897644,0.08071053,-0.4564549,0.36748683,0.60595816,-0.22565772,0.19481157,0.0523301,-0.835083,0.251407277,-8.082429244,-3.674315035,-0.574858534,0.504419226,-0.021319511,0.251407277,-8.082429244,-3.674315035,-0.574858534,0.504419226,-0.021319511,3.7384262,-107.17301,-40.895126,-6.1049976,5.563744,-0.24453479
1.716666756,0.44160092,-0.9084753,-0.016241135,-1.2855793,0.08159823,-0.47068563,0.36452237,0.6033714,-0.23845018,0.19083339,0.051594846,-0.853853,0.24003322,-8.206620367,-3.722736328,-0.581965653,0.510355395,-0.021370993,0.24003322,-8.206620367,-3.722736328,-0.581965653,0.510355395,-0.021370993,3.569294,-108.819786,-41.434055,-6.180475,5.62922,-0.2451253
1.733333424,0.4475343,-0.89836764,-0.019934153,-1.2814723,0.082460165,-0.4848359,0.35706964,0.59195244,-0.24124269,0.18504506,0.050412524,-0.84919983,0.144821377,-8.593223537,-3.880302176,-0.600077563,0.527974809,-0.019205609,0.144821377,-8.593223537,-3.880302176,-0.600077563,0.527974809,-0.019205609,2.153494,-113.946144,-43.187763,-6.3728237,5.823562,-0.22028834
1.733333424,0.4475343,-0.89836764,-0.019934153,-1.2814723,0.082460165,-0.4848359,0.35706964,0.59195244,-0.24124269,0.18504506,0.050412524,-0.84919983,0.144821377,-8.593223537,-3.880302176,-0.600077563,0.527974809,-0.019205609,0.144821377,-8.593223537,-3.880302176,-0.600077563,0.527974809,-0.019205609,2.153494,-113.946144,-43.187763,-6.3728237,5.823562,-0.22028834
1.750000091,0.45341504,-0.8883198,-0.023853803,-1.2774377,0.08331541,-0.4992946,0.35382318,0.58857733,-0.2545491,0.18020892,0.0496339,-0.867612,0.222537946,-8.454422066,-3.821216525,-0.596933895,0.522642317,-0.021731521,0.222537946,-8.454422066,-3.821216525,-0.596933895,0.522642317,-0.021731521,3.3091393,-112.10564,-42.53014,-6.339438,5.7647448,-0.24926054
1.750000091,0.45341504,-0.8883198,-0.023853803,-1.2774377,0.08331541,-0.4992946,0.35382318,0.58857733,-0.2545491,0.18020892,0.0496339,-0.867612,0.222537946,-8.454422066,-3.821216525,-0.596933895,0.522642317,-0.021731521,0.222537946,-8.454422066,-3.821216525,-0.596933895,0.522642317,-0.021731521,3.3091393,-112.10564,-42.53014,-6.339438,5.7647448,-0.24926054
1.766666759,0.45923743,-0.8783333,-0.02799408,-1.2734714,0.084157795,-0.5140518,0.35026568,0.58463997,-0.26788327,0.17543812,0.04885946,-0.8854446,0.210413776,-8.577475109,-3.868786108,-0.603971643,0.528477239,-0.02182628,0.210413776,-8.577475109,-3.868786108,-0.603971643,0.528477239,-0.02182628,3.1288528,-113.73732,-43.05959,-6.414179,5.829104,-0.25034744
1.783333426,0.46493334,-0.8685387,-0.032171793,-1.2696,0.084974326,-0.528712,0.34276202,0.57279706,-0.27053222,0.16926561,0.047689386,-0.87979203,0.110064791,-8.867142391,-3.972814925,-0.614753012,0.540147515,-0.019416839,0.110064791,-8.867142391,-3.972814925,-0.614753012,0.540147515,-0.019416839,1.6366634,-117.57831,-44.21743,-6.528677,5.957827,-0.22271115
1.783333426,0.46493334,-0.8685387,-0.032171793,-1.2696,0.084974326,-0.528712,0.34276202,0.57279706,-0.27053222,0.16926561,0.047689386,-0.87979203,0.110064791,-8.867142391,-3.972814925,-0.614753012,0.540147515,-0.019416839,0.110064791,-8.867142391,-3.972814925,-0.614753012,0.540147515,-0.019416839,1.6366634,-117.57831,-44.21743,-6.528677,5.957827,-0.22271115
1.783333426,0.46493334,-0.8685387,-0.032171793,-1.2696,0.084974326,-0.528712,0.34276202,0.57279706,-0.27053222,0.16926561,0.047689386,-0.87979203,0.110064791,-8.867142391,-3.972814925,-0.614753012,0.540147515,-0.019416839,0.110064791,-8.867142391,-3.972814925,-0.614753012,0.540147515,-0.019416839,1.6366634,-117.57831,-44.21743,-6.528677,5.957827,-0.22271115
1.800000094,0.4705672,-0.8588224,-0.03658094,-1.2658026,0.085784145,-0.5436635,0.33896068,0.56812865,-0.28429624,0.163835,0.046890847,-0.89718604,0.190412012,-8.804331646,-3.955109314,-0.617226818,0.539319038,-0.022174435,0.190412012,-8.804331646,-3.955109314,-0.617226818,0.539319038,-0.022174435,2.8314266,-116.74544,-44.020367,-6.554949,5.948689,-0.25434077
1.800000094,0.4705672,-0.8588224,-0.03658094,-1.2658026,0.085784145,-0.5436635,0.33896068,0.56812865,-0.28429624,0.163835,0.046890847,-0.89718604,0.190412012,-8.804331646,-3.955109314,-0.617226818,0.539319038,-0.022174435,0.190412012,-8.804331646,-3.955109314,-0.617226818,0.539319038,-0.022174435,2.8314266,-116.74544,-44.020367,-6.554949,5.948689,-0.25434077
1.816666761,0.4761339,-0.8491901,-0.041219205,-1.2620856,0.08658078,-0.5588956,0.33488336,0.5628632,-0.29812336,0.1582881,0.04608881,-0.91393465,0.178044004,-8.925563645,-4.001485477,-0.624159141,0.545028244,-0.02231072,0.178044004,-8.925563645,-4.001485477,-0.624159141,0.545028244,-0.02231072,2.6475143,-118.352974,-44.536533,-6.62857,6.0116615,-0.25590396
1.833333429,0.48157445,-0.83975893,-0.045895938,-1.2584813,0.087351546,-0.57401353,0.32738388,0.55065906,-0.30058673,0.15176775,0.044936407,-0.9072614,0.074650316,-9.114533276,-4.050063744,-0.627359024,0.550540663,-0.019648835,0.074650316,-9.114533276,-4.050063744,-0.627359024,0.550540663,-0.019648835,1.1100502,-120.85871,-45.07721,-6.662553,6.0724635,-0.22537214
1.833333429,0.48157445,-0.83975893,-0.045895938,-1.2584813,0.087351546,-0.57401353,0.32738388,0.55065906,-0.30058673,0.15176775,0.044936407,-0.9072614,0.074650316,-9.114533276,-4.050063744,-0.627359024,0.550540663,-0.019648835,0.074650316,-9.114533276,-4.050063744,-0.627359024,0.550540663,-0.019648835,1.1100502,-120.85871,-45.07721,-6.662553,6.0724635,-0.22537214
1.850000096,0.48694474,-0.8304246,-0.050808046,-1.2549512,0.0881158,-0.58940345,0.32310444,0.5447234,-0.31475934,0.14576654,0.044130113,-0.92349154,0.15661795,-9.130624624,-4.075242803,-0.635662546,0.554411604,-0.022641344,0.15661795,-9.130624624,-4.075242803,-0.635662546,0.554411604,-0.022641344,2.328909,-121.07208,-45.357452,-6.750736,6.11516,-0.25969622
1.850000096,0.48694474,-0.8304246,-0.050808046,-1.2549512,0.0881158,-0.58940345,0.32310444,0.5447234,-0.31475934,0.14576654,0.044130113,-0.92349154,0.15661795,-9.130624624,-4.075242803,-0.635662546,0.554411604,-0.022641344,0.15661795,-9.130624624,-4.075242803,-0.635662546,0.554411604,-0.022641344,2.328909,-121.07208,-45.357452,-6.750736,6.11516,-0.25969622
1.866666764,0.4922406,-0.82119596,-0.0559569,-1.2515141,0.08886666,-0.6050533,0.31858772,0.5381594,-0.32902703,0.13946372,0.043311473,-0.9390146,0.144641802,-9.249448704,-4.12011982,-0.642458328,0.559974603,-0.022818742,0.144641802,-9.249448704,-4.12011982,-0.642458328,0.559974603,-0.022818742,2.1508236,-122.64769,-45.856934,-6.8229074,6.17652,-0.26173097
1.866666764,0.4922406,-0.82119596,-0.0559569,-1.2515141,0.08886666,-0.6050533,0.31858772,0.5381594,-0.32902703,0.13946372,0.043311473,-0.9390146,0.144641802,-9.249448704,-4.12011982,-0.642458328,0.559974603,-0.022818742,0.144641802,-9.249448704,-4.12011982,-0.642458328,0.559974603,-0.022818742,2.1508236,-122.64769,-45.856934,-6.8229074,6.17652,-0.26173097
1.883333432,0.49741143,-0.8121774,-0.06114456,-1.2482066,0.08959171,-0.620572,0.3111473,0.52565795,-0.3312634,0.13263844,0.042181153,-0.9313067,0.03992477,-9.334590676,-4.111660309,-0.637864213,0.559153302,-0.019892848,0.03992477,-9.334590676,-4.111660309,-0.637864213,0.559153302,-0.019892848,0.59368134,-123.77667,-45.76278,-6.774118,6.167461,-0.22817096
1.883333432,0.49741143,-0.8121774,-0.06114456,-1.2482066,0.08959171,-0.620572,0.3111473,0.52565795,-0.3312634,0.13263844,0.042181153,-0.9313067,0.03992477,-9.334590676,-4.111660309,-0.637864213,0.559153302,-0.019892848,0.03992477,-9.334590676,-4.111660309,-0.637864213,0.559153302,-0.019892848,0.59368134,-123.77667,-45.76278,-6.774118,6.167461,-0.22817096
1.900000099,0.5025053,-0.80327326,-0.06657064,-1.2449731,0.09031062,-0.63634104,0.30647323,0.51848984,-0.34579185,0.12609322,0.041377723,-0.9462344,0.122848388,-9.431825756,-4.180870159,-0.652165108,0.567878817,-0.023123786,0.122848388,-9.431825756,-4.180870159,-0.652165108,0.567878817,-0.023123786,1.8267555,-125.06601,-46.533085,-6.9259934,6.2637033,-0.26522982
1.900000099,0.5025053,-0.80327326,-0.06657064,-1.2449731,0.09031062,-0.63634104,0.30647323,0.51848984,-0.34579185,0.12609322,0.041377723,-0.9462344,0.122848388,-9.431825756,-4.180870159,-0.652165108,0.567878817,-0.023123786,0.122848388,-9.431825756,-4.180870159,-0.652165108,0.567878817,-0.023123786,1.8267555,-125.06601,-46.533085,-6.9259934,6.2637033,-0.26522982
1.916666767,0.5075186,-0.7944959,-0.072240174,-1.2418444,0.09101613,-0.65234756,0.3016018,0.5106655,-0.36044398,0.11906248,0.04055248,-0.96039647,0.111832968,-9.547646409,-4.223923456,-0.658786813,0.573269195,-0.023339441,0.111832968,-9.547646409,-4.223923456,-0.658786813,0.573269195,-0.023339441,1.6629562,-126.60179,-47.012268,-6.996316,6.323159,-0.26770338
1.933333434,0.5124091,-0.7859365,-0.077948056,-1.238863,0.091695964,-0.66820526,0.2942744,0.4979347,-0.36241183,0.11197597,0.03944825,-0.95164746,0.007108754,-9.526381342,-4.157124782,-0.646223636,0.565968831,-0.020140446,0.007108754,-9.526381342,-4.157124782,-0.646223636,0.565968831,-0.020140446,0.10570717,-126.31982,-46.2688,-6.862895,6.242636,-0.23101091
1.933333434,0.5124091,-0.7859365,-0.077948056,-1.238863,0.091695964,-0.66820526,0.2942744,0.4979347,-0.36241183,0.11197597,0.03944825,-0.95164746,0.007108754,-9.526381342,-4.157124782,-0.646223636,0.565968831,-0.020140446,0.007108754,-9.526381342,-4.157124782,-0.646223636,0.565968831,-0.020140446,0.10570717,-126.31982,-46.2688,-6.862895,6.242636,-0.23101091
1.950000102,0.5172174,-0.77750844,-0.08389647,-1.2359537,0.09237015,-0.6842894,0.2892933,0.48957533,-0.37724048,0.10491944,0.03865698,-0.9651404,0.090739129,-9.70673482,-4.271345318,-0.666667692,0.57968527,-0.023612211,0.090739129,-9.70673482,-4.271345318,-0.666667692,0.57968527,-0.023612211,1.3492908,-128.7113,-47.540073,-7.080011,6.3939285,-0.27083206
1.950000102,0.5172174,-0.77750844,-0.08389647,-1.2359537,0.09237015,-0.6842894,0.2892933,0.48957533,-0.37724048,0.10491944,0.03865698,-0.9651404,0.090739129,-9.70673482,-4.271345318,-0.666667692,0.57968527,-0.023612211,0.090739129,-9.70673482,-4.271345318,-0.666667692,0.57968527,-0.023612211,1.3492908,-128.7113,-47.540073,-7.080011,6.3939285,-0.27083206
1.950000102,0.5172174,-0.77750844,-0.08389647,-1.2359537,0.09237015,-0.6842894,0.2892933,0.48957533,-0.37724048,0.10491944,0.03865698,-0.9651404,0.090739129,-9.70673482,-4.271345318,-0.666667692,0.57968527,-0.023612211,0.090739129,-9.70673482,-4.271345318,-0.666667692,0.57968527,-0.023612211,1.3492908,-128.7113,-47.540073,-7.080011,6.3939285,-0.27083206
1.966666769,0.5219407,-0.7692277,-0.09009404,-1.2331604,0.09303105,-0.7005864,0.2841565,0.480535,-0.39221835,0.097195216,0.037833653,-0.9778134,0.081263826,-9.81902731,-4.312281853,-0.673081781,0.584880504,-0.023861602,0.081263826,-9.81902731,-4.312281853,-0.673081781,0.584880504,-0.023861602,1.2083931,-130.2003,-47.995697,-7.1481285,6.451232,-0.27369258
1.983333437,0.52654403,-0.7611713,-0.09632879,-1.230531,0.09366642,-0.7167171,0.27699432,0.4676449,-0.3938773,0.08989558,0.036758438,-0.96802557,-0.022712841,-9.689221735,-4.186069526,-0.652396926,0.570976399,-0.020380078,-0.022712841,-9.689221735,-4.186069526,-0.652396926,0.570976399,-0.020380078,-0.33773994,-128.47908,-46.590954,-6.9284554,6.2978697,-0.2337595
1.983333437,0.52654403,-0.7611713,-0.09632879,-1.230531,0.09366642,-0.7167171,0.27699432,0.4676449,-0.3938773,0.08989558,0.036758438,-0.96802557,-0.022712841,-9.689221735,-4.186069526,-0.652396926,0.570976399,-0.020380078,-0.022712841,-9.689221735,-4.186069526,-0.652396926,0.570976399,-0.020380078,-0.33773994,-128.47908,-46.590954,-6.9284554,6.2978697,-0.2337595
2.000000104,0.5310612,-0.7532623,-0.102805205,-1.2279716,0.094296806,-0.73304856,0.2717981,0.45814067,-0.40894833,0.0823621,0.03598795,-0.9799593,0.061843631,-9.95437484,-4.346109957,-0.679110673,0.589801567,-0.024093897,0.061843631,-9.95437484,-4.346109957,-0.679110673,0.589801567,-0.024093897,0.9196148,-131.99501,-48.372204,-7.2121553,6.5055113,-0.276357
2.000000104,0.5310612,-0.7532623,-0.102805205,-1.2279716,0.094296806,-0.73304856,0.2717981,0.45814067,-0.40894833,0.0823621,0.03598795,-0.9799593,0.061843631,-9.95437484,-4.346109957,-0.679110673,0.589801567,-0.024093897,0.061843631,-9.95437484,-4.346109957,-0.679110673,0.589801567,-0.024093897,0.9196148,-131.99501,-48.372204,-7.2121553,6.5055113,-0.276357
2.016666772,0.53549045,-0.7455205,-0.10953551,-1.2255396,0.09491415,-0.74956626,0.2664899,0.44793606,-0.42419112,0.07398292,0.03517397,-0.9910221,0.054441913,-10.06239349,-4.384513642,-0.685263713,0.594760198,-0.024373519,0.054441913,-10.06239349,-4.384513642,-0.685263713,0.594760198,-0.024373519,0.80955124,-133.42734,-48.799637,-7.2775006,6.560205,-0.27956426
2.033333439,0.53980356,-0.7380083,-0.116301015,-1.2232871,0.09550613,-0.7658999,0.25954366,0.43495736,-0.42550084,0.066522434,0.034129377,-0.9802036,-0.048592753,-9.822592297,-4.198151115,-0.656342057,0.574158066,-0.020598526,-0.048592753,-9.822592297,-4.198151115,-0.656342057,0.574158066,-0.020598526,-0.72257423,-130.24757,-46.72542,-6.9703526,6.3329635,-0.2362651
2.033333439,0.53980356,-0.7380083,-0.116301015,-1.2232871,0.09550613,-0.7658999,0.25954366,0.43495736,-0.42550084,0.066522434,0.034129377,-0.9802036,-0.048592753,-9.822592297,-4.198151115,-0.656342057,0.574158066,-0.020598526,-0.048592753,-9.822592297,-4.198151115,-0.656342057,0.574158066,-0.020598526,-0.72257423,-130.24757,-46.72542,-6.9703526,6.3329635,-0.2362651
2.033333439,0.53980356,-0.7380083,-0.116301015,-1.2232871,0.09550613,-0.7658999,0.25954366,0.43495736,-0.42550084,0.066522434,0.034129377,-0.9802036,-0.048592753,-9.822592297,-4.198151115,-0.656342057,0.574158066,-0.020598526,-0.048592753,-9.822592297,-4.198151115,-0.656342057,0.574158066,-0.020598526,-0.72257423,-130.24757,-46.72542,-6.9703526,6.3329635,-0.2362651
2.050000107,0.54402846,-0.73065925,-0.123308435,-1.221101,0.09609393,-0.78240657,0.2542282,0.4243617,-0.4407556,0.058553323,0.03338639,-0.9904638,0.037544882,-10.17359278,-4.404491277,-0.689409412,0.598174317,-0.024555396,0.037544882,-10.17359278,-4.404491277,-0.689409412,0.598174317,-0.024555396,0.5582924,-134.90184,-49.021988,-7.321528,6.5978627,-0.2816504
2.050000107,0.54402846,-0.73065925,-0.123308435,-1.221101,0.09609393,-0.78240657,0.2542282,0.4243617,-0.4407556,0.058553323,0.03338639,-0.9904638,0.037544882,-10.17359278,-4.404491277,-0.689409412,0.598174317,-0.024555396,0.037544882,-10.17359278,-4.404491277,-0.689409412,0.598174317,-0.024555396,0.5582924,-134.90184,-49.021988,-7.321528,6.5978627,-0.2816504
2.066666774,0.54816407,-0.723496,-0.13057324,-1.2190528,0.096668996,-0.7990709,0.24884419,0.41305268,-0.4561989,0.049562614,0.03258673,-0.9998071,0.032598345,-10.27649639,-4.439864797,-0.695234144,0.602845549,-0.024858868,0.032598345,-10.27649639,-4.439864797,-0.695234144,0.602845549,-0.024858868,0.4847374,-136.26634,-49.415695,-7.3833866,6.6493864,-0.28513122
2.083333442,0.5521882,-0.7165666,-0.1378706,-1.2171996,0.09721885,-0.8155342,0.24216129,0.40005702,-0.45712045,0.041994974,0.031574655,-0.98797756,-0.069872196,-9.925999936,-4.193003158,-0.658004387,0.575486769,-0.020782336,-0.069872196,-9.925999936,-4.193003158,-0.658004387,0.575486769,-0.020782336,-1.0389996,-131.61876,-46.668125,-6.9880066,6.347619,-0.2383734
2.083333442,0.5521882,-0.7165666,-0.1378706,-1.2171996,0.09721885,-0.8155342,0.24216129,0.40005702,-0.45712045,0.041994974,0.031574655,-0.98797756,-0.069872196,-9.925999936,-4.193003158,-0.658004387,0.575486769,-0.020782336,-0.069872196,-9.925999936,-4.193003158,-0.658004387,0.575486769,-0.020782336,-1.0389996,-131.61876,-46.668125,-6.9880066,6.347619,-0.2383734
2.10000011,0.55612344,-0.70981455,-0.14540912,-1.2154082,0.097765364,-0.8321406,0.23682362,0.3884302,-0.47249767,0.03363171,0.030864427,-0.99645805,0.018926234,-10.36329082,-4.445790773,-0.697469487,0.604739928,-0.024980998,0.018926234,-10.36329082,-4.445790773,-0.697469487,0.604739928,-0.024980998,0.2814331,-137.41724,-49.48165,-7.407126,6.6702814,-0.28653204
2.10000011,0.55612344,-0.70981455,-0.14540912,-1.2154082,0.097765364,-0.8321406,0.23682362,0.3884302,-0.47249767,0.03363171,0.030864427,-0.99645805,0.018926234,-10.36329082,-4.445790773,-0.697469487,0.604739928,-0.024980998,0.018926234,-10.36329082,-4.445790773,-0.697469487,0.604739928,-0.024980998,0.2814331,-137.41724,-49.48165,-7.407126,6.6702814,-0.28653204
2.116666777,0.5599697,-0.703266,-0.15320756,-1.2137647,0.09829957,-0.848874,0.23146242,0.37608007,-0.48807615,0.024080237,0.030083524,-1.0039811,0.016844954,-10.46044535,-4.477753686,-0.7029079,0.609078887,-0.025302408,0.016844954,-10.46044535,-4.477753686,-0.7029079,0.609078887,-0.025302408,0.25048447,-138.7055,-49.8374,-7.464882,6.71814,-0.29021862
2.116666777,0.5599697,-0.703266,-0.15320756,-1.2137647,0.09829957,-0.848874,0.23146242,0.37608007,-0.48807615,0.024080237,0.030083524,-1.0039811,0.016844954,-10.46044535,-4.477753686,-0.7029079,0.609078887,-0.025302408,0.016844954,-10.46044535,-4.477753686,-0.7029079,0.609078887,-0.025302408,0.25048447,-138.7055,-49.8374,-7.464882,6.71814,-0.29021862
2.133333445,0.56370986,-0.6969545,-0.16103503,-1.2123309,0.09880871,-0.8653905,0.2250877,0.36314037,-0.48857224,0.016463123,0.029104395,-0.99116766,-0.086089406,-9.998899204,-4.170196204,-0.657311492,0.574916985,-0.020916722,-0.086089406,-9.998899204,-4.170196204,-0.657311492,0.574916985,-0.020916722,-1.2801495,-132.5854,-46.414284,-6.980648,6.3413343,-0.2399148
2.133333445,0.56370986,-0.6969545,-0.16103503,-1.2123309,0.09880871,-0.8653905,0.2250877,0.36314037,-0.48857224,0.016463123,0.029104395,-0.99116766,-0.086089406,-9.998899204,-4.170196204,-0.657311492,0.574916985,-0.020916722,-0.086089406,-9.998899204,-4.170196204,-0.657311492,0.574916985,-0.020916722,-1.2801495,-132.5854,-46.414284,-6.980648,6.3413343,-0.2399148
2.150000112,0.56736225,-0.6908338,-0.16910186,-1.210954,0.09931541,-0.88201904,0.21982725,0.3505467,-0.5040091,0.007751855,0.028429816,-0.9977723,0.006908784,-10.52250697,-4.469362381,-0.703187716,0.609427156,-0.025354665,0.006908784,-10.52250697,-4.469362381,-0.703187716,0.609427156,-0.025354665,0.10273361,-139.52844,-49.744003,-7.4678535,6.7219815,-0.290818
2.150000112,0.56736225,-0.6908338,-0.16910186,-1.210954,0.09931541,-0.88201904,0.21982725,0.3505467,-0.5040091,0.007751855,0.028429816,-0.9977723,0.006908784,-10.52250697,-4.469362381,-0.703187716,0.609427156,-0.025354665,0.006908784,-10.52250697,-4.469362381,-0.703187716,0.609427156,-0.025354665,0.10273361,-139.52844,-49.744003,-7.4678535,6.7219815,-0.290818
2.16666678,0.5709278,-0.68493307,-0.17742996,-1.2097336,0.099810176,-0.8987428,0.2145882,0.3372264,-0.5196554,-0.002304443,0.027670382,-1.0033866,0.007910815,-10.6129711,-4.497355678,-0.708154635,0.613367828,-0.025686879,0.007910815,-10.6129711,-4.497355678,-0.708154635,0.613367828,-0.025686879,0.11763382,-140.728,-50.05557,-7.520602,6.765447,-0.2946285
2.183333447,0.57439286,-0.67927104,-0.18578291,-1.2087371,0.10028006,-0.91523373,0.20856227,0.32441598,-0.51969016,-0.009911246,0.026723932,-0.98962224,-0.097059033,-10.04082405,-4.129300113,-0.654175681,0.572388581,-0.020985452,-0.097059033,-10.04082405,-4.129300113,-0.654175681,0.572388581,-0.020985452,-1.4432678,-133.14133,-45.95911,-6.9473457,6.313446,-0.24070314
2.183333447,0.57439286,-0.67927104,-0.18578291,-1.2087371,0.10028006,-0.91523373,0.20856227,0.32441598,-0.51969016,-0.009911246,0.026723932,-0.98962224,-0.097059033,-10.04082405,-4.129300113,-0.654175681,0.572388581,-0.020985452,-0.097059033,-10.04082405,-4.129300113,-0.654175681,0.572388581,-0.020985452,-1.4432678,-133.14133,-45.95911,-6.9473457,6.313446,-0.24070314
2.200000115,0.5777731,-0.67381203,-0.19437246,-1.2077918,0.100748435,-0.93180394,0.2034792,0.31092426,-0.53512466,-0.018920299,0.02608603,-0.99426824,0.00208205,-10.65028724,-4.474523704,-0.706447316,0.612151136,-0.025659345,0.00208205,-10.65028724,-4.474523704,-0.706447316,0.612151136,-0.025659345,0.030960083,-141.22281,-49.80145,-7.5024705,6.752027,-0.2943127
2.200000115,0.5777731,-0.67381203,-0.19437246,-1.2077918,0.100748435,-0.93180394,0.2034792,0.31092426,-0.53512466,-0.018920299,0.02608603,-0.99426824,0.00208205,-10.65028724,-4.474523704,-0.706447316,0.612151136,-0.025659345,0.00208205,-10.65028724,-4.474523704,-0.706447316,0.612151136,-0.025659345,0.030960083,-141.22281,-49.80145,-7.5024705,6.752027,-0.2943127
2.200000115,0.5777731,-0.67381203,-0.19437246,-1.2077918,0.100748435,-0.93180394,0.2034792,0.31092426,-0.53512466,-0.018920299,0.02608603,-0.99426824,0.00208205,-10.65028724,-4.474523704,-0.706447316,0.612151136,-0.025659345,0.00208205,-10.65028724,-4.474523704,-0.706447316,0.612151136,-0.025659345,0.030960083,-141.22281,-49.80145,-7.5024705,6.752027,-0.2943127
2.216666782,0.58107007,-0.6685886,-0.2032235,-1.2070106,0.10120531,-0.9484362,0.19846182,0.29670903,-0.55077076,-0.029419813,0.025348684,-0.99789184,0.006267442,-10.73307595,-4.4979589,-0.710847643,0.615617868,-0.025993606,0.006267442,-10.73307595,-4.4979589,-0.710847643,0.615617868,-0.025993606,0.09319687,-142.32059,-50.062283,-7.549202,6.790265,-0.29814667
2.23333345,0.58427316,-0.66360414,-0.21209446,-1.2064666,0.10163742,-0.96482056,0.19282264,0.28410104,-0.55031127,-0.03695307,0.024435064,-0.98322034,-0.102782875,-10.05130958,-4.069861098,-0.64849647,0.567827761,-0.020973818,-0.102782875,-10.05130958,-4.069861098,-0.64849647,0.567827761,-0.020973818,-1.5283813,-133.28036,-45.297554,-6.8870325,6.26314,-0.2405697
2.23333345,0.58427316,-0.66360414,-0.21209446,-1.2064666,0.10163742,-0.96482056,0.19282264,0.28410104,-0.55031127,-0.03695307,0.024435064,-0.98322034,-0.102782875,-10.05130958,-4.069861098,-0.64849647,0.567827761,-0.020973818,-0.102782875,-10.05130958,-4.069861098,-0.64849647,0.567827761,-0.020973818,-1.5283813,-133.28036,-45.297554,-6.8870325,6.26314,-0.2405697
2.250000117,0.58739597,-0.65883416,-0.22119822,-1.2059661,0.102068946,-0.98125046,0.18801646,0.26978415,-0.56567687,-0.046206683,0.023833632,-0.98583424,0.004682304,-10.74549012,-4.460466904,-0.70709841,0.612796055,-0.025876559,0.004682304,-10.74549012,-4.460466904,-0.70709841,0.612796055,-0.025876559,0.069625854,-142.4852,-49.644997,-7.509385,6.7591405,-0.29680413
2.250000117,0.58739597,-0.65883416,-0.22119822,-1.2059661,0.102068946,-0.98125046,0.18801646,0.26978415,-0.56567687,-0.046206683,0.023833632,-0.98583424,0.004682304,-10.74549012,-4.460466904,-0.70709841,0.612796055,-0.025876559,0.004682304,-10.74549012,-4.460466904,-0.70709841,0.612796055,-0.025876559,0.069625854,-142.4852,-49.644997,-7.509385,6.7591405,-0.29680413
2.266666785,0.5904408,-0.6543139,-0.23056252,-1.2056375,0.102489315,-0.99770826,0.18331972,0.2547556,-0.581254,-0.05708533,0.023117555,-0.9874046,0.012040026,-10.81951136,-4.478702391,-0.710825193,0.615703638,-0.026204507,0.012040026,-10.81951136,-4.478702391,-0.710825193,0.615703638,-0.026204507,0.17903519,-143.46672,-49.847958,-7.5489635,6.791211,-0.3005657
2.283333452,0.59339905,-0.6500316,-0.23994108,-1.205558,0.10288503,-1.0139037,0.17809981,0.24242242,-0.5802692,-0.06448038,0.0222351,-0.97187424,-0.103587886,-10.02988743,-3.991392124,-0.64015384,0.561141795,-0.020865556,-0.103587886,-10.02988743,-3.991392124,-0.64015384,0.561141795,-0.020865556,-1.5403519,-132.9963,-44.424194,-6.798434,6.189394,-0.23932792
2.283333452,0.59339905,-0.6500316,-0.23994108,-1.205558,0.10288503,-1.0139037,0.17809981,0.24242242,-0.5802692,-0.06448038,0.0222351,-0.97187424,-0.103587886,-10.02988743,-3.991392124,-0.64015384,0.561141795,-0.020865556,-0.103587886,-10.02988743,-3.991392124,-0.64015384,0.561141795,-0.020865556,-1.5403519,-132.9963,-44.424194,-6.798434,6.189394,-0.23932792
2.283333452,0.59339905,-0.6500316,-0.23994108,-1.205558,0.10288503,-1.0139037,0.17809981,0.24242242,-0.5802692,-0.06448038,0.0222351,-0.97187424,-0.103587886,-10.02988743,-3.991392124,-0.64015384,0.561141795,-0.020865556,-0.103587886,-10.02988743,-3.991392124,-0.64015384,0.561141795,-0.020865556,-1.5403519,-132.9963,-44.424194,-6.798434,6.189394,-0.23932792
2.30000012,0.5962829,-0.6459739,-0.2495476,-1.2055142,0.103280984,-1.0301086,0.17366849,0.22735888,-0.5955031,-0.07392277,0.021667706,-0.9723983,0.014623348,-10.80702009,-4.426393055,-0.704981288,0.611235419,-0.025989057,0.014623348,-10.80702009,-4.426393055,-0.704981288,0.611235419,-0.025989057,0.21744919,-143.30109,-49.265755,-7.4869013,6.7419267,-0.29809448
2.30000012,0.5962829,-0.6459739,-0.2495476,-1.2055142,0.103280984,-1.0301086,0.17366849,0.22735888,-0.5955031,-0.07392277,0.021667706,-0.9723983,0.014623348,-10.80702009,-4.426393055,-0.704981288,0.611235419,-0.025989057,0.014623348,-10.80702009,-4.426393055,-0.704981288,0.611235419,-0.025989057,0.21744919,-143.30109,-49.265755,-7.4869013,6.7419267,-0.29809448
2.316666787,0.59909576,-0.64217865,-0.25941265,-1.205648,0.10366612,-1.0463071,0.16938993,0.21160097,-0.6109411,-0.08510948,0.020970855,-0.9718615,0.025047195,-10.87126005,-4.438807787,-0.707925556,0.613496915,-0.026301976,0.025047195,-10.87126005,-4.438807787,-0.707925556,0.613496915,-0.026301976,0.37245178,-144.15291,-49.40393,-7.5181694,6.766871,-0.30168366
2.333333455,0.60182947,-0.63861877,-0.2692857,-1.2060428,0.10402668,-1.0622306,0.16461782,0.19961269,-0.60940313,-0.092300534,0.020117827,-0.9555309,-0.099957126,-9.976177877,-3.89342398,-0.629019962,0.55222922,-0.020646885,-0.099957126,-9.976177877,-3.89342398,-0.629019962,0.55222922,-0.020646885,-1.4863625,-132.28412,-43.33381,-6.680192,6.0910883,-0.23681977
2.333333455,0.60182947,-0.63861877,-0.2692857,-1.2060428,0.10402668,-1.0622306,0.16461782,0.19961269,-0.60940313,-0.092300534,0.020117827,-0.9555309,-0.099957126,-9.976177877,-3.89342398,-0.629019962,0.55222922,-0.020646885,-0.099957126,-9.976177877,-3.89342398,-0.629019962,0.55222922,-0.020646885,-1.4863625,-132.28412,-43.33381,-6.680192,6.0910883,-0.23681977
2.350000123,0.6044967,-0.6352925,-0.27938095,-1.2064643,0.104388244,-1.0781294,0.16065836,0.1838823,-0.62444013,-0.10187321,0.01957985,-0.95391583,0.031569634,-10.83394046,-4.371551212,-0.699927757,0.607335686,-0.025980495,0.031569634,-10.83394046,-4.371551212,-0.699927757,0.607335686,-0.025980495,0.46944046,-143.65805,-48.655365,-7.433233,6.6989126,-0.29799628
2.350000123,0.6044967,-0.6352925,-0.27938095,-1.2064643,0.104388244,-1.0781294,0.16065836,0.1838823,-0.62444013,-0.10187321,0.01957985,-0.95391583,0.031569634,-10.83394046,-4.371551212,-0.699927757,0.607335686,-0.025980495,0.031569634,-10.83394046,-4.371551212,-0.699927757,0.607335686,-0.025980495,0.46944046,-143.65805,-48.655365,-7.433233,6.6989126,-0.29799628
2.36666679,0.6071013,-0.6322402,-0.2897313,-1.2070688,0.10473924,-1.0939839,0.15689257,0.16748288,-0.63967025,-0.11329103,0.018897953,-0.95122707,0.044742012,-10.88722885,-4.377453882,-0.701964732,0.608850239,-0.026268565,0.044742012,-10.88722885,-4.377453882,-0.701964732,0.608850239,-0.026268565,0.6653137,-144.36465,-48.72106,-7.4548655,6.715618,-0.30130044
2.36666679,0.6071013,-0.6322402,-0.2897313,-1.2070688,0.10473924,-1.0939839,0.15689257,0.16748288,-0.63967025,-0.11329103,0.018897953,-0.95122707,0.044742012,-10.88722885,-4.377453882,-0.701964732,0.608850239,-0.026268565,0.044742012,-10.88722885,-4.377453882,-0.701964732,0.608850239,-0.026268565,0.6653137,-144.36465,-48.72106,-7.4548655,6.715618,-0.30130044
2.383333458,0.609635,-0.62941915,-0.30008313,-1.207944,0.105065696,-1.1095508,0.1525918,0.15590887,-0.63755435,-0.120209776,0.018072626,-0.9341608,-0.092628392,-9.889688391,-3.775414795,-0.614945094,0.540965271,-0.02030374,-0.092628392,-9.889688391,-3.775414795,-0.614945094,0.540965271,-0.02030374,-1.3773842,-131.13727,-42.020367,-6.530717,5.966847,-0.2328839
2.383333458,0.609635,-0.62941915,-0.30008313,-1.207944,0.105065696,-1.1095508,0.1525918,0.15590887,-0.63755435,-0.120209776,0.018072626,-0.9341608,-0.092628392,-9.889688391,-3.775414795,-0.614945094,0.540965271,-0.02030374,-0.092628392,-9.889688391,-3.775414795,-0.614945094,0.540965271,-0.02030374,-1.3773842,-131.13727,-42.020367,-6.530717,5.966847,-0.2328839
2.400000125,0.61211115,-0.6268397,-0.3106502,-1.2088368,0.10539385,-1.1250576,0.14919685,0.13959512,-0.6523289,-0.12985256,0.01755839,-0.9303762,0.054722307,-10.82509589,-4.295066361,-0.691740392,0.600934223,-0.025834209,0.054722307,-10.82509589,-4.295066361,-0.691740392,0.600934223,-0.025834209,0.8137207,-143.54077,-47.80409,-7.346283,6.6283045,-0.29631838
2.400000125,0.61211115,-0.6268397,-0.3106502,-1.2088368,0.10539385,-1.1250576,0.14919685,0.13959512,-0.6523289,-0.12985256,0.01755839,-0.9303762,0.054722307,-10.82509589,-4.295066361,-0.691740392,0.600934223,-0.025834209,0.054722307,-10.82509589,-4.295066361,-0.691740392,0.600934223,-0.025834209,0.8137207,-143.54077,-47.80409,-7.346283,6.6283045,-0.29631838
2.416666793,0.61453485,-0.6245441,-0.32146809,-1.2099168,0.105711535,-1.1404843,0.14603624,0.122645095,-0.6672825,-0.14142197,0.016885495,-0.925512,0.070313311,-10.86636712,-4.293817758,-0.692747676,0.601603308,-0.026088979,0.070313311,-10.86636712,-4.293817758,-0.692747676,0.601603308,-0.026088979,1.0455589,-144.08803,-47.79019,-7.3569803,6.6356845,-0.2992406
2.43333346,0.6168959,-0.62247443,-0.3322802,-1.2112767,0.106004655,-1.155612,0.14222531,0.11155046,-0.66456646,-0.14799985,0.016085545,-0.9077785,-0.082492893,-9.770140497,-3.63692449,-0.597781291,0.527224925,-0.019825127,-0.082492893,-9.770140497,-3.63692449,-0.597781291,0.527224925,-0.019825127,-1.2266693,-129.55206,-40.47897,-6.3484373,5.815291,-0.22739421
2.43333346,0.6168959,-0.62247443,-0.3322802,-1.2112767,0.106004655,-1.155612,0.14222531,0.11155046,-0.66456646,-0.14799985,0.016085545,-0.9077785,-0.082492893,-9.770140497,-3.63692449,-0.597781291,0.527224925,-0.019825127,-0.082492893,-9.770140497,-3.63692449,-0.597781291,0.527224925,-0.019825127,-1.2266693,-129.55206,-40.47897,-6.3484373,5.815291,-0.22739421
2.450000128,0.61921006,-0.6206533,-0.34329954,-1.2126435,0.10629997,-1.1706419,0.1394848,0.0947395,-0.6790146,-0.15764803,0.015586582,-0.9018018,0.083091136,-10.77948523,-4.196143686,-0.680219925,0.591866319,-0.025535932,0.083091136,-10.77948523,-4.196143686,-0.680219925,0.591866319,-0.025535932,1.2355652,-142.93597,-46.70308,-7.2239356,6.5282855,-0.29289714
2.450000128,0.61921006,-0.6206533,-0.34329954,-1.2126435,0.10629997,-1.1706419,0.1394848,0.0947395,-0.6790146,-0.15764803,0.015586582,-0.9018018,0.083091136,-10.77948523,-4.196143686,-0.680219925,0.591866319,-0.025535932,0.083091136,-10.77948523,-4.196143686,-0.680219925,0.591866319,-0.025535932,1.2355652,-142.93597,-46.70308,-7.2239356,6.5282855,-0.29289714
2.450000128,0.61921006,-0.6206533,-0.34329954,-1.2126435,0.10629997,-1.1706419,0.1394848,0.0947395,-0.6790146,-0.15764803,0.015586582,-0.9018018,0.083091136,-10.77948523,-4.196143686,-0.680219925,0.591866319,-0.025535932,0.083091136,-10.77948523,-4.196143686,-0.680219925,0.591866319,-0.025535932,1.2355652,-142.93597,-46.70308,-7.2239356,6.5282855,-0.29289714
2.466666795,0.6214833,-0.61912405,-0.35456416,-1.2142006,0.106584795,-1.1855559,0.13701658,0.07733275,-0.6936242,-0.16928467,0.014915293,-0.8947502,0.100562552,-10.80761963,-4.187081638,-0.680070004,0.591583892,-0.025749035,0.100562552,-10.80761963,-4.187081638,-0.680070004,0.591583892,-0.025749035,1.4953651,-143.30904,-46.60222,-7.2223434,6.5251703,-0.29534143
2.483333463,0.6237025,-0.6178142,-0.36581564,-1.216045,0.10684503,-1.2001615,0.13370837,0.066779725,-0.6902904,-0.1754543,0.014138669,-0.876429,-0.070624746,-9.617267223,-3.477518813,-0.577376746,0.510875636,-0.019201662,-0.070624746,-9.617267223,-3.477518813,-0.577376746,0.510875636,-0.019201662,-1.05019,-127.52496,-38.704784,-6.131741,5.6349583,-0.22024307
2.483333463,0.6237025,-0.6178142,-0.36581564,-1.216045,0.10684503,-1.2001615,0.13370837,0.066779725,-0.6902904,-0.1754543,0.014138669,-0.876429,-0.070624746,-9.617267223,-3.477518813,-0.577376746,0.510875636,-0.019201662,-0.070624746,-9.617267223,-3.477518813,-0.577376746,0.510875636,-0.019201662,-1.05019,-127.52496,-38.704784,-6.131741,5.6349583,-0.22024307
2.50000013,0.62588704,-0.61675847,-0.3772654,-1.2178855,0.10710777,-1.2146307,0.13170747,0.049559414,-0.7043481,-0.18504187,0.013645954,-0.8682541,0.115361627,-10.69622817,-4.074037728,-0.665166194,0.579961516,-0.025073762,0.115361627,-10.69622817,-4.074037728,-0.665166194,0.579961516,-0.025073762,1.7154274,-141.83199,-45.34404,-7.064065,6.3969755,-0.28759605
2.50000013,0.62588704,-0.61675847,-0.3772654,-1.2178855,0.10710777,-1.2146307,0.13170747,0.049559414,-0.7043481,-0.18504187,0.013645954,-0.8682541,0.115361627,-10.69622817,-4.074037728,-0.665166194,0.579961516,-0.025073762,0.115361627,-10.69622817,-4.074037728,-0.665166194,0.579961516,-0.025073762,1.7154274,-141.83199,-45.34404,-7.064065,6.3969755,-0.28759605
2.516666798,0.62804335,-0.61600107,-0.38895386,-1.2199181,0.10735986,-1.2289492,0.1300139,0.031789906,-0.7185462,-0.1966601,0.012967508,-0.85901654,0.134072884,-10.71024301,-4.056571693,-0.66373694,0.57862836,-0.025237669,0.134072884,-10.71024301,-4.056571693,-0.66373694,0.57862836,-0.025237669,1.9936638,-142.01782,-45.149643,-7.0488863,6.382271,-0.28947607
2.533333465,0.6301544,-0.61545485,-0.40062132,-1.2222443,0.107587315,-1.2429509,0.1272161,0.021836452,-0.7145804,-0.20235567,0.012210758,-0.84019065,-0.05817067,-9.430951195,-3.296860166,-0.553587332,0.491787451,-0.018427952,-0.05817067,-9.430951195,-3.296860166,-0.553587332,0.491787451,-0.018427952,-0.86499786,-125.05441,-36.694054,-5.8790975,5.4244156,-0.2113686
2.533333465,0.6301544,-0.61545485,-0.40062132,-1.2222443,0.107587315,-1.2429509,0.1272161,0.021836452,-0.7145804,-0.20235567,0.012210758,-0.84019065,-0.05817067,-9.430951195,-3.296860166,-0.553587332,0.491787451,-0.018427952,-0.05817067,-9.430951195,-3.296860166,-0.553587332,0.491787451,-0.018427952,-0.86499786,-125.05441,-36.694054,-5.8790975,5.4244156,-0.2113686
2.533333465,0.6301544,-0.61545485,-0.40062132,-1.2222443,0.107587315,-1.2429509,0.1272161,0.021836452,-0.7145804,-0.20235567,0.012210758,-0.84019065,-0.05817067,-9.430951195,-3.296860166,-0.553587332,0.491787451,-0.018427952,-0.05817067,-9.430951195,-3.296860166,-0.553587332,0.491787451,-0.018427952,-0.86499786,-125.05441,-36.694054,-5.8790975,5.4244156,-0.2113686
2.550000133,0.632244,-0.61516726,-0.41247708,-1.224555,0.10781736,-1.256783,0.12603424,0.004295553,-0.72818494,-0.21181451,0.011712188,-0.8298258,0.149961727,-10.57455141,-3.928081173,-0.646381683,0.565049568,-0.024438977,0.149961727,-10.57455141,-3.928081173,-0.646381683,0.565049568,-0.024438977,2.2299309,-140.21855,-43.719543,-6.8645735,6.2324967,-0.28031507
2.550000133,0.632244,-0.61516726,-0.41247708,-1.224555,0.10781736,-1.256783,0.12603424,0.004295553,-0.72818494,-0.21181451,0.011712188,-0.8298258,0.149961727,-10.57455141,-3.928081173,-0.646381683,0.565049568,-0.024438977,0.149961727,-10.57455141,-3.928081173,-0.646381683,0.565049568,-0.024438977,2.2299309,-140.21855,-43.719543,-6.8645735,6.2324967,-0.28031507
2.566666801,0.63431996,-0.61518335,-0.42456385,-1.2270586,0.10803637,-1.2704246,0.12519245,-0.013742321,-0.74190694,-0.22332522,0.011017135,-0.8184089,0.169243264,-10.57363427,-3.901727202,-0.643564977,0.56257624,-0.024546609,0.169243264,-10.57363427,-3.901727202,-0.643564977,0.56257624,-0.024546609,2.5166473,-140.20639,-43.426224,-6.83466,6.205216,-0.2815496
2.583333468,0.6363592,-0.61540115,-0.4366219,-1.229861,0.10823068,-1.2837424,0.122906305,-0.02304238,-0.73729783,-0.22848491,0.010277855,-0.79916507,-0.046417067,-9.211108983,-3.094638369,-0.526270534,0.469827349,-0.017499613,-0.046417067,-9.211108983,-3.094638369,-0.526270534,0.469827349,-0.017499613,-0.6902218,-122.139305,-34.443325,-5.588993,5.1821957,-0.20072056
2.583333468,0.6363592,-0.61540115,-0.4366219,-1.229861,0.10823068,-1.2837424,0.122906305,-0.02304238,-0.73729783,-0.22848491,0.010277855,-0.79916507,-0.046417067,-9.211108983,-3.094638369,-0.526270534,0.469827349,-0.017499613,-0.046417067,-9.211108983,-3.094638369,-0.526270534,0.469827349,-0.017499613,-0.6902218,-122.139305,-34.443325,-5.588993,5.1821957,-0.20072056
2.600000136,0.6383917,-0.6158807,-0.44885722,-1.2326359,0.10842741,-1.2968535,0.12261668,-0.04081329,-0.7503887,-0.23774242,0.009761825,-0.7866337,0.185154682,-10.41383815,-3.757711926,-0.623683112,0.546967324,-0.023625325,0.185154682,-10.41383815,-3.757711926,-0.623683112,0.546967324,-0.023625325,2.7532501,-138.0875,-41.823334,-6.6235147,6.0330496,-0.27098247
2.600000136,0.6383917,-0.6158807,-0.44885722,-1.2326359,0.10842741,-1.2968535,0.12261668,-0.04081329,-0.7503887,-0.23774242,0.009761825,-0.7866337,0.185154682,-10.41383815,-3.757711926,-0.623683112,0.546967324,-0.023625325,0.185154682,-10.41383815,-3.757711926,-0.623683112,0.546967324,-0.023625325,2.7532501,-138.0875,-41.823334,-6.6235147,6.0330496,-0.27098247
2.616666803,0.6404255,-0.6166675,-0.461315,-1.2356032,0.108612545,-1.3097398,0.12269661,-0.059024252,-0.7635706,-0.24905448,0.009037869,-0.7730718,0.204232016,-10.39720308,-3.722000122,-0.619371418,0.543264465,-0.023671818,0.204232016,-10.39720308,-3.722000122,-0.619371418,0.543264465,-0.023671818,3.03693,-137.86691,-41.42586,-6.5777245,5.992207,-0.27151576
2.616666803,0.6404255,-0.6166675,-0.461315,-1.2356032,0.108612545,-1.3097398,0.12269661,-0.059024252,-0.7635706,-0.24905448,0.009037869,-0.7730718,0.204232016,-10.39720308,-3.722000122,-0.619371418,0.543264465,-0.023671818,0.204232016,-10.39720308,-3.722000122,-0.619371418,0.543264465,-0.023671818,3.03693,-137.86691,-41.42586,-6.5777245,5.992207,-0.27151576
2.633333471,0.64243156,-0.6176447,-0.47373587,-1.2388717,0.10877291,-1.3222978,0.12091918,-0.06762311,-0.7583112,-0.25361818,0.008312618,-0.753504,-0.036522327,-8.958062795,-2.870810921,-0.49532506,0.444892743,-0.01641848,-0.036522327,-8.958062795,-2.870810921,-0.49532506,0.444892743,-0.01641848,-0.543087,-118.78391,-31.952126,-5.260352,4.907167,-0.18831997
2.633333471,0.64243156,-0.6176447,-0.47373587,-1.2388717,0.10877291,-1.3222978,0.12091918,-0.06762311,-0.7583112,-0.25361818,0.008312618,-0.753504,-0.036522327,-8.958062795,-2.870810921,-0.49532506,0.444892743,-0.01641848,-0.036522327,-8.958062795,-2.870810921,-0.49532506,0.444892743,-0.01641848,-0.543087,-118.78391,-31.952126,-5.260352,4.907167,-0.18831997
2.650000138,0.6444465,-0.618886,-0.48632216,-1.2421002,0.10893528,-1.3346117,0.12158831,-0.08553522,-0.7708273,-0.26260513,0.007764946,-0.7388364,0.219117801,-10.21382834,-3.562572853,-0.596913914,0.525572596,-0.022630478,0.219117801,-10.21382834,-3.562572853,-0.596913914,0.525572596,-0.022630478,3.2582817,-135.43536,-39.651436,-6.339226,5.7970657,-0.25957158
2.650000138,0.6444465,-0.618886,-0.48632216,-1.2421002,0.10893528,-1.3346117,0.12158831,-0.08553522,-0.7708273,-0.26260513,0.007764946,-0.7388364,0.219117801,-10.21382834,-3.562572853,-0.596913914,0.525572596,-0.022630478,0.219117801,-10.21382834,-3.562572853,-0.596913914,0.525572596,-0.022630478,3.2582817,-135.43536,-39.651436,-6.339226,5.7970657,-0.25957158
2.666666806,0.64647907,-0.62043643,-0.49912128,-1.2455195,0.10908524,-1.3466663,0.12265307,-0.103825785,-0.7834085,-0.2736283,0.00699948,-0.72317195,0.237215167,-10.18097821,-3.517217713,-0.591029061,0.520571685,-0.02261289,0.237215167,-10.18097821,-3.517217713,-0.591029061,0.520571685,-0.02261289,3.5273895,-134.99977,-39.146633,-6.2767286,5.7419057,-0.25936985
2.683333473,0.64849263,-0.6221653,-0.5118755,-1.2492422,0.10921035,-1.3583889,0.12137473,-0.11168144,-0.77749604,-0.27754492,0.006285216,-0.7033753,-0.029688067,-8.672318379,-2.625489214,-0.460679293,0.41689903,-0.015187994,-0.029688067,-8.672318379,-2.625489214,-0.460679293,0.41689903,-0.015187994,-0.44146156,-114.99494,-29.221695,-4.892414,4.5983963,-0.17420629
2.683333473,0.64849263,-0.6221653,-0.5118755,-1.2492422,0.10921035,-1.3583889,0.12137473,-0.11168144,-0.77749604,-0.27754492,0.006285216,-0.7033753,-0.029688067,-8.672318379,-2.625489214,-0.460679293,0.41689903,-0.015187994,-0.029688067,-8.672318379,-2.625489214,-0.460679293,0.41689903,-0.015187994,-0.44146156,-114.99494,-29.221695,-4.892414,4.5983963,-0.17420629
2.700000141,0.65053153,-0.6241593,-0.52478254,-1.2529125,0.10933672,-1.369833,0.12306142,-0.12964395,-0.7893805,-0.28618586,0.00569068,-0.68662417,0.249994274,-9.97438963,-3.342455224,-0.565946978,0.500739107,-0.02145655,0.249994274,-9.97438963,-3.342455224,-0.565946978,0.500739107,-0.02145655,3.7174149,-132.2604,-37.201527,-6.010357,5.5231524,-0.24610662
2.700000141,0.65053153,-0.6241593,-0.52478254,-1.2529125,0.10933672,-1.369833,0.12306142,-0.12964395,-0.7893805,-0.28618586,0.00569068,-0.68662417,0.249994274,-9.97438963,-3.342455224,-0.565946978,0.500739107,-0.02145655,0.249994274,-9.97438963,-3.342455224,-0.565946978,0.500739107,-0.02145655,3.7174149,-132.2604,-37.201527,-6.010357,5.5231524,-0.24610662
2.700000141,0.65053153,-0.6241593,-0.52478254,-1.2529125,0.10933672,-1.369833,0.12306142,-0.12964395,-0.7893805,-0.28618586,0.00569068,-0.68662417,0.249994274,-9.97438963,-3.342455224,-0.565946978,0.500739107,-0.02145655,0.249994274,-9.97438963,-3.342455224,-0.565946978,0.500739107,-0.02145655,3.7174149,-132.2604,-37.201527,-6.010357,5.5231524,-0.24610662
2.716666808,0.65260565,-0.6264624,-0.5378918,-1.2567694,0.109449655,-1.3809835,0.12516657,-0.14792125,-0.80130154,-0.29682705,0.004870794,-0.66890883,0.266358735,-9.925017206,-3.287274068,-0.5584288,0.494388181,-0.021372834,0.266358735,-9.925017206,-3.287274068,-0.5584288,0.494388181,-0.021372834,3.9607544,-131.60573,-36.58736,-5.930514,5.4531016,-0.24514641
2.733333476,0.65466887,-0.62893075,-0.5509487,-1.2609305,0.10953763,-1.3917981,0.12437148,-0.1549975,-0.79473543,-0.3000502,0.004163514,-0.648984,-0.026962239,-8.354536261,-2.35892516,-0.42229269,0.385786378,-0.013816362,-0.026962239,-8.354536261,-2.35892516,-0.42229269,0.385786378,-0.013816362,-0.4009285,-110.78115,-26.254837,-4.4847484,4.2552238,-0.15847367
2.733333476,0.65466887,-0.62893075,-0.5509487,-1.2609305,0.10953763,-1.3917981,0.12437148,-0.1549975,-0.79473543,-0.3000502,0.004163514,-0.648984,-0.026962239,-8.354536261,-2.35892516,-0.42229269,0.385786378,-0.013816362,-0.026962239,-8.354536261,-2.35892516,-0.42229269,0.385786378,-0.013816362,-0.4009285,-110.78115,-26.254837,-4.4847484,4.2552238,-0.15847367
2.750000143,0.6567751,-0.63166386,-0.5641443,-1.2650257,0.10962584,-1.4023033,0.12712662,-0.17292224,-0.80593055,-0.30827126,0.003506941,-0.63021415,0.27604645,-9.69588681,-3.097445753,-0.530707724,0.472385929,-0.020109361,0.27604645,-9.69588681,-3.097445753,-0.530707724,0.472385929,-0.020109361,4.1048107,-128.56746,-34.47457,-5.636116,5.210417,-0.23065437
2.750000143,0.6567751,-0.63166386,-0.5641443,-1.2650257,0.10962584,-1.4023033,0.12712662,-0.17292224,-0.80593055,-0.30827126,0.003506941,-0.63021415,0.27604645,-9.69588681,-3.097445753,-0.530707724,0.472385929,-0.020109361,0.27604645,-9.69588681,-3.097445753,-0.530707724,0.472385929,-0.020109361,4.1048107,-128.56746,-34.47457,-5.636116,5.210417,-0.23065437
2.766666811,0.65893424,-0.6347051,-0.5775308,-1.2693033,0.10969937,-1.4124806,0.13031814,-0.19109613,-0.81713676,-0.3184412,0.00261809,-0.6105139,0.28996086,-9.629994963,-3.032459831,-0.52153018,0.464658314,-0.019959248,0.28996086,-9.629994963,-3.032459831,-0.52153018,0.464658314,-0.019959248,4.311718,-127.69373,-33.751278,-5.5386505,5.125181,-0.22893257
2.783333478,0.6610907,-0.63789755,-0.590857,-1.2738832,0.10974784,-1.4223225,0.12998663,-0.19736227,-0.80991924,-0.32093194,0.001914328,-0.59056234,-0.029088927,-8.005738294,-2.071661148,-0.380182087,0.351536998,-0.012314377,-0.029088927,-8.005738294,-2.071661148,-0.380182087,0.351536998,-0.012314377,-0.43255234,-106.15609,-23.057589,-4.0375338,3.877453,-0.1412459
2.783333478,0.6610907,-0.63789755,-0.590857,-1.2738832,0.10974784,-1.4223225,0.12998663,-0.19736227,-0.80991924,-0.32093194,0.001914328,-0.59056234,-0.029088927,-8.005738294,-2.071661148,-0.380182087,0.351536998,-0.012314377,-0.029088927,-8.005738294,-2.071661148,-0.380182087,0.351536998,-0.012314377,-0.43255234,-106.15609,-23.057589,-4.0375338,3.877453,-0.1412459
2.783333478,0.6610907,-0.63789755,-0.590857,-1.2738832,0.10974784,-1.4223225,0.12998663,-0.19736227,-0.80991924,-0.32093194,0.001914328,-0.59056234,-0.029088927,-8.005738294,-2.071661148,-0.380182087,0.351536998,-0.012314377,-0.029088927,-8.005738294,-2.071661148,-0.380182087,0.351536998,-0.012314377,-0.43255234,-106.15609,-23.057589,-4.0375338,3.877453,-0.1412459
2.800000146,0.663308,-0.641353,-0.6043079,-1.278384,0.10979513,-1.4318211,0.1338521,-0.21516085,-0.820373,-0.32865822,0.001179112,-0.5698425,0.295736522,-9.379038516,-2.827931907,-0.491181246,0.440472467,-0.018598026,0.295736522,-9.379038516,-2.827931907,-0.491181246,0.440472467,-0.018598026,4.397602,-124.36605,-31.474882,-5.216345,4.8584113,-0.21331936
2.800000146,0.663308,-0.641353,-0.6043079,-1.278384,0.10979513,-1.4318211,0.1338521,-0.21516085,-0.820373,-0.32865822,0.001179112,-0.5698425,0.295736522,-9.379038516,-2.827931907,-0.491181246,0.440472467,-0.018598026,0.295736522,-9.379038516,-2.827931907,-0.491181246,0.440472467,-0.018598026,4.397602,-124.36605,-31.474882,-5.216345,4.8584113,-0.21331936
2.816666814,0.6655972,-0.64511365,-0.61793756,-1.2830608,0.10982618,-1.4409605,0.13816889,-0.23314379,-0.8308102,-0.33827165,0.000205564,-0.548243,0.306650609,-9.296871203,-2.753301108,-0.480349006,0.431363278,-0.01838551,0.306650609,-9.296871203,-2.753301108,-0.480349006,0.431363278,-0.01838551,4.5598946,-123.27651,-30.644241,-5.1013064,4.757937,-0.2108818
2.833333481,0.66789126,-0.64901036,-0.63149947,-1.288037,0.1098322,-1.4497681,0.13827427,-0.23857565,-0.8229487,-0.33999753,-0.000497516,-0.52836984,-0.036607626,-7.627386493,-1.764589843,-0.334441594,0.314190273,-0.01069748,-0.036607626,-7.627386493,-1.764589843,-0.334441594,0.314190273,-0.01069748,-0.5443554,-101.139145,-19.639885,-3.5517697,3.4655187,-0.122700095
2.833333481,0.66789126,-0.64901036,-0.63149947,-1.288037,0.1098322,-1.4497681,0.13827427,-0.23857565,-0.8229487,-0.33999753,-0.000497516,-0.52836984,-0.036607626,-7.627386493,-1.764589843,-0.334441594,0.314190273,-0.01069748,-0.036607626,-7.627386493,-1.764589843,-0.334441594,0.314190273,-0.01069748,-0.5443554,-101.139145,-19.639885,-3.5517697,3.4655187,-0.122700095
2.850000149,0.6702649,-0.65316784,-0.64517045,-1.2929206,0.109835304,-1.4581987,0.14328282,-0.25616363,-0.8326093,-0.34715775,-0.001328801,-0.5057856,0.307874801,-9.025084667,-2.53464578,-0.447426453,0.405015323,-0.016936948,0.307874801,-9.025084667,-2.53464578,-0.447426453,0.405015323,-0.016936948,4.5780983,-119.67262,-28.210608,-4.751669,4.467319,-0.1942668
2.850000149,0.6702649,-0.65316784,-0.64517045,-1.2929206,0.109835304,-1.4581987,0.14328282,-0.25616363,-0.8326093,-0.34715775,-0.001328801,-0.5057856,0.307874801,-9.025084667,-2.53464578,-0.447426453,0.405015323,-0.016936948,0.307874801,-9.025084667,-2.53464578,-0.447426453,0.405015323,-0.016936948,4.5780983,-119.67262,-28.210608,-4.751669,4.467319,-0.1942668
2.866666816,0.6727294,-0.65762585,-0.6590078,-1.2979732,0.109820396,-1.4662405,0.14875287,-0.27387047,-0.84222823,-0.3561302,-0.002402067,-0.48237848,0.315338217,-8.927043495,-2.450660918,-0.434970676,0.394541895,-0.016666605,0.315338217,-8.927043495,-2.450660918,-0.434970676,0.394541895,-0.016666605,4.6890793,-118.3726,-27.275856,-4.6193886,4.351797,-0.19116595
2.866666816,0.6727294,-0.65762585,-0.6590078,-1.2979732,0.109820396,-1.4662405,0.14875287,-0.27387047,-0.84222823,-0.3561302,-0.002402067,-0.48237848,0.315338217,-8.927043495,-2.450660918,-0.434970676,0.394541895,-0.016666605,0.315338217,-8.927043495,-2.450660918,-0.434970676,0.394541895,-0.016666605,4.6890793,-118.3726,-27.275856,-4.6193886,4.351797,-0.19116595
2.883333484,0.675206,-0.66220474,-0.67276996,-1.3033197,0.10978044,-1.4739538,0.14926413,-0.27844945,-0.83373195,-0.35706842,-0.003108511,-0.46268988,-0.04963365,-7.221155181,-1.438827035,-0.285221403,0.273831606,-0.008983698,-0.04963365,-7.221155181,-1.438827035,-0.285221403,0.273831606,-0.008983698,-0.73805237,-95.75252,-16.014145,-3.0290513,3.0203626,-0.10304302
2.883333484,0.675206,-0.66220474,-0.67276996,-1.3033197,0.10978044,-1.4739538,0.14926413,-0.27844945,-0.83373195,-0.35706842,-0.003108511,-0.46268988,-0.04963365,-7.221155181,-1.438827035,-0.285221403,0.273831606,-0.008983698,-0.04963365,-7.221155181,-1.438827035,-0.285221403,0.273831606,-0.008983698,-0.73805237,-95.75252,-16.014145,-3.0290513,3.0203626,-0.10304302
2.900000151,0.67778105,-0.66704035,-0.68662566,-1.3085601,0.109735504,-1.4812609,0.15543881,-0.2957432,-0.84255224,-0.3635901,-0.00405252,-0.43834132,0.311693988,-8.635590842,-2.218629301,-0.39957562,0.366086778,-0.015144553,0.311693988,-8.635590842,-2.218629301,-0.39957562,0.366086778,-0.015144553,4.6348896,-114.507935,-24.693344,-4.243493,4.037937,-0.17370802
2.900000151,0.67778105,-0.66704035,-0.68662566,-1.3085601,0.109735504,-1.4812609,0.15543881,-0.2957432,-0.84255224,-0.3635901,-0.00405252,-0.43834132,0.311693988,-8.635590842,-2.218629301,-0.39957562,0.366086778,-0.015144553,0.311693988,-8.635590842,-2.218629301,-0.39957562,0.366086778,-0.015144553,4.6348896,-114.507935,-24.693344,-4.243493,4.037937,-0.17370802
2.916666819,0.68046653,-0.6721704,-0.70063365,-1.3139608,0.10967049,-1.4881501,0.16208135,-0.31309226,-0.8513051,-0.37184387,-0.00524257,-0.41322783,0.315481877,-8.522362227,-2.125747592,-0.385561277,0.354293272,-0.014820521,0.315481877,-8.522362227,-2.125747592,-0.385561277,0.354293272,-0.014820521,4.6912155,-113.00652,-23.65957,-4.0946608,3.9078548,-0.16999137
2.933333486,0.68317074,-0.677405,-0.7145592,-1.3196486,0.10958046,-1.4947152,0.16296186,-0.31680486,-0.8421885,-0.3719799,-0.005955336,-0.39383075,-0.067909307,-6.789135825,-1.095862958,-0.232756295,0.230612284,-0.007192675,-0.067909307,-6.789135825,-1.095862958,-0.232756295,0.230612284,-0.007192675,-1.0098114,-90.02394,-12.196955,-2.4718719,2.5436535,-0.08249998
2.933333486,0.68317074,-0.677405,-0.7145592,-1.3196486,0.10958046,-1.4947152,0.16296186,-0.31680486,-0.8421885,-0.3719799,-0.005955336,-0.39383075,-0.067909307,-6.789135825,-1.095862958,-0.232756295,0.230612284,-0.007192675,-0.067909307,-6.789135825,-1.095862958,-0.232756295,0.230612284,-0.007192675,-1.0098114,-90.02394,-12.196955,-2.4718719,2.5436535,-0.08249998
2.950000154,0.68599236,-0.6828913,-0.728562,-1.3252167,0.109483,-1.5008472,0.17031582,-0.3337256,-0.8501257,-0.37779424,-0.007029584,-0.36783203,0.306989109,-8.212839532,-1.881424286,-0.347862495,0.323840087,-0.013240629,0.306989109,-8.212839532,-1.881424286,-0.347862495,0.323840087,-0.013240629,4.564928,-108.90225,-20.940252,-3.6942997,3.5719562,-0.15187001
2.950000154,0.68599236,-0.6828913,-0.728562,-1.3252167,0.109483,-1.5008472,0.17031582,-0.3337256,-0.8501257,-0.37779424,-0.007029584,-0.36783203,0.306989109,-8.212839532,-1.881424286,-0.347862495,0.323840087,-0.013240629,0.306989109,-8.212839532,-1.881424286,-0.347862495,0.323840087,-0.013240629,4.564928,-108.90225,-20.940252,-3.6942997,3.5719562,-0.15187001
2.950000154,0.68599236,-0.6828913,-0.728562,-1.3252167,0.109483,-1.5008472,0.17031582,-0.3337256,-0.8501257,-0.37779424,-0.007029584,-0.36783203,0.306989109,-8.212839532,-1.881424286,-0.347862495,0.323840087,-0.013240629,0.306989109,-8.212839532,-1.881424286,-0.347862495,0.323840087,-0.013240629,4.564928,-108.90225,-20.940252,-3.6942997,3.5719562,-0.15187001
2.966666821,0.6889438,-0.688665,-0.742703,-1.3309349,0.10936319,-1.5065348,0.17813924,-0.35064015,-0.8579707,-0.38525528,-0.008351659,-0.34112772,0.307076332,-8.085337735,-1.780265918,-0.332393372,0.310799671,-0.012870841,0.307076332,-8.085337735,-1.780265918,-0.332393372,0.310799671,-0.012870841,4.566225,-107.21158,-19.81436,-3.5300176,3.4281204,-0.14762855
2.983333489,0.6919203,-0.6945266,-0.75675476,-1.3369317,0.10921844,-1.5119052,0.17934857,-0.35347798,-0.8482498,-0.384582,-0.009074043,-0.32212847,-0.090727713,-6.333715632,-0.737477206,-0.177359446,0.184744699,-0.005346926,-0.090727713,-6.333715632,-0.737477206,-0.177359446,0.184744699,-0.005346926,-1.3491211,-83.98507,-8.208121,-1.8835573,2.037734,-0.061329246
2.983333489,0.6919203,-0.6945266,-0.75675476,-1.3369317,0.10921844,-1.5119052,0.17934857,-0.35347798,-0.8482498,-0.384582,-0.009074043,-0.32212847,-0.090727713,-6.333715632,-0.737477206,-0.177359446,0.184744699,-0.005346926,-0.090727713,-6.333715632,-0.737477206,-0.177359446,0.184744699,-0.005346926,-1.3491211,-83.98507,-8.208121,-1.8835573,2.037734,-0.061329246
3.000000156,0.6950331,-0.70063394,-0.770867,-1.3427954,0.1090635,-1.5168169,0.18788467,-0.3699489,-0.855262,-0.3896242,-0.010295241,-0.29459545,0.294065315,-7.759201257,-1.524732783,-0.292581488,0.278473138,-0.011247656,0.294065315,-7.759201257,-1.524732783,-0.292581488,0.278473138,-0.011247656,4.372751,-102.88701,-16.970276,-3.1072154,3.0715587,-0.12901062
3.000000156,0.6950331,-0.70063394,-0.770867,-1.3427954,0.1090635,-1.5168169,0.18788467,-0.3699489,-0.855262,-0.3896242,-0.010295241,-0.29459545,0.294065315,-7.759201257,-1.524732783,-0.292581488,0.278473138,-0.011247656,0.294065315,-7.759201257,-1.524732783,-0.292581488,0.278473138,-0.011247656,4.372751,-102.88701,-16.970276,-3.1072154,3.0715587,-0.12901062
3.016666824,0.69829535,-0.7070201,-0.7851029,-1.348797,0.108883634,-1.5212594,0.19688791,-0.38635477,-0.86216015,-0.39622292,-0.011765819,-0.266426,0.290684164,-7.618588524,-1.41609574,-0.275798033,0.264288724,-0.010840266,0.290684164,-7.618588524,-1.41609574,-0.275798033,0.264288724,-0.010840266,4.3224735,-101.022484,-15.761146,-2.928975,2.9151046,-0.12433785
3.033333492,0.7015879,-0.71347713,-0.7992423,-1.3550669,0.10867896,-1.525393,0.19837977,-0.38831517,-0.851853,-0.39474368,-0.012500155,-0.24792859,-0.117018083,-5.857666154,-0.365807747,-0.119428626,0.136513193,-0.003469292,-0.117018083,-5.857666154,-0.365807747,-0.119428626,0.136513193,-0.003469292,-1.7400589,-77.67265,-4.07144,-1.268332,1.5057405,-0.039792776
3.033333492,0.7015879,-0.71347713,-0.7992423,-1.3550669,0.10867896,-1.525393,0.19837977,-0.38831517,-0.851853,-0.39474368,-0.012500155,-0.24792859,-0.117018083,-5.857666154,-0.365807747,-0.119428626,0.136513193,-0.003469292,-0.117018083,-5.857666154,-0.365807747,-0.119428626,0.136513193,-0.003469292,-1.7400589,-77.67265,-4.07144,-1.268332,1.5057405,-0.039792776
3.033333492,0.7015879,-0.71347713,-0.7992423,-1.3550669,0.10867896,-1.525393,0.19837977,-0.38831517,-0.851853,-0.39474368,-0.012500155,-0.24792859,-0.117018083,-5.857666154,-0.365807747,-0.119428626,0.136513193,-0.003469292,-0.117018083,-5.857666154,-0.365807747,-0.119428626,0.136513193,-0.003469292,-1.7400589,-77.67265,-4.07144,-1.268332,1.5057405,-0.039792776
3.050000159,0.70503545,-0.72017264,-0.8134252,-1.361191,0.10846099,-1.5290447,0.20809083,-0.40426397,-0.85790616,-0.3989532,-0.013885111,-0.21899313,0.273889107,-7.277865288,-1.150873515,-0.234153872,0.230285782,-0.00919141,0.273889107,-7.277865288,-1.150873515,-0.234153872,0.230285782,-0.00919141,4.072731,-96.50449,-12.809222,-2.4867141,2.5400522,-0.10542548
3.050000159,0.70503545,-0.72017264,-0.8134252,-1.361191,0.10846099,-1.5290447,0.20809083,-0.40426397,-0.85790616,-0.3989532,-0.013885111,-0.21899313,0.273889107,-7.277865288,-1.150873515,-0.234153872,0.230285782,-0.00919141,0.273889107,-7.277865288,-1.150873515,-0.234153872,0.230285782,-0.00919141,4.072731,-96.50449,-12.809222,-2.4867141,2.5400522,-0.10542548
3.066666827,0.70865196,-0.7271371,-0.8277162,-1.36744,0.10821528,-1.5322052,0.21826209,-0.42009205,-0.8638234,-0.40462807,-0.015520252,-0.1894904,0.267461714,-7.12536773,-1.035610621,-0.216216376,0.215076428,-0.008753672,0.267461714,-7.12536773,-1.035610621,-0.216216376,0.215076428,-0.008753672,3.9771557,-94.482376,-11.526346,-2.296218,2.372293,-0.10040462
3.083333494,0.71230364,-0.7341556,-0.84190357,-1.3739451,0.10794498,-1.5350667,0.21998744,-0.4211769,-0.8529537,-0.40234965,-0.016268246,-0.17159958,-0.145309181,-5.364080576,0.016666812,-0.059446193,0.086270196,-0.001584299,-0.145309181,-5.364080576,0.016666812,-0.059446193,0.086270196,-0.001584299,-2.1607475,-71.12771,0.18550162,-0.63131857,0.95156026,-0.018171906
3.083333494,0.71230364,-0.7341556,-0.84190357,-1.3739451,0.10794498,-1.5350667,0.21998744,-0.4211769,-0.8529537,-0.40234965,-0.016268246,-0.17159958,-0.145309181,-5.364080576,0.016666812,-0.059446193,0.086270196,-0.001584299,-0.145309181,-5.364080576,0.016666812,-0.059446193,0.086270196,-0.001584299,-2.1607475,-71.12771,0.18550162,-0.63131857,0.95156026,-0.018171906
3.100000162,0.71612823,-0.74140424,-0.85611755,-1.3802913,0.10765795,-1.5374254,0.2308548,-0.43653506,-0.85801643,-0.40566984,-0.017833143,-0.14139985,0.247880542,-6.772103748,-0.762318922,-0.173056765,0.179623725,-0.007096143,0.247880542,-6.772103748,-0.762318922,-0.173056765,0.179623725,-0.007096143,3.6859837,-89.798096,-8.48461,-1.8378628,1.9812497,-0.081392765
3.100000162,0.71612823,-0.74140424,-0.85611755,-1.3802913,0.10765795,-1.5374254,0.2308548,-0.43653506,-0.85801643,-0.40566984,-0.017833143,-0.14139985,0.247880542,-6.772103748,-0.762318922,-0.173056765,0.179623725,-0.007096143,0.247880542,-6.772103748,-0.762318922,-0.173056765,0.179623725,-0.007096143,3.6859837,-89.798096,-8.48461,-1.8378628,1.9812497,-0.081392765
3.116666829,0.7201407,-0.748911,-0.8704237,-1.386748,0.10734015,-1.539273,0.2421719,-0.45172125,-0.86292446,-0.41036534,-0.019646922,-0.11070709,0.239078391,-6.60928637,-0.641518033,-0.15417297,0.163546499,-0.006638222,0.239078391,-6.60928637,-0.641518033,-0.15417297,0.163546499,-0.006638222,3.5550957,-87.63914,-7.1400957,-1.637317,1.8039179,-0.076140404
3.116666829,0.7201407,-0.748911,-0.8704237,-1.386748,0.10734015,-1.539273,0.2421719,-0.45172125,-0.86292446,-0.41036534,-0.019646922,-0.11070709,0.239078391,-6.60928637,-0.641518033,-0.15417297,0.163546499,-0.006638222,0.239078391,-6.60928637,-0.641518033,-0.15417297,0.163546499,-0.006638222,3.5550957,-87.63914,-7.1400957,-1.637317,1.8039179,-0.076140404
3.133333497,0.7241925,-0.756455,-0.88461953,-1.393447,0.10699798,-1.5408338,0.24407767,-0.4519357,-0.8515176,-0.40730482,-0.020410262,-0.093523026,-0.17393134,-4.856139538,0.407284825,0.002048113,0.034420126,0.000285333,-0.17393134,-4.856139538,0.407284825,0.002048113,0.034420126,0.000285333,-2.586359,-64.39241,4.53308,0.021750964,0.379654,0.003272772
3.133333497,0.7241925,-0.756455,-0.88461953,-1.393447,0.10699798,-1.5408338,0.24407767,-0.4519357,-0.8515176,-0.40730482,-0.020410262,-0.093523026,-0.17393134,-4.856139538,0.407284825,0.002048113,0.034420126,0.000285333,-0.17393134,-4.856139538,0.407284825,0.002048113,0.034420126,0.000285333,-2.586359,-64.39241,4.53308,0.021750964,0.379654,0.003272772
3.150000164,0.72843456,-0.7642195,-0.89882463,-1.3999746,0.10663536,-1.5418729,0.25607324,-0.46663904,-0.8555631,-0.40968677,-0.022169843,-0.062203825,0.217963772,-6.245602454,-0.361917347,-0.109856838,0.126907075,-0.004987106,0.217963772,-6.245602454,-0.361917347,-0.109856838,0.126907075,-0.004987106,3.2411213,-82.81669,-4.02814,-1.1666796,1.399785,-0.0572021
3.150000164,0.72843456,-0.7642195,-0.89882463,-1.3999746,0.10663536,-1.5418729,0.25607324,-0.46663904,-0.8555631,-0.40968677,-0.022169843,-0.062203825,0.217963772,-6.245602454,-0.361917347,-0.109856838,0.126907075,-0.004987106,0.217963772,-6.245602454,-0.361917347,-0.109856838,0.126907075,-0.004987106,3.2411213,-82.81669,-4.02814,-1.1666796,1.399785,-0.0572021
3.166666832,0.732883,-0.7722301,-0.9131053,-1.406597,0.106238715,-1.5423828,0.26850381,-0.48112366,-0.85943687,-0.41335383,-0.024177251,-0.030469945,0.207582254,-6.074061904,-0.236708906,-0.090249598,0.110131205,-0.004517949,0.207582254,-6.074061904,-0.236708906,-0.090249598,0.110131205,-0.004517949,3.0867481,-80.54206,-2.6345701,-0.95845073,1.2147472,-0.051820874
3.183333499,0.737374,-0.78026116,-0.9272684,-1.4134469,0.105818026,-1.5426202,0.2705336,-0.4804788,-0.8475235,-0.4095343,-0.024955822,-0.014092794,-0.201046347,-4.33747247,0.802987348,0.064429663,-0.018557174,0.002116043,-0.201046347,-4.33747247,0.802987348,0.064429663,-0.018557174,0.002116043,-2.9895592,-57.514885,8.937249,0.684243,-0.20468563,0.024271011
3.183333499,0.737374,-0.78026116,-0.9272684,-1.4134469,0.105818026,-1.5426202,0.2705336,-0.4804788,-0.8475235,-0.4095343,-0.024955822,-0.014092794,-0.201046347,-4.33747247,0.802987348,0.064429663,-0.018557174,0.002116043,-0.201046347,-4.33747247,0.802987348,0.064429663,-0.018557174,0.002116043,-2.9895592,-57.514885,8.937249,0.684243,-0.20468563,0.024271011
3.200000167,0.7420717,-0.78850263,-0.9414236,-1.4201132,0.10537288,-1.5423195,0.2836183,-0.4944697,-0.8505324,-0.41093466,-0.026923938,0.018192494,0.186360019,-5.702486225,0.047104817,-0.045204115,0.072625828,-0.002889864,0.186360019,-5.702486225,0.047104817,-0.045204115,0.072625828,-0.002889864,2.7711735,-75.61497,0.5242766,-0.4800677,0.8010629,-0.03314674
3.200000167,0.7420717,-0.78850263,-0.9414236,-1.4201132,0.10537288,-1.5423195,0.2836183,-0.4944697,-0.8505324,-0.41093466,-0.026923938,0.018192494,0.186360019,-5.702486225,0.047104817,-0.045204115,0.072625828,-0.002889864,0.186360019,-5.702486225,0.047104817,-0.045204115,0.072625828,-0.002889864,2.7711735,-75.61497,0.5242766,-0.4800677,0.8010629,-0.03314674
3.200000167,0.7420717,-0.78850263,-0.9414236,-1.4201132,0.10537288,-1.5423195,0.2836183,-0.4944697,-0.8505324,-0.41093466,-0.026923938,0.018192494,0.186360019,-5.702486225,0.047104817,-0.045204115,0.072625828,-0.002889864,0.186360019,-5.702486225,0.047104817,-0.045204115,0.072625828,-0.002889864,2.7711735,-75.61497,0.5242766,-0.4800677,0.8010629,-0.03314674
3.216666834,0.74699354,-0.79697746,-0.95563793,-1.4268569,0.10489025,-1.5414749,0.29712015,-0.5081973,-0.853354,-0.4135315,-0.029137762,0.0508119,0.175273026,-5.523695449,0.17561723,-0.025098854,0.055325809,-0.002417205,0.175273026,-5.523695449,0.17561723,-0.025098854,0.055325809,-0.002417205,2.60631,-73.2442,1.9546198,-0.26654983,0.6102437,-0.027725339
3.233333502,0.7519608,-0.8054558,-0.96972734,-1.4338118,0.104383975,-1.5403728,0.29921466,-0.50670725,-0.84096485,-0.40898377,-0.029931288,0.066287264,-0.22490116,-3.811477788,1.200737572,0.127058907,-0.072161544,0.00388774,-0.22490116,-3.811477788,1.200737572,0.127058907,-0.072161544,0.00388774,-3.3442802,-50.540195,13.364209,1.3493656,-0.7959418,0.04459238
3.233333502,0.7519608,-0.8054558,-0.96972734,-1.4338118,0.104383975,-1.5403728,0.29921466,-0.50670725,-0.84096485,-0.40898377,-0.029931288,0.066287264,-0.22490116,-3.811477788,1.200737572,0.127058907,-0.072161544,0.00388774,-0.22490116,-3.811477788,1.200737572,0.127058907,-0.072161544,0.00388774,-3.3442802,-50.540195,13.364209,1.3493656,-0.7959418,0.04459238
3.25000017,0.75715,-0.8141333,-0.9837919,-1.4405713,0.10384896,-1.538719,0.31333947,-0.519932,-0.8429222,-0.40936446,-0.03212066,0.0993794,0.155384074,-5.146677354,0.461515948,0.020231695,0.017295258,-0.000826629,0.155384074,-5.146677354,0.461515948,0.020231695,0.017295258,-0.000826629,2.3105612,-68.24494,5.1366725,0.2148606,0.19076669,-0.00948143
3.25000017,0.75715,-0.8141333,-0.9837919,-1.4405713,0.10384896,-1.538719,0.31333947,-0.519932,-0.8429222,-0.40936446,-0.03212066,0.0993794,0.155384074,-5.146677354,0.461515948,0.020231695,0.017295258,-0.000826629,0.155384074,-5.146677354,0.461515948,0.020231695,0.017295258,-0.000826629,2.3105612,-68.24494,5.1366725,0.2148606,0.19076669,-0.00948143
3.266666837,0.76258016,-0.8230303,-0.9978983,-1.4473906,0.10327281,-1.5365092,0.32785866,-0.53285384,-0.8446792,-0.41085926,-0.0345524,0.13272291,0.144509301,-4.962395255,0.592037588,0.04057369,-0.000325723,-0.000359291,0.144509301,-4.962395255,0.592037588,0.04057369,-0.000325723,-0.000359291,2.1488533,-65.80136,6.5893784,0.4308926,-0.00359273,-0.004121065
3.283333505,0.7680577,-0.83191484,-1.0118725,-1.4544036,0.102673486,-1.5340585,0.32995573,-0.5305373,-0.83185023,-0.40561974,-0.035359368,0.14720647,-0.243874276,-3.281874391,1.597192152,0.18924001,-0.12583537,0.00558099,-0.243874276,-3.281874391,1.597192152,0.18924001,-0.12583537,0.00558099,-3.6264105,-43.517654,17.776749,2.009729,-1.3879641,0.06401396
3.283333505,0.7680577,-0.83191484,-1.0118725,-1.4544036,0.102673486,-1.5340585,0.32995573,-0.5305373,-0.83185023,-0.40561974,-0.035359368,0.14720647,-0.243874276,-3.281874391,1.597192152,0.18924001,-0.12583537,0.00558099,-0.243874276,-3.281874391,1.597192152,0.18924001,-0.12583537,0.00558099,-3.6264105,-43.517654,17.776749,2.009729,-1.3879641,0.06401396
3.283333505,0.7680577,-0.83191484,-1.0118725,-1.4544036,0.102673486,-1.5340585,0.32995573,-0.5305373,-0.83185023,-0.40561974,-0.035359368,0.14720647,-0.243874276,-3.281874391,1.597192152,0.18924001,-0.12583537,0.00558099,-0.243874276,-3.281874391,1.597192152,0.18924001,-0.12583537,0.00558099,-3.6264105,-43.517654,17.776749,2.009729,-1.3879641,0.06401396
3.300000172,0.77377117,-0.8409867,-1.025805,-1.4612092,0.10204097,-1.5310454,0.34506077,-0.542948,-0.83274734,-0.4049518,-0.03778056,0.18094136,0.127320011,-4.582433283,0.877781206,0.085721469,-0.038514554,0.001180266,0.127320011,-4.582433283,0.877781206,0.085721469,-0.038514554,0.001180266,1.8932486,-60.763065,9.769705,0.910362,-0.42481554,0.013537645
3.300000172,0.77377117,-0.8409867,-1.025805,-1.4612092,0.10204097,-1.5310454,0.34506077,-0.542948,-0.83274734,-0.4049518,-0.03778056,0.18094136,0.127320011,-4.582433283,0.877781206,0.085721469,-0.038514554,0.001180266,0.127320011,-4.582433283,0.877781206,0.085721469,-0.038514554,0.001180266,1.8932486,-60.763065,9.769705,0.910362,-0.42481554,0.013537645
3.31666684,0.7797416,-0.85026383,-1.0397618,-1.4680562,0.101363525,-1.5274668,0.36053452,-0.5550205,-0.8334319,-0.4053194,-0.040440604,0.21484382,0.117513776,-4.394247881,1.009096161,0.10605157,-0.056258376,0.001635828,0.117513776,-4.394247881,1.009096161,0.10605157,-0.056258376,0.001635828,1.7474298,-58.267727,11.23124,1.1262677,-0.6205299,0.018762946
3.333333507,0.7857605,-0.8595125,-1.0535794,-1.4750783,0.10066345,-1.5236655,0.36256987,-0.5518986,-0.82020307,-0.39943,-0.041258674,0.22824864,-0.256695552,-2.752152467,1.989040221,0.250280397,-0.179011197,0.007179164,-0.256695552,-2.752152467,1.989040221,0.250280397,-0.179011197,0.007179164,-3.8170629,-36.49354,22.138018,2.6579778,-1.9744935,0.08234501
3.333333507,0.7857605,-0.8595125,-1.0535794,-1.4750783,0.10066345,-1.5236655,0.36256987,-0.5518986,-0.82020307,-0.39943,-0.041258674,0.22824864,-0.256695552,-2.752152467,1.989040221,0.250280397,-0.179011197,0.007179164,-0.256695552,-2.752152467,1.989040221,0.250280397,-0.179011197,0.007179164,-3.8170629,-36.49354,22.138018,2.6579778,-1.9744935,0.08234501
3.350000175,0.7920282,-0.8689357,-1.0673383,-1.4818822,0.09992556,-1.5192939,0.37858614,-0.5634522,-0.8200368,-0.39769027,-0.043920647,0.26246008,0.104176253,-4.013770091,1.292410951,0.150542183,-0.094225584,0.003113181,0.104176253,-4.013770091,1.292410951,0.150542183,-0.094225584,0.003113181,1.5491009,-53.22259,14.384534,1.598758,-1.0393082,0.03570819
3.350000175,0.7920282,-0.8689357,-1.0673383,-1.4818822,0.09992556,-1.5192939,0.37858614,-0.5634522,-0.8200368,-0.39769027,-0.043920647,0.26246008,0.104176253,-4.013770091,1.292410951,0.150542183,-0.094225584,0.003113181,0.104176253,-4.013770091,1.292410951,0.150542183,-0.094225584,0.003113181,1.5491009,-53.22259,14.384534,1.598758,-1.0393082,0.03570819
3.366666842,0.79856724,-0.8785489,-1.081104,-1.4887086,0.09913878,-1.5143504,0.39494017,-0.5746364,-0.8196481,-0.3969156,-0.046817552,0.29675248,0.096168723,-3.823278321,1.423265435,0.170607407,-0.111887537,0.003549901,0.096168723,-3.823278321,1.423265435,0.170607407,-0.111887537,0.003549901,1.4300289,-50.69667,15.840944,1.8118507,-1.2341195,0.040717363
3.366666842,0.79856724,-0.8785489,-1.081104,-1.4887086,0.09913878,-1.5143504,0.39494017,-0.5746364,-0.8196481,-0.3969156,-0.046817552,0.29675248,0.096168723,-3.823278321,1.423265435,0.170607407,-0.111887537,0.003549901,0.096168723,-3.823278321,1.423265435,0.170607407,-0.111887537,0.003549901,1.4300289,-50.69667,15.840944,1.8118507,-1.2341195,0.040717363
3.38333351,0.80515563,-0.88811886,-1.0947225,-1.4956912,0.09833002,-1.5092037,0.39684665,-0.5707362,-0.8060611,-0.39042145,-0.047643255,0.30899984,-0.262511057,-2.225821338,2.372938261,0.309494211,-0.23111065,0.008668542,-0.262511057,-2.225821338,2.372938261,0.309494211,-0.23111065,0.008668542,-3.9035394,-29.51439,26.410803,3.2868285,-2.5491505,0.09942818
3.38333351,0.80515563,-0.88811886,-1.0947225,-1.4956912,0.09833002,-1.5092037,0.39684665,-0.5707362,-0.8060611,-0.39042145,-0.047643255,0.30899984,-0.262511057,-2.225821338,2.372938261,0.309494211,-0.23111065,0.008668542,-0.262511057,-2.225821338,2.372938261,0.309494211,-0.23111065,0.008668542,-3.9035394,-29.51439,26.410803,3.2868285,-2.5491505,0.09942818
3.400000177,0.8120037,-0.89784986,-1.1082668,-1.5024447,0.09747865,-1.5034809,0.41369313,-0.58139664,-0.8048347,-0.38759708,-0.050553206,0.34351638,0.087562759,-3.444763978,1.701815966,0.213964286,-0.149240952,0.004954679,0.087562759,-3.444763978,1.701815966,0.213964286,-0.149240952,0.004954679,1.3020582,-45.67757,18.941212,2.2723007,-1.6461277,0.056830168
3.400000177,0.8120037,-0.89784986,-1.1082668,-1.5024447,0.09747865,-1.5034809,0.41369313,-0.58139664,-0.8048347,-0.38759708,-0.050553206,0.34351638,0.087562759,-3.444763978,1.701815966,0.213964286,-0.149240952,0.004954679,0.087562759,-3.444763978,1.701815966,0.213964286,-0.149240952,0.004954679,1.3020582,-45.67757,18.941212,2.2723007,-1.6461277,0.056830168
3.416666845,0.8191369,-0.90775526,-1.1217996,-1.5092014,0.096574366,-1.4971824,0.43084326,-0.5916594,-0.80337834,-0.38566843,-0.053692553,0.37802842,0.081919533,-3.253452307,1.830999164,0.233525071,-0.166620932,0.005368056,0.081919533,-3.253452307,1.830999164,0.233525071,-0.166620932,0.005368056,1.2181435,-43.140778,20.37902,2.4800363,-1.8378289,0.061571598
3.433333512,0.8263187,-0.917603,-1.1351783,-1.5160953,0.09564886,-1.4907019,0.43255007,-0.58700925,-0.7894774,-0.3786158,-0.054520626,0.38904133,-0.26102252,-1.705994469,2.745702217,0.366239359,-0.281575757,0.010038461,-0.26102252,-1.705994469,2.745702217,0.366239359,-0.281575757,0.010038461,-3.8814049,-22.621487,30.559666,3.889462,-3.1057806,0.11514115
3.433333512,0.8263187,-0.917603,-1.1351783,-1.5160953,0.09564886,-1.4907019,0.43255007,-0.58700925,-0.7894774,-0.3786158,-0.054520626,0.38904133,-0.26102252,-1.705994469,2.745702217,0.366239359,-0.281575757,0.010038461,-0.26102252,-1.705994469,2.745702217,0.366239359,-0.281575757,0.010038461,-3.8814049,-22.621487,30.559666,3.889462,-3.1057806,0.11514115
3.45000018,0.8337702,-0.92759764,-1.1484668,-1.5227504,0.0946758,-1.483643,0.45013776,-0.5967451,-0.78719884,-0.3746988,-0.057684023,0.42369214,0.078552204,-2.879158009,2.102558654,0.275301417,-0.202981364,0.006692308,0.078552204,-2.879158009,2.102558654,0.275301417,-0.202981364,0.006692308,1.1680713,-38.177635,23.401478,2.923701,-2.2388844,0.07676077
3.45000018,0.8337702,-0.92759764,-1.1484668,-1.5227504,0.0946758,-1.483643,0.45013776,-0.5967451,-0.78719884,-0.3746988,-0.057684023,0.42369214,0.078552204,-2.879158009,2.102558654,0.275301417,-0.202981364,0.006692308,0.078552204,-2.879158009,2.102558654,0.275301417,-0.202981364,0.006692308,1.1680713,-38.177635,23.401478,2.923701,-2.2388844,0.07676077
3.45000018,0.8337702,-0.92759764,-1.1484668,-1.5227504,0.0946758,-1.483643,0.45013776,-0.5967451,-0.78719884,-0.3746988,-0.057684023,0.42369214,0.078552204,-2.879158009,2.102558654,0.275301417,-0.202981364,0.006692308,0.078552204,-2.879158009,2.102558654,0.275301417,-0.202981364,0.006692308,1.1680713,-38.177635,23.401478,2.923701,-2.2388844,0.07676077
3.466666847,0.8415192,-0.9377507,-1.1617261,-1.5293885,0.09364573,-1.4760076,0.4679873,-0.6060608,-0.7846848,-0.37161016,-0.061070155,0.45825186,0.075611045,-2.688457092,2.228898479,0.294132466,-0.219888441,0.007077955,0.075611045,-2.688457092,2.228898479,0.294132466,-0.219888441,0.007077955,1.1243362,-35.64894,24.80764,3.1236868,-2.4253695,0.08118415
3.483333515,0.84931487,-0.94783264,-1.1748233,-1.5361452,0.09259533,-1.4682119,0.46942014,-0.6006919,-0.7705118,-0.36404574,-0.061894156,0.46796456,-0.252466724,-1.195502173,3.104366361,0.419936297,-0.329881307,0.011282,-0.252466724,-1.195502173,3.104366361,0.419936297,-0.329881307,0.011282,-3.7541802,-15.852359,34.551598,4.4597235,-3.6385908,0.12940454
3.483333515,0.84931487,-0.94783264,-1.1748233,-1.5361452,0.09259533,-1.4682119,0.46942014,-0.6006919,-0.7705118,-0.36404574,-0.061894156,0.46796456,-0.252466724,-1.195502173,3.104366361,0.419936297,-0.329881307,0.011282,-0.252466724,-1.195502173,3.104366361,0.419936297,-0.329881307,0.011282,-3.7541802,-15.852359,34.551598,4.4597235,-3.6385908,0.12940454
3.500000183,0.8573897,-0.958047,-1.1878157,-1.5426538,0.09149239,-1.4598384,0.48764917,-0.6094786,-0.76719946,-0.35903633,-0.06531279,0.50257754,0.077634188,-2.320620018,2.491208271,0.333896442,-0.254876227,0.008314178,0.077634188,-2.320620018,2.491208271,0.333896442,-0.254876227,0.008314178,1.1544204,-30.771421,27.727148,3.5459802,-2.8112848,0.09536362
3.500000183,0.8573897,-0.958047,-1.1878157,-1.5426538,0.09149239,-1.4598384,0.48764917,-0.6094786,-0.76719946,-0.35903633,-0.06531279,0.50257754,0.077634188,-2.320620018,2.491208271,0.333896442,-0.254876227,0.008314178,0.077634188,-2.320620018,2.491208271,0.333896442,-0.254876227,0.008314178,1.1544204,-30.771421,27.727148,3.5459802,-2.8112848,0.09536362
3.51666685,0.8657724,-0.9684038,-1.2007604,-1.5491258,0.090328306,-1.4508903,0.5060899,-0.6178258,-0.76364106,-0.35478687,-0.06894708,0.5370133,0.07745527,-2.131566095,2.613781212,0.351822601,-0.271152953,0.008670745,0.07745527,-2.131566095,2.613781212,0.351822601,-0.271152953,0.008670745,1.1517599,-28.264566,29.091385,3.736356,-2.990817,0.09945345
3.533333518,0.8741977,-0.97867626,-1.2135359,-1.5556968,0.0891449,-1.4418048,0.50717276,-0.61177015,-0.74924546,-0.3467466,-0.06975845,0.54536265,-0.237554404,-0.697039191,3.446027853,0.47005498,-0.375525171,0.012394482,-0.237554404,-0.697039191,3.446027853,0.47005498,-0.375525171,0.012394482,-3.532434,-9.24274,38.35429,4.991984,-4.1420426,0.1421647
3.533333518,0.8741977,-0.97867626,-1.2135359,-1.5556968,0.0891449,-1.4418048,0.50717276,-0.61177015,-0.74924546,-0.3467466,-0.06975845,0.54536265,-0.237554404,-0.697039191,3.446027853,0.47005498,-0.375525171,0.012394482,-0.237554404,-0.697039191,3.446027853,0.47005498,-0.375525171,0.012394482,-3.532434,-9.24274,38.35429,4.991984,-4.1420426,0.1421647
3.533333518,0.8741977,-0.97867626,-1.2135359,-1.5556968,0.0891449,-1.4418048,0.50717276,-0.61177015,-0.74924546,-0.3467466,-0.06975845,0.54536265,-0.237554404,-0.697039191,3.446027853,0.47005498,-0.375525171,0.012394482,-0.237554404,-0.697039191,3.446027853,0.47005498,-0.375525171,0.012394482,-3.532434,-9.24274,38.35429,4.991984,-4.1420426,0.1421647
3.550000185,0.88291085,-0.9890662,-1.2261916,-1.5620112,0.08790404,-1.4321446,0.5259354,-0.61958826,-0.7449175,-0.34065396,-0.07343269,0.5797666,0.084646636,-1.772263615,2.864731568,0.389189639,-0.304414593,0.009812702,0.084646636,-1.772263615,2.864731568,0.389189639,-0.304414593,0.009812702,1.2586955,-23.500216,31.884462,4.133194,-3.357693,0.11255169
3.550000185,0.88291085,-0.9890662,-1.2261916,-1.5620112,0.08790404,-1.4321446,0.5259354,-0.61958826,-0.7449175,-0.34065396,-0.07343269,0.5797666,0.084646636,-1.772263615,2.864731568,0.389189639,-0.304414593,0.009812702,0.084646636,-1.772263615,2.864731568,0.389189639,-0.304414593,0.009812702,1.2586955,-23.500216,31.884462,4.133194,-3.357693,0.11255169
3.566666853,0.89194095,-0.9995821,-1.2387824,-1.568269,0.08659791,-1.4219148,0.54485184,-0.62695223,-0.74033815,-0.33524716,-0.07731283,0.6139082,0.08713221,-1.58609373,2.982473245,0.40602913,-0.319892519,0.010138152,0.08713221,-1.58609373,2.982473245,0.40602913,-0.319892519,0.010138152,1.295656,-21.031603,33.194927,4.3120294,-3.5284145,0.11628461
3.58333352,0.90100735,-1.0100017,-1.251196,-1.574607,0.085273646,-1.4115717,0.54551053,-0.6202481,-0.72576255,-0.32677075,-0.07810143,0.6208412,-0.21739843,-0.213115356,3.768084955,0.516152337,-0.418061077,0.013372351,-0.21739843,-0.213115356,3.768084955,0.516152337,-0.418061077,0.013372351,-3.2327147,-2.8259096,41.938786,5.481538,-4.6112137,0.15338087
3.58333352,0.90100735,-1.0100017,-1.251196,-1.574607,0.085273646,-1.4115717,0.54551053,-0.6202481,-0.72576255,-0.32677075,-0.07810143,0.6208412,-0.21739843,-0.213115356,3.768084955,0.516152337,-0.418061077,0.013372351,-0.21739843,-0.213115356,3.768084955,0.516152337,-0.418061077,0.013372351,-3.2327147,-2.8259096,41.938786,5.481538,-4.6112137,0.15338087
3.600000188,0.9103696,-1.0205234,-1.263476,-1.5806794,0.08388699,-1.4006602,0.56469226,-0.62708545,-0.7204482,-0.31961063,-0.08202868,0.65486556,0.098933385,-1.237229596,3.220102494,0.440667309,-0.351105834,0.011180418,0.098933385,-1.237229596,3.220102494,0.440667309,-0.351105834,0.011180418,1.4711394,-16.405664,35.83974,4.679887,-3.8726974,0.1282394
3.600000188,0.9103696,-1.0205234,-1.263476,-1.5806794,0.08388699,-1.4006602,0.56469226,-0.62708545,-0.7204482,-0.31961063,-0.08202868,0.65486556,0.098933385,-1.237229596,3.220102494,0.440667309,-0.351105834,0.011180418,0.098933385,-1.237229596,3.220102494,0.440667309,-0.351105834,0.011180418,1.4711394,-16.405664,35.83974,4.679887,-3.8726974,0.1282394
3.616666855,0.9200554,-1.0311543,-1.2756736,-1.5866755,0.08243104,-1.3891863,0.58396196,-0.6334561,-0.7148715,-0.3130581,-0.086149864,0.6885445,0.103706663,-1.054648936,3.332319028,0.456308196,-0.365668216,0.011475625,0.103706663,-1.054648936,3.332319028,0.456308196,-0.365668216,0.011475625,1.5421181,-13.984645,37.08871,4.845993,-4.0333204,0.13162541
3.616666855,0.9200554,-1.0311543,-1.2756736,-1.5866755,0.08243104,-1.3891863,0.58396196,-0.6334561,-0.7148715,-0.3130581,-0.086149864,0.6885445,0.103706663,-1.054648936,3.332319028,0.456308196,-0.365668216,0.011475625,0.103706663,-1.054648936,3.332319028,0.456308196,-0.365668216,0.011475625,1.5421181,-13.984645,37.08871,4.845993,-4.0333204,0.13162541
3.633333523,0.9297682,-1.0416776,-1.2876868,-1.5927321,0.08095834,-1.3776237,0.5841274,-0.62614137,-0.700168,-0.30418527,-0.08690424,0.6940146,-0.19341676,0.254058514,4.068123405,0.557863555,-0.457091301,0.014213551,-0.19341676,0.254058514,4.068123405,0.557863555,-0.457091301,0.014213551,-2.8761072,3.368816,45.278214,5.924511,-5.041717,0.16302943
3.633333523,0.9297682,-1.0416776,-1.2876868,-1.5927321,0.08095834,-1.3776237,0.5841274,-0.62614137,-0.700168,-0.30418527,-0.08690424,0.6940146,-0.19341676,0.254058514,4.068123405,0.557863555,-0.457091301,0.014213551,-0.19341676,0.254058514,4.068123405,0.557863555,-0.457091301,0.014213551,-2.8761072,3.368816,45.278214,5.924511,-5.041717,0.16302943
3.65000019,0.9397844,-1.0522875,-1.2995539,-1.5985159,0.0794184,-1.3655021,0.6036117,-0.6319932,-0.693899,-0.29598808,-0.091078594,0.7274922,0.119367733,-0.718177318,3.554737472,0.487928516,-0.394536102,0.012412317,0.119367733,-0.718177318,3.554737472,0.487928516,-0.394536102,0.012412317,1.7749982,-9.523031,39.564228,5.181801,-4.351733,0.14236927
3.65000019,0.9397844,-1.0522875,-1.2995539,-1.5985159,0.0794184,-1.3655021,0.6036117,-0.6319932,-0.693899,-0.29598808,-0.091078594,0.7274922,0.119367733,-0.718177318,3.554737472,0.487928516,-0.394536102,0.012412317,0.119367733,-0.718177318,3.554737472,0.487928516,-0.394536102,0.012412317,1.7749982,-9.523031,39.564228,5.181801,-4.351733,0.14236927
3.666666858,0.95012844,-1.0629897,-1.3113216,-1.6042027,0.077805236,-1.3528281,0.62311286,-0.6373689,-0.6873573,-0.28830978,-0.09543389,0.7605453,0.125947637,-0.539992442,3.660702427,0.502272918,-0.408071317,0.012678027,0.125947637,-0.539992442,3.660702427,0.502272918,-0.408071317,0.012678027,1.8728414,-7.1603,40.743618,5.3341384,-4.5010266,0.14541698
3.683333525,0.9604881,-1.0735732,-1.3228985,-1.6099293,0.07617697,-1.3400908,0.6227234,-0.62948674,-0.6725749,-0.27909642,-0.09614066,0.7645118,-0.167170385,0.70248355,4.344133375,0.594930505,-0.492297576,0.0149154,-0.167170385,0.70248355,4.344133375,0.594930505,-0.492297576,0.0149154,-2.4858236,9.314932,48.350204,6.318162,-5.4300423,0.17107964
3.683333525,0.9604881,-1.0735732,-1.3228985,-1.6099293,0.07617697,-1.3400908,0.6227234,-0.62948674,-0.6725749,-0.27909642,-0.09614066,0.7645118,-0.167170385,0.70248355,4.344133375,0.594930505,-0.492297576,0.0149154,-0.167170385,0.70248355,4.344133375,0.594930505,-0.492297576,0.0149154,-2.4858236,9.314932,48.350204,6.318162,-5.4300423,0.17107964
3.700000193,0.97115666,-1.0842279,-1.3343166,-1.6153771,0.074476756,-1.3268058,0.6423882,-0.6343554,-0.6653862,-0.26990008,-0.100555405,0.7972801,0.144460495,-0.217322724,3.866488036,0.530691111,-0.434375393,0.013506049,0.144460495,-0.217322724,3.866488036,0.530691111,-0.434375393,0.013506049,2.1481276,-2.8816993,43.03401,5.6359396,-4.7911606,0.15491438
3.700000193,0.97115666,-1.0842279,-1.3343166,-1.6153771,0.074476756,-1.3268058,0.6423882,-0.6343554,-0.6653862,-0.26990008,-0.100555405,0.7972801,0.144460495,-0.217322724,3.866488036,0.530691111,-0.434375393,0.013506049,0.144460495,-0.217322724,3.866488036,0.530691111,-0.434375393,0.013506049,2.1481276,-2.8816993,43.03401,5.6359396,-4.7911606,0.15491438
3.700000193,0.97115666,-1.0842279,-1.3343166,-1.6153771,0.074476756,-1.3268058,0.6423882,-0.6343554,-0.6653862,-0.26990008,-0.100555405,0.7972801,0.144460495,-0.217322724,3.866488036,0.530691111,-0.434375393,0.013506049,0.144460495,-0.217322724,3.866488036,0.530691111,-0.434375393,0.013506049,2.1481276,-2.8816993,43.03401,5.6359396,-4.7911606,0.15491438
3.716666861,0.98215526,-1.0949585,-1.3456185,-1.6207076,0.07269957,-1.3129814,0.6619972,-0.638741,-0.6579149,-0.26113442,-0.10513461,0.8295448,0.152272671,-0.044222695,3.965583109,0.543669074,-0.446792872,0.013742035,0.152272671,-0.044222695,3.965583109,0.543669074,-0.446792872,0.013742035,2.2642946,-0.58639294,44.13694,5.7737656,-4.9281254,0.15762115
3.733333528,0.9931567,-1.1055604,-1.3567237,-1.6260569,0.07090913,-1.2991195,0.6609993,-0.63033694,-0.6431096,-0.25164914,-0.10578171,0.831978,-0.140254515,1.130511858,4.594452233,0.627198821,-0.523443213,0.015477087,-0.140254515,1.130511858,4.594452233,0.627198821,-0.523443213,0.015477087,-2.0855846,14.990587,51.136253,6.6608515,-5.7735786,0.17752218
3.733333528,0.9931567,-1.1055604,-1.3567237,-1.6260569,0.07090913,-1.2991195,0.6609993,-0.63033694,-0.6431096,-0.25164914,-0.10578171,0.831978,-0.140254515,1.130511858,4.594452233,0.627198821,-0.523443213,0.015477087,-0.140254515,1.130511858,4.594452233,0.627198821,-0.523443213,0.015477087,-2.0855846,14.990587,51.136253,6.6608515,-5.7735786,0.17752218
3.750000196,1.0044703,-1.1162179,-1.367659,-1.6311224,0.06904218,-1.2847246,0.6807175,-0.6342275,-0.63504076,-0.24149966,-0.110425286,0.86387944,0.172506152,0.263704937,4.153703551,0.568793094,-0.470387147,0.014461033,0.172506152,0.263704937,4.153703551,0.568793094,-0.470387147,0.014461033,2.5651665,3.4967275,46.23072,6.0405827,-5.18837,0.16586804
3.750000196,1.0044703,-1.1162179,-1.367659,-1.6311224,0.06904218,-1.2847246,0.6807175,-0.6342275,-0.63504076,-0.24149966,-0.110425286,0.86387944,0.172506152,0.263704937,4.153703551,0.568793094,-0.470387147,0.014461033,0.172506152,0.263704937,4.153703551,0.568793094,-0.470387147,0.014461033,2.5651665,3.4967275,46.23072,6.0405827,-5.18837,0.16586804
3.766666863,1.0161139,-1.1269349,-1.3784623,-1.6360509,0.06709477,-1.2698058,0.7003075,-0.63763523,-0.62668043,-0.23169462,-0.115215704,0.8952001,0.180985516,0.430867755,4.245300499,0.580352758,-0.481607864,0.014665861,0.180985516,0.430867755,4.245300499,0.580352758,-0.481607864,0.014665861,2.6912546,5.7133064,47.250195,6.1633463,-5.3121347,0.16821742
3.783333531,1.0277461,-1.1375138,-1.3890642,-1.640978,0.065136224,-1.2548757,0.6986508,-0.62875634,-0.6119074,-0.22201686,-0.11579079,0.89607847,-0.114218116,1.537033444,4.818063412,0.654657278,-0.550408809,0.015900254,-0.114218116,1.537033444,4.818063412,0.654657278,-0.550408809,0.015900254,-1.6984234,20.381063,53.625046,6.9524603,-6.071009,0.18237591
3.783333531,1.0277461,-1.1375138,-1.3890642,-1.640978,0.065136224,-1.2548757,0.6986508,-0.62875634,-0.6119074,-0.22201686,-0.11579079,0.89607847,-0.114218116,1.537033444,4.818063412,0.654657278,-0.550408809,0.015900254,-0.114218116,1.537033444,4.818063412,0.654657278,-0.550408809,0.015900254,-1.6984234,20.381063,53.625046,6.9524603,-6.071009,0.18237591
3.783333531,1.0277461,-1.1375138,-1.3890642,-1.640978,0.065136224,-1.2548757,0.6986508,-0.62875634,-0.6119074,-0.22201686,-0.11579079,0.89607847,-0.114218116,1.537033444,4.818063412,0.654657278,-0.550408809,0.015900254,-0.114218116,1.537033444,4.818063412,0.654657278,-0.550408809,0.015900254,-1.6984234,20.381063,53.625046,6.9524603,-6.071009,0.18237591
3.800000198,1.0396918,-1.1481329,-1.3994852,-1.6456168,0.063096814,-1.2394291,0.7182917,-0.63168526,-0.60299665,-0.21096428,-0.12065049,0.9269596,0.201821472,0.723387645,4.415158377,0.602186692,-0.502425459,0.015276935,0.201821472,0.723387645,4.415158377,0.602186692,-0.502425459,0.015276935,3.0010853,9.59212,49.140713,6.3952227,-5.541753,0.17522645
3.800000198,1.0396918,-1.1481329,-1.3994852,-1.6456168,0.063096814,-1.2394291,0.7182917,-0.63168526,-0.60299665,-0.21096428,-0.12065049,0.9269596,0.201821472,0.723387645,4.415158377,0.602186692,-0.502425459,0.015276935,0.201821472,0.723387645,4.415158377,0.602186692,-0.502425459,0.015276935,3.0010853,9.59212,49.140713,6.3952227,-5.541753,0.17522645
3.816666866,1.0519649,-1.1587954,-1.4097592,-1.6500996,0.06097362,-1.2234771,0.73773134,-0.63413066,-0.5937907,-0.20017678,-0.12563731,0.95718604,0.210320653,0.88423798,4.498901093,0.612328326,-0.512413101,0.015450293,0.210320653,0.88423798,4.498901093,0.612328326,-0.512413101,0.015450293,3.127468,11.724996,50.07277,6.502927,-5.6519165,0.17721486
3.833333533,1.0642116,-1.1693114,-1.4198273,-1.6545601,0.05884163,-1.20754,0.73536986,-0.6248284,-0.57910526,-0.19038911,-0.1261271,0.9564968,-0.090379208,1.92117763,5.014388366,0.677402769,-0.573169072,0.016187499,-0.090379208,1.92117763,5.014388366,0.677402769,-0.573169072,0.016187499,-1.3439388,25.474815,55.810143,7.1940174,-6.322055,0.18567061
3.833333533,1.0642116,-1.1693114,-1.4198273,-1.6545601,0.05884163,-1.20754,0.73536986,-0.6248284,-0.57910526,-0.19038911,-0.1261271,0.9564968,-0.090379208,1.92117763,5.014388366,0.677402769,-0.573169072,0.016187499,-0.090379208,1.92117763,5.014388366,0.677402769,-0.573169072,0.016187499,-1.3439388,25.474815,55.810143,7.1940174,-6.322055,0.18567061
3.850000201,1.0767708,-1.1798531,-1.4297048,-1.6587313,0.05662474,-1.1911062,0.75479865,-0.62681395,-0.5693961,-0.17849132,-0.13118547,0.9862111,0.230731207,1.160884803,4.650176975,0.63094527,-0.530444549,0.015954921,0.230731207,1.160884803,4.650176975,0.63094527,-0.530444549,0.015954921,3.430973,15.3933325,51.75647,6.700639,-5.8508034,0.18300295
3.850000201,1.0767708,-1.1798531,-1.4297048,-1.6587313,0.05662474,-1.1911062,0.75479865,-0.62681395,-0.5693961,-0.17849132,-0.13118547,0.9862111,0.230731207,1.160884803,4.650176975,0.63094527,-0.530444549,0.015954921,0.230731207,1.160884803,4.650176975,0.63094527,-0.530444549,0.015954921,3.430973,15.3933325,51.75647,6.700639,-5.8508034,0.18300295
3.866666868,1.0896521,-1.1904215,-1.4394212,-1.6627287,0.054321084,-1.174188,0.7739543,-0.6283208,-0.55939,-0.16678411,-0.13635072,1.0152037,0.23870513,1.314897523,4.725773444,0.639693077,-0.539183725,0.016096081,0.23870513,1.314897523,4.725773444,0.639693077,-0.539183725,0.016096081,3.5495453,17.435541,52.59786,6.7935405,-5.9471965,0.18462205
3.866666868,1.0896521,-1.1904215,-1.4394212,-1.6627287,0.054321084,-1.174188,0.7739543,-0.6283208,-0.55939,-0.16678411,-0.13635072,1.0152037,0.23870513,1.314897523,4.725773444,0.639693077,-0.539183725,0.016096081,0.23870513,1.314897523,4.725773444,0.639693077,-0.539183725,0.016096081,3.5495453,17.435541,52.59786,6.7935405,-5.9471965,0.18462205
3.883333536,1.1024922,-1.200836,-1.4489285,-1.6666833,0.05201122,-1.1573106,0.7708423,-0.6186457,-0.5448446,-0.15697019,-0.13674262,1.0129423,-0.069881816,2.282768209,5.183564878,0.695669494,-0.591821662,0.016344207,-0.069881816,2.282768209,5.183564878,0.695669494,-0.591821662,0.016344207,-1.0391426,30.269506,57.693077,7.38801,-6.527793,0.18746805
3.883333536,1.1024922,-1.200836,-1.4489285,-1.6666833,0.05201122,-1.1573106,0.7708423,-0.6186457,-0.5448446,-0.15697019,-0.13674262,1.0129423,-0.069881816,2.282768209,5.183564878,0.695669494,-0.591821662,0.016344207,-0.069881816,2.282768209,5.183564878,0.695669494,-0.591821662,0.016344207,-1.0391426,30.269506,57.693077,7.38801,-6.527793,0.18746805
3.900000203,1.1156411,-1.2112617,-1.4582365,-1.6703482,0.0496127,-1.1399577,0.7899195,-0.61971414,-0.53438145,-0.1442821,-0.14198023,1.0413542,0.257773999,1.575525925,4.858561239,0.655247981,-0.554493656,0.016497547,0.257773999,1.575525925,4.858561239,0.655247981,-0.554493656,0.016497547,3.8330994,20.891474,54.075787,6.9587336,-6.116065,0.18922687
3.900000203,1.1156411,-1.2112617,-1.4582365,-1.6703482,0.0496127,-1.1399577,0.7899195,-0.61971414,-0.53438145,-0.1442821,-0.14198023,1.0413542,0.257773999,1.575525925,4.858561239,0.655247981,-0.554493656,0.016497547,0.257773999,1.575525925,4.858561239,0.655247981,-0.554493656,0.016497547,3.8330994,20.891474,54.075787,6.9587336,-6.116065,0.18922687
3.916666871,1.1291049,-1.2216994,-1.4673702,-1.6738226,0.047124818,-1.122143,0.80865395,-0.62031156,-0.52362174,-0.13172154,-0.14730313,1.068976,0.264723572,1.722453047,4.925949083,0.662666166,-0.562006197,0.016604929,0.264723572,1.722453047,4.925949083,0.662666166,-0.562006197,0.016604929,3.9364395,22.839727,54.825813,7.0375147,-6.1989284,0.19045854
3.933333538,1.1425118,-1.2319758,-1.4762921,-1.677236,0.044633552,-1.1043955,0.80475014,-0.6103155,-0.50926733,-0.12196348,-0.14758335,1.0651459,-0.053507094,2.621735275,5.326118366,0.709769596,-0.606544042,0.016374887,-0.053507094,2.621735275,5.326118366,0.709769596,-0.606544042,0.016374887,-0.7956505,34.76421,59.279697,7.537753,-6.690181,0.18781996
3.933333538,1.1425118,-1.2319758,-1.4762921,-1.677236,0.044633552,-1.1043955,0.80475014,-0.6103155,-0.50926733,-0.12196348,-0.14758335,1.0651459,-0.053507094,2.621735275,5.326118366,0.709769596,-0.606544042,0.016374887,-0.053507094,2.621735275,5.326118366,0.709769596,-0.606544042,0.016374887,-0.7956505,34.76421,59.279697,7.537753,-6.690181,0.18781996
3.950000206,1.1562209,-1.2422497,-1.4850065,-1.6803606,0.04205027,-1.0861965,0.8233357,-0.6104975,-0.49809432,-0.10854817,-0.15297645,1.0921221,0.281697949,1.967206296,5.04071389,0.675382901,-0.574721278,0.016906642,0.281697949,1.967206296,5.04071389,0.675382901,-0.574721278,0.016906642,4.1888485,26.085155,56.103146,7.1725664,-6.3391757,0.19391918
3.950000206,1.1562209,-1.2422497,-1.4850065,-1.6803606,0.04205027,-1.0861965,0.8233357,-0.6104975,-0.49809432,-0.10854817,-0.15297645,1.0921221,0.281697949,1.967206296,5.04071389,0.675382901,-0.574721278,0.016906642,0.281697949,1.967206296,5.04071389,0.675382901,-0.574721278,0.016906642,4.1888485,26.085155,56.103146,7.1725664,-6.3391757,0.19391918
3.950000206,1.1562209,-1.2422497,-1.4850065,-1.6803606,0.04205027,-1.0861965,0.8233357,-0.6104975,-0.49809432,-0.10854817,-0.15297645,1.0921221,0.281697949,1.967206296,5.04071389,0.675382901,-0.574721278,0.016906642,0.281697949,1.967206296,5.04071389,0.675382901,-0.574721278,0.016906642,4.1888485,26.085155,56.103146,7.1725664,-6.3391757,0.19391918
3.966666874,1.1702355,-1.2525208,-1.4935336,-1.6832786,0.039375406,-1.0675601,0.84151256,-0.6102185,-0.48662975,-0.09520618,-0.15843327,1.1182493,0.287241573,2.106805804,5.099912302,0.681554396,-0.581046828,0.016978978,0.287241573,2.106805804,5.099912302,0.681554396,-0.581046828,0.016978978,4.271282,27.936245,56.762024,7.2381077,-6.4089465,0.19474888
3.983333541,1.1841779,-1.2626247,-1.5018485,-1.6861176,0.03670024,-1.0490171,0.8367781,-0.5999544,-0.47251838,-0.08558113,-0.15858816,1.1128595,-0.041745666,2.938266541,5.442994796,0.720088675,-0.617588852,0.016284758,-0.041745666,2.938266541,5.442994796,0.720088675,-0.617588852,0.016284758,-0.62075806,38.961414,60.580532,7.6473417,-6.812005,0.18678617
3.983333541,1.1841779,-1.2626247,-1.5018485,-1.6861176,0.03670024,-1.0490171,0.8367781,-0.5999544,-0.47251838,-0.08558113,-0.15858816,1.1128595,-0.041745666,2.938266541,5.442994796,0.720088675,-0.617588852,0.016284758,-0.041745666,2.938266541,5.442994796,0.720088675,-0.617588852,0.016284758,-0.62075806,38.961414,60.580532,7.6473417,-6.812005,0.18678617
4.000000209,1.1984128,-1.2727133,-1.5099485,-1.6886708,0.033930123,-1.0300485,0.854731,-0.5992855,-0.46068314,-0.07150319,-0.16411038,1.1382802,0.30153989,2.335954755,5.197369763,0.691697063,-0.591338729,0.017184139,0.30153989,2.335954755,5.197369763,0.691697063,-0.591338729,0.017184139,4.483898,30.97476,57.846725,7.345823,-6.522466,0.19710207
4.000000209,1.1984128,-1.2727133,-1.5099485,-1.6886708,0.033930123,-1.0300485,0.854731,-0.5992855,-0.46068314,-0.07150319,-0.16411038,1.1382802,0.30153989,2.335954755,5.197369763,0.691697063,-0.591338729,0.017184139,0.30153989,2.335954755,5.197369763,0.691697063,-0.591338729,0.017184139,4.483898,30.97476,57.846725,7.345823,-6.522466,0.19710207
4.016666876,1.2129418,-1.2827845,-1.5178493,-1.6910026,0.031066684,-1.0106698,0.87221104,-0.5981684,-0.44856352,-0.057452455,-0.16967465,1.162796,0.305353818,2.468206944,5.248631686,0.696740986,-0.596552466,0.017221273,0.305353818,2.468206944,5.248631686,0.696740986,-0.596552466,0.017221273,4.5406113,32.728424,58.41727,7.3993893,-6.5799737,0.197528
4.033333544,1.2273823,-1.2926843,-1.525538,-1.6932396,0.028206242,-0.9914099,0.86661184,-0.5876888,-0.43473926,-0.048038285,-0.1696895,1.15587,-0.034825082,3.232982687,5.535758088,0.727097373,-0.625297403,0.016079972,-0.034825082,3.232982687,5.535758088,0.727097373,-0.625297403,0.016079972,-0.51784897,42.86935,61.612988,7.721774,-6.8970304,0.18443727
4.033333544,1.2273823,-1.2926843,-1.525538,-1.6932396,0.028206242,-0.9914099,0.86661184,-0.5876888,-0.43473926,-0.048038285,-0.1696895,1.15587,-0.034825082,3.232982687,5.535758088,0.727097373,-0.625297403,0.016079972,-0.034825082,3.232982687,5.535758088,0.727097373,-0.625297403,0.016079972,-0.51784897,42.86935,61.612988,7.721774,-6.8970304,0.18443727
4.033333544,1.2273823,-1.2926843,-1.525538,-1.6932396,0.028206242,-0.9914099,0.86661184,-0.5876888,-0.43473926,-0.048038285,-0.1696895,1.15587,-0.034825082,3.232982687,5.535758088,0.727097373,-0.625297403,0.016079972,-0.034825082,3.232982687,5.535758088,0.727097373,-0.625297403,0.016079972,-0.51784897,42.86935,61.612988,7.721774,-6.8970304,0.18443727
4.050000211,1.2421038,-1.3025557,-1.5330045,-1.6951947,0.025248418,-0.9717522,0.88379437,-0.58620757,-0.4222912,-0.033365138,-0.1753126,1.1796223,0.316611407,2.682196788,5.32977746,0.704612436,-0.604634445,0.017332646,0.316611407,2.682196788,5.32977746,0.704612436,-0.604634445,0.017332646,4.7080116,35.56593,59.320423,7.482984,-6.669118,0.19880545
4.050000211,1.2421038,-1.3025557,-1.5330045,-1.6951947,0.025248418,-0.9717522,0.88379437,-0.58620757,-0.4222912,-0.033365138,-0.1753126,1.1796223,0.316611407,2.682196788,5.32977746,0.704612436,-0.604634445,0.017332646,0.316611407,2.682196788,5.32977746,0.704612436,-0.604634445,0.017332646,4.7080116,35.56593,59.320423,7.482984,-6.669118,0.19880545
4.066666879,1.2571051,-1.3123962,-1.5402615,-1.6969157,0.022196012,-0.95171225,0.9004383,-0.58429563,-0.4095694,-0.01868348,-0.18095393,1.2024223,0.31844436,2.807080943,5.373408959,0.708651318,-0.608820885,0.01733328,0.31844436,2.807080943,5.373408959,0.708651318,-0.608820885,0.01733328,4.7352676,37.221893,59.80604,7.525877,-6.7152944,0.19881272
4.083333546,1.2720022,-1.322062,-1.5473077,-1.698527,0.019150147,-0.9318172,0.8939483,-0.5736531,-0.39607587,-0.009547596,-0.18081445,1.1939867,-0.032671715,3.506551717,5.606175069,0.731283931,-0.630046407,0.01576586,-0.032671715,3.506551717,5.606175069,0.731283931,-0.630046407,0.01576586,-0.4858284,46.496876,62.39673,7.7662354,-6.949412,0.18083441
4.083333546,1.2720022,-1.322062,-1.5473077,-1.698527,0.019150147,-0.9318172,0.8939483,-0.5736531,-0.39607587,-0.009547596,-0.18081445,1.1939867,-0.032671715,3.506551717,5.606175069,0.731283931,-0.630046407,0.01576586,-0.032671715,3.506551717,5.606175069,0.731283931,-0.630046407,0.01576586,-0.4858284,46.496876,62.39673,7.7662354,-6.949412,0.18083441
4.100000214,1.287166,-1.3316872,-1.5541258,-1.6998616,0.016005024,-0.91155356,0.9102204,-0.57140434,-0.3830634,0.005646247,-0.18650632,1.2159718,0.326414948,3.006550198,5.439515984,0.714583585,-0.614943509,0.01735364,0.326414948,3.006550198,5.439515984,0.714583585,-0.614943509,0.01735364,4.8537903,39.866856,60.541813,7.5888777,-6.782827,0.19904625
4.100000214,1.287166,-1.3316872,-1.5541258,-1.6998616,0.016005024,-0.91155356,0.9102204,-0.57140434,-0.3830634,0.005646247,-0.18650632,1.2159718,0.326414948,3.006550198,5.439515984,0.714583585,-0.614943509,0.01735364,0.326414948,3.006550198,5.439515984,0.714583585,-0.614943509,0.01735364,4.8537903,39.866856,60.541813,7.5888777,-6.782827,0.19904625
4.116666881,1.3025934,-1.341269,-1.5607245,-1.7009507,0.012764605,-0.89093786,0.9258923,-0.5687449,-0.3697903,0.02087909,-0.19219398,1.236959,0.326140711,3.124188154,5.475999296,0.717760345,-0.61820913,0.017316755,0.326140711,3.124188154,5.475999296,0.717760345,-0.61820913,0.017316755,4.8497124,41.426735,60.947872,7.622615,-6.8188467,0.19862318
4.116666881,1.3025934,-1.341269,-1.5607245,-1.7009507,0.012764605,-0.89093786,0.9258923,-0.5687449,-0.3697903,0.02087909,-0.19219398,1.236959,0.326140711,3.124188154,5.475999296,0.717760345,-0.61820913,0.017316755,0.326140711,3.124188154,5.475999296,0.717760345,-0.61820913,0.017316755,4.8497124,41.426735,60.947872,7.622615,-6.8188467,0.19862318
4.133333549,1.3179002,-1.3506727,-1.5671138,-1.7019168,0.009534485,-0.87049156,0.9184892,-0.55799025,-0.35666943,0.029669762,-0.19188556,1.227052,-0.035103937,3.759926441,5.656343308,0.733157336,-0.632250406,0.015347068,-0.035103937,3.759926441,5.656343308,0.733157336,-0.632250406,0.015347068,-0.52199554,49.856625,62.9551,7.786131,-6.973722,0.17603087
4.133333549,1.3179002,-1.3506727,-1.5671138,-1.7019168,0.009534485,-0.87049156,0.9184892,-0.55799025,-0.35666943,0.029669762,-0.19188556,1.227052,-0.035103937,3.759926441,5.656343308,0.733157336,-0.632250406,0.015347068,-0.035103937,3.759926441,5.656343308,0.733157336,-0.632250406,0.015347068,-0.52199554,49.856625,62.9551,7.786131,-6.973722,0.17603087
4.150000216,1.3334572,-1.3600246,-1.5732697,-1.7026129,0.00620383,-0.84970754,0.933716,-0.5550247,-0.3431448,0.045309905,-0.19761205,1.2471805,0.330746567,3.30964343,5.528346333,0.722070737,-0.6226221,0.017247599,0.330746567,3.30964343,5.528346333,0.722070737,-0.6226221,0.017247599,4.9182014,43.88587,61.530495,7.668391,-6.867522,0.19782996
4.150000216,1.3334572,-1.3600246,-1.5732697,-1.7026129,0.00620383,-0.84970754,0.933716,-0.5550247,-0.3431448,0.045309905,-0.19761205,1.2471805,0.330746567,3.30964343,5.528346333,0.722070737,-0.6226221,0.017247599,0.330746567,3.30964343,5.528346333,0.722070737,-0.6226221,0.017247599,4.9182014,43.88587,61.530495,7.668391,-6.867522,0.19782996
4.166666884,1.3492593,-1.3693216,-1.5791979,-1.7030528,0.002777744,-0.82860273,0.948282,-0.55166894,-0.32937497,0.06101121,-0.20331165,1.2662696,0.32825765,3.420312804,5.558284338,0.724536102,-0.625085225,0.017173143,0.32825765,3.420312804,5.558284338,0.724536102,-0.625085225,0.017173143,4.8811913,45.353348,61.863705,7.6945734,-6.89469,0.19697595
4.183333552,1.3649249,-1.3784386,-1.5849195,-1.7033592,-0.000634069,-0.8076919,0.93995,-0.5408545,-0.3166659,0.06939466,-0.20281862,1.2549344,-0.041742844,3.993994942,5.688514949,0.733214538,-0.632335614,0.014827578,-0.041742844,3.993994942,5.688514949,0.733214538,-0.632335614,0.014827578,-0.6207161,52.960373,63.31317,7.7867384,-6.974662,0.17007232
4.183333552,1.3649249,-1.3784386,-1.5849195,-1.7033592,-0.000634069,-0.8076919,0.93995,-0.5408545,-0.3166659,0.06939466,-0.20281862,1.2549344,-0.041742844,3.993994942,5.688514949,0.733214538,-0.632335614,0.014827578,-0.041742844,3.993994942,5.688514949,0.733214538,-0.632335614,0.014827578,-0.6207161,52.960373,63.31317,7.7867384,-6.974662,0.17007232
4.200000219,1.380821,-1.3874937,-1.5904034,-1.7034019,-0.004147049,-0.78647536,0.9539974,-0.53722346,-0.3026805,0.08540072,-0.20854428,1.2731277,0.329450544,3.592618306,5.598438397,0.727558271,-0.628064182,0.017016934,0.329450544,3.592618306,5.598438397,0.727558271,-0.628064182,0.017016934,4.8989296,47.63812,62.31062,7.726669,-6.927548,0.19518423
4.200000219,1.380821,-1.3874937,-1.5904034,-1.7034019,-0.004147049,-0.78647536,0.9539974,-0.53722346,-0.3026805,0.08540072,-0.20854428,1.2731277,0.329450544,3.592618306,5.598438397,0.727558271,-0.628064182,0.017016934,0.329450544,3.592618306,5.598438397,0.727558271,-0.628064182,0.017016934,4.8989296,47.63812,62.31062,7.726669,-6.927548,0.19518423
4.200000219,1.380821,-1.3874937,-1.5904034,-1.7034019,-0.004147049,-0.78647536,0.9539974,-0.53722346,-0.3026805,0.08540072,-0.20854428,1.2731277,0.329450544,3.592618306,5.598438397,0.727558271,-0.628064182,0.017016934,0.329450544,3.592618306,5.598438397,0.727558271,-0.628064182,0.017016934,4.8989296,47.63812,62.31062,7.726669,-6.927548,0.19518423
4.216666887,1.3969417,-1.3964831,-1.5956516,-1.7031802,-0.007754963,-0.7649718,0.9673307,-0.53322536,-0.2884658,0.10148424,-0.21421808,1.2902483,0.324773628,3.696548957,5.622491554,0.729458795,-0.629846291,0.016904173,0.324773628,3.696548957,5.622491554,0.729458795,-0.629846291,0.016904173,4.829384,49.01624,62.57833,7.7468524,-6.9472046,0.19389087
4.233333554,1.4129095,-1.4052913,-1.6006978,-1.7028158,-0.011344451,-0.743684,0.95805913,-0.522401,-0.27620387,0.10939955,-0.21352778,1.2775402,-0.052203119,4.209960604,5.705162864,0.731944768,-0.630736286,0.014211057,-0.052203119,4.209960604,5.705162864,0.731944768,-0.630736286,0.014211057,-0.7762604,55.824078,63.498463,7.7732534,-6.957021,0.16300082
4.233333554,1.4129095,-1.4052913,-1.6006978,-1.7028158,-0.011344451,-0.743684,0.95805913,-0.522401,-0.27620387,0.10939955,-0.21352778,1.2775402,-0.052203119,4.209960604,5.705162864,0.731944768,-0.630736286,0.014211057,-0.052203119,4.209960604,5.705162864,0.731944768,-0.630736286,0.014211057,-0.7762604,55.824078,63.498463,7.7732534,-6.957021,0.16300082
4.250000222,1.4290876,-1.4140282,-1.6055021,-1.7021955,-0.015035036,-0.7221239,0.9708024,-0.5181608,-0.2618089,0.12569119,-0.21921355,1.2937304,0.322626418,3.856420733,5.651978855,0.731495455,-0.631653257,0.016660969,0.322626418,3.856420733,5.651978855,0.731495455,-0.631653257,0.016660969,4.797455,51.13614,62.906525,7.7684817,-6.9671354,0.19110131
4.250000222,1.4290876,-1.4140282,-1.6055021,-1.7021955,-0.015035036,-0.7221239,0.9708024,-0.5181608,-0.2618089,0.12569119,-0.21921355,1.2937304,0.322626418,3.856420733,5.651978855,0.731495455,-0.631653257,0.016660969,0.322626418,3.856420733,5.651978855,0.731495455,-0.631653257,0.016660969,4.797455,51.13614,62.906525,7.7684817,-6.9671354,0.19110131
4.266666889,1.4454668,-1.4226894,-1.6100637,-1.701304,-0.01881942,-0.7003096,0.9827746,-0.51357913,-0.24720263,0.14206651,-0.2248238,1.3088195,0.315681206,3.953931702,5.670819278,0.732965433,-0.632869257,0.016510185,0.315681206,3.953931702,5.670819278,0.732965433,-0.632869257,0.016510185,4.6941795,52.429134,63.11622,7.784093,-6.980548,0.18937182
4.283333557,1.4616766,-1.4311696,-1.614428,-1.7002622,-0.02258103,-0.6787341,0.97256184,-0.50279343,-0.23542221,0.14946216,-0.22392115,1.2947936,-0.065990158,4.408909437,5.708731817,0.729788944,-0.627864196,0.013500322,-0.065990158,4.408909437,5.708731817,0.729788944,-0.627864196,0.013500322,-0.98127365,58.46214,63.538185,7.7503586,-6.925342,0.1548487
4.283333557,1.4616766,-1.4311696,-1.614428,-1.7002622,-0.02258103,-0.6787341,0.97256184,-0.50279343,-0.23542221,0.14946216,-0.22392115,1.2947936,-0.065990158,4.408909437,5.708731817,0.729788944,-0.627864196,0.013500322,-0.065990158,4.408909437,5.708731817,0.729788944,-0.627864196,0.013500322,-0.98127365,58.46214,63.538185,7.7503586,-6.925342,0.1548487
4.283333557,1.4616766,-1.4311696,-1.614428,-1.7002622,-0.02258103,-0.6787341,0.97256184,-0.50279343,-0.23542221,0.14946216,-0.22392115,1.2947936,-0.065990158,4.408909437,5.708731817,0.729788944,-0.627864196,0.013500322,-0.065990158,4.408909437,5.708731817,0.729788944,-0.627864196,0.013500322,-0.98127365,58.46214,63.538185,7.7503586,-6.925342,0.1548487
4.300000224,1.4780735,-1.43957,-1.6185472,-1.6989739,-0.026442938,-0.6569206,0.9838788,-0.49800345,-0.22067048,0.16595268,-0.22952747,1.3089261,0.310323699,4.102164911,5.691215056,0.734299186,-0.633755188,0.016182157,0.310323699,4.102164911,5.691215056,0.734299186,-0.633755188,0.016182157,4.6145134,54.394707,63.343224,7.7982574,-6.9903197,0.18560934
4.300000224,1.4780735,-1.43957,-1.6185472,-1.6989739,-0.026442938,-0.6569206,0.9838788,-0.49800345,-0.22067048,0.16595268,-0.22952747,1.3089261,0.310323699,4.102164911,5.691215056,0.734299186,-0.633755188,0.016182157,0.310323699,4.102164911,5.691215056,0.734299186,-0.633755188,0.016182157,4.6145134,54.394707,63.343224,7.7982574,-6.9903197,0.18560934
4.316666892,1.4946473,-1.4478859,-1.6224182,-1.6974093,-0.030396825,-0.63488865,0.99437547,-0.4928984,-0.20572677,0.18253163,-0.23503397,1.3219378,0.301206906,4.193538418,5.705546733,0.735461869,-0.634519382,0.015991772,0.301206906,4.193538418,5.705546733,0.735461869,-0.634519382,0.015991772,4.4789467,55.60632,63.502735,7.810605,-6.998749,0.18342562
4.333333559,1.5110359,-1.4560213,-1.6260968,-1.6956886,-0.034323465,-0.61311513,0.98322433,-0.48219877,-0.19445811,0.1893565,-0.23390627,1.3066629,-0.082695556,4.592014042,5.701674113,0.727139848,-0.624105267,0.012698141,-0.082695556,4.592014042,5.701674113,0.727139848,-0.624105267,0.012698141,-1.2296829,60.890106,63.459633,7.722225,-6.883881,0.14564767
4.333333559,1.5110359,-1.4560213,-1.6260968,-1.6956886,-0.034323465,-0.61311513,0.98322433,-0.48219877,-0.19445811,0.1893565,-0.23390627,1.3066629,-0.082695556,4.592014042,5.701674113,0.727139848,-0.624105267,0.012698141,-0.082695556,4.592014042,5.701674113,0.727139848,-0.624105267,0.012698141,-1.2296829,60.890106,63.459633,7.722225,-6.883881,0.14564767
4.350000227,1.5275853,-1.4640695,-1.6295283,-1.6937304,-0.038348835,-0.5911388,0.99299884,-0.47692028,-0.17940253,0.20596132,-0.23939115,1.318695,0.292674246,4.330958716,5.71838612,0.736335352,-0.634712105,0.015579552,0.292674246,4.330958716,5.71838612,0.736335352,-0.634712105,0.015579552,4.352066,57.428513,63.645638,7.8198814,-7.0008745,0.17869747
4.350000227,1.5275853,-1.4640695,-1.6295283,-1.6937304,-0.038348835,-0.5911388,0.99299884,-0.47692028,-0.17940253,0.20596132,-0.23939115,1.318695,0.292674246,4.330958716,5.71838612,0.736335352,-0.634712105,0.015579552,0.292674246,4.330958716,5.71838612,0.736335352,-0.634712105,0.015579552,4.352066,57.428513,63.645638,7.8198814,-7.0008745,0.17869747
4.366666894,1.5442853,-1.4720252,-1.6327063,-1.6914922,-0.042463675,-0.56897897,1.0019069,-0.47135508,-0.16417512,0.2226509,-0.24475235,1.329591,0.281429996,4.416500281,5.728905156,0.737298904,-0.635126949,0.015349684,0.281429996,4.416500281,5.728905156,0.737298904,-0.635126949,0.015349684,4.184864,58.562794,63.762714,7.8301144,-7.0054502,0.17606087
4.366666894,1.5442853,-1.4720252,-1.6327063,-1.6914922,-0.042463675,-0.56897897,1.0019069,-0.47135508,-0.16417512,0.2226509,-0.24475235,1.329591,0.281429996,4.416500281,5.728905156,0.737298904,-0.635126949,0.015349684,0.281429996,4.416500281,5.728905156,0.737298904,-0.635126949,0.015349684,4.184864,58.562794,63.762714,7.8301144,-7.0054502,0.17606087
4.383333562,1.5607848,-1.4798024,-1.6356981,-1.6890951,-0.04654665,-0.5470975,0.9898315,-0.46078828,-0.15344752,0.22885524,-0.24338752,1.3131378,-0.10182625,4.760242767,5.686260405,0.724318158,-0.619795575,0.011805256,-0.10182625,4.760242767,5.686260405,0.724318158,-0.619795575,0.011805256,-1.5141563,63.12082,63.28808,7.692259,-6.836345,0.13540629
4.383333562,1.5607848,-1.4798024,-1.6356981,-1.6890951,-0.04654665,-0.5470975,0.9898315,-0.46078828,-0.15344752,0.22885524,-0.24338752,1.3131378,-0.10182625,4.760242767,5.686260405,0.724318158,-0.619795575,0.011805256,-0.10182625,4.760242767,5.686260405,0.724318158,-0.619795575,0.011805256,-1.5141563,63.12082,63.28808,7.692259,-6.836345,0.13540629
4.400000229,1.5774174,-1.4874855,-1.6384411,-1.6864696,-0.050725993,-0.52504855,0.99795455,-0.45508483,-0.13814072,0.24548584,-0.24870728,1.3230404,0.269819669,4.543881826,5.735647539,0.737915201,-0.63482805,0.014854744,0.269819669,4.543881826,5.735647539,0.737915201,-0.63482805,0.014854744,4.0122185,60.251873,63.837757,7.8366594,-7.0021534,0.17038392
4.400000229,1.5774174,-1.4874855,-1.6384411,-1.6864696,-0.050725993,-0.52504855,0.99795455,-0.45508483,-0.13814072,0.24548584,-0.24870728,1.3230404,0.269819669,4.543881826,5.735647539,0.737915201,-0.63482805,0.014854744,0.269819669,4.543881826,5.735647539,0.737915201,-0.63482805,0.014854744,4.0122185,60.251873,63.837757,7.8366594,-7.0021534,0.17038392
4.416666897,1.5941726,-1.4950699,-1.6409264,-1.6835624,-0.054991554,-0.50285107,1.0051718,-0.44912478,-0.12268284,0.26219016,-0.25388002,1.3317956,0.256552116,4.623834256,5.743000685,0.738762777,-0.634981477,0.014583848,0.256552116,4.623834256,5.743000685,0.738762777,-0.634981477,0.014583848,3.81493,61.312042,63.919598,7.8456607,-7.0038457,0.16727674
4.433333565,1.6107115,-1.502478,-1.6432325,-1.6804956,-0.05922056,-0.4809511,0.99218965,-0.43873352,-0.11252315,0.26773188,-0.25226724,1.3142414,-0.123086453,4.91475872,5.664702053,0.721590173,-0.615233415,0.01082476,-0.123086453,4.91475872,5.664702053,0.721590173,-0.615233415,0.01082476,-1.8302956,65.1697,63.048134,7.6632876,-6.7860246,0.12415999
4.433333565,1.6107115,-1.502478,-1.6432325,-1.6804956,-0.05922056,-0.4809511,0.99218965,-0.43873352,-0.11252315,0.26773188,-0.25226724,1.3142414,-0.123086453,4.91475872,5.664702053,0.721590173,-0.615233415,0.01082476,-0.123086453,4.91475872,5.664702053,0.721590173,-0.615233415,0.01082476,-1.8302956,65.1697,63.048134,7.6632876,-6.7860246,0.12415999
4.450000232,1.6273552,-1.5097868,-1.6452886,-1.6772109,-0.06354273,-0.45891938,0.9985631,-0.4326714,-0.0970162,0.2842984,-0.2573778,1.3219953,0.241973148,4.741887917,5.745008114,0.739280203,-0.634360638,0.01400732,0.241973148,4.741887917,5.745008114,0.739280203,-0.634360638,0.01400732,3.5981407,62.877434,63.94194,7.8511558,-6.996998,0.16066396
4.450000232,1.6273552,-1.5097868,-1.6452886,-1.6772109,-0.06354273,-0.45891938,0.9985631,-0.4326714,-0.0970162,0.2842984,-0.2573778,1.3219953,0.241973148,4.741887917,5.745008114,0.739280203,-0.634360638,0.01400732,0.241973148,4.741887917,5.745008114,0.739280203,-0.634360638,0.01400732,3.5981407,62.877434,63.94194,7.8511558,-6.996998,0.16066396
4.450000232,1.6273552,-1.5097868,-1.6452886,-1.6772109,-0.06354273,-0.45891938,0.9985631,-0.4326714,-0.0970162,0.2842984,-0.2573778,1.3219953,0.241973148,4.741887917,5.745008114,0.739280203,-0.634360638,0.01400732,0.241973148,4.741887917,5.745008114,0.739280203,-0.634360638,0.01400732,3.5981407,62.877434,63.94194,7.8511558,-6.996998,0.16066396
4.4666669,1.6440916,-1.5169914,-1.6470838,-1.6736438,-0.067947134,-0.43677527,1.0039926,-0.42638227,-0.08138143,0.30092725,-0.26231885,1.3285983,0.22668024,4.816599597,5.749818128,0.740081128,-0.63432588,0.013697807,0.22668024,4.816599597,5.749818128,0.740081128,-0.63432588,0.013697807,3.3707352,63.86811,63.995476,7.8596616,-6.9966145,0.15711385
4.483333567,1.6605966,-1.5240227,-1.6487085,-1.6699181,-0.07231027,-0.4149453,0.99012935,-0.41620764,-0.0718136,0.3057645,-0.2604479,1.310028,-0.146120093,5.056464079,5.638944107,0.719139446,-0.610653487,0.009758211,-0.146120093,5.056464079,5.638944107,0.719139446,-0.610653487,0.009758211,-2.1728058,67.04871,62.761448,7.637261,-6.735508,0.111926675
4.483333567,1.6605966,-1.5240227,-1.6487085,-1.6699181,-0.07231027,-0.4149453,0.99012935,-0.41620764,-0.0718136,0.3057645,-0.2604479,1.310028,-0.146120093,5.056464079,5.638944107,0.719139446,-0.610653487,0.009758211,-0.146120093,5.056464079,5.638944107,0.719139446,-0.610653487,0.009758211,-2.1728058,67.04871,62.761448,7.637261,-6.735508,0.111926675
4.500000235,1.677176,-1.5309503,-1.6500813,-1.6659847,-0.07676254,-0.3930195,0.99466157,-0.40985355,-0.056155775,0.3221782,-0.26530483,1.3156277,0.209225755,4.925976116,5.74833612,0.740614539,-0.633519969,0.01304159,0.209225755,4.925976116,5.74833612,0.740614539,-0.633519969,0.01304159,3.111187,65.31844,63.97898,7.8653264,-6.9877253,0.14958704
4.500000235,1.677176,-1.5309503,-1.6500813,-1.6659847,-0.07676254,-0.3930195,0.99466157,-0.40985355,-0.056155775,0.3221782,-0.26530483,1.3156277,0.209225755,4.925976116,5.74833612,0.740614539,-0.633519969,0.01304159,0.209225755,4.925976116,5.74833612,0.740614539,-0.633519969,0.01304159,3.111187,65.31844,63.97898,7.8653264,-6.9877253,0.14958704
4.516666902,1.6938165,-1.5377692,-1.6511909,-1.6617705,-0.081292346,-0.3710172,0.9982175,-0.40330356,-0.040396012,0.33863097,-0.26996967,1.3200788,0.191990866,4.995598656,5.751068444,0.741393867,-0.633341858,0.012691679,0.191990866,4.995598656,5.751068444,0.741393867,-0.633341858,0.012691679,2.8549042,66.24164,64.00939,7.873603,-6.9857607,0.14557356
4.53333357,1.7102114,-1.544419,-1.6521375,-1.6574008,-0.08577603,-0.34934446,0.98350734,-0.39338544,-0.031441998,0.34272635,-0.2678327,1.3005813,-0.170621891,5.186135593,5.610670105,0.717070278,-0.60623079,0.008607628,-0.170621891,5.186135593,5.610670105,0.717070278,-0.60623079,0.008607628,-2.5371475,68.76816,62.44676,7.6152864,-6.6867256,0.09872949
4.53333357,1.7102114,-1.544419,-1.6521375,-1.6574008,-0.08577603,-0.34934446,0.98350734,-0.39338544,-0.031441998,0.34272635,-0.2678327,1.3005813,-0.170621891,5.186135593,5.610670105,0.717070278,-0.60623079,0.008607628,-0.170621891,5.186135593,5.610670105,0.717070278,-0.60623079,0.008607628,-2.5371475,68.76816,62.44676,7.6152864,-6.6867256,0.09872949
4.53333357,1.7102114,-1.544419,-1.6521375,-1.6574008,-0.08577603,-0.34934446,0.98350734,-0.39338544,-0.031441998,0.34272635,-0.2678327,1.3005813,-0.170621891,5.186135593,5.610670105,0.717070278,-0.60623079,0.008607628,-0.170621891,5.186135593,5.610670105,0.717070278,-0.60623079,0.008607628,-2.5371475,68.76816,62.44676,7.6152864,-6.6867256,0.09872949
4.550000237,1.7266488,-1.550962,-1.6528331,-1.652834,-0.09034398,-0.3276118,0.9861186,-0.3868063,-0.015687488,0.35889778,-0.27238998,1.3040316,0.171763735,5.096853265,5.747103284,0.741999163,-0.63244153,0.011958583,0.171763735,5.096853265,5.747103284,0.741999163,-0.63244153,0.011958583,2.5541267,67.584274,63.96526,7.880031,-6.97583,0.13716495
4.550000237,1.7266488,-1.550962,-1.6528331,-1.652834,-0.09034398,-0.3276118,0.9861186,-0.3868063,-0.015687488,0.35889778,-0.27238998,1.3040316,0.171763735,5.096853265,5.747103284,0.741999163,-0.63244153,0.011958583,0.171763735,5.096853265,5.747103284,0.741999163,-0.63244153,0.011958583,2.5541267,67.584274,63.96526,7.880031,-6.97583,0.13716495
4.566666905,1.7431153,-1.5573933,-1.6532634,-1.647989,-0.094984055,-0.30583823,0.9877247,-0.38006282,0.000146148,0.37507743,-0.27673402,1.3063439,0.152633554,5.161653061,5.748290536,0.742782981,-0.632164161,0.011569859,0.152633554,5.161653061,5.748290536,0.742782981,-0.632164161,0.011569859,2.269661,68.44352,63.978474,7.8883553,-6.9727707,0.13270628
4.583333572,1.7593222,-1.5636597,-1.6535397,-1.6429943,-0.09957323,-0.28440815,0.972206,-0.37043592,0.008465765,0.37839773,-0.27432394,1.2860101,-0.196394314,5.304598341,5.581335323,0.715420924,-0.602084685,0.007377558,-0.196394314,5.304598341,5.581335323,0.715420924,-0.602084685,0.007377558,-2.9203835,70.338974,62.120262,7.59777,-6.640994,0.084620595
4.583333572,1.7593222,-1.5636597,-1.6535397,-1.6429943,-0.09957323,-0.28440815,0.972206,-0.37043592,0.008465765,0.37839773,-0.27432394,1.2860101,-0.196394314,5.304598341,5.581335323,0.715420924,-0.602084685,0.007377558,-0.196394314,5.304598341,5.581335323,0.715420924,-0.602084685,0.007377558,-2.9203835,70.338974,62.120262,7.59777,-6.640994,0.084620595
4.60000024,1.7755384,-1.5698172,-1.6535654,-1.6378127,-0.10424098,-0.2629536,0.97282445,-0.36370036,0.024268717,0.39423227,-0.2785368,1.2873309,0.129710225,5.255239725,5.742706614,0.743469321,-0.63122458,0.010763632,0.129710225,5.255239725,5.742706614,0.743469321,-0.63122458,0.010763632,1.928791,69.68448,63.916325,7.895644,-6.962407,0.12345886
4.60000024,1.7755384,-1.5698172,-1.6535654,-1.6378127,-0.10424098,-0.2629536,0.97282445,-0.36370036,0.024268717,0.39423227,-0.2785368,1.2873309,0.129710225,5.255239725,5.742706614,0.743469321,-0.63122458,0.010763632,0.129710225,5.255239725,5.742706614,0.743469321,-0.63122458,0.010763632,1.928791,69.68448,63.916325,7.895644,-6.962407,0.12345886
4.616666907,1.7917504,-1.5758612,-1.6533246,-1.6323581,-0.10897465,-0.24149352,0.97241473,-0.3568314,0.04012529,0.41004166,-0.2825161,1.2875272,0.108765305,5.315371552,5.742707985,0.744247886,-0.630863601,0.010336755,0.108765305,5.315371552,5.742707985,0.744247886,-0.630863601,0.010336755,1.6173401,70.48183,63.91634,7.9039125,-6.9584255,0.11856258
4.616666907,1.7917504,-1.5758612,-1.6533246,-1.6323581,-0.10897465,-0.24149352,0.97241473,-0.3568314,0.04012529,0.41004166,-0.2825161,1.2875272,0.108765305,5.315371552,5.742707985,0.744247886,-0.630863601,0.010336755,0.108765305,5.315371552,5.742707985,0.744247886,-0.630863601,0.010336755,1.6173401,70.48183,63.91634,7.9039125,-6.9584255,0.11856258
4.633333575,1.8076892,-1.5817459,-1.6529388,-1.6267617,-0.11365263,-0.22038916,0.9561369,-0.34752986,0.047792587,0.41255698,-0.2798275,1.2664522,-0.223117462,5.412313769,5.552038585,0.714143566,-0.598267999,0.006071494,-0.223117462,5.412313769,5.552038585,0.714143566,-0.598267999,0.006071494,-3.3177567,71.76728,61.79419,7.5842047,-6.598896,0.06964004
4.633333575,1.8076892,-1.5817459,-1.6529388,-1.6267617,-0.11365263,-0.22038916,0.9561369,-0.34752986,0.047792587,0.41255698,-0.2798275,1.2664522,-0.223117462,5.412313769,5.552038585,0.714143566,-0.598267999,0.006071494,-0.223117462,5.412313769,5.552038585,0.714143566,-0.598267999,0.006071494,-3.3177567,71.76728,61.79419,7.5842047,-6.598896,0.06964004
4.650000243,1.8236041,-1.5875202,-1.6523035,-1.6209885,-0.118402615,-0.19929543,0.95470273,-0.34070408,0.06359451,0.42796612,-0.28365096,1.2656733,0.083241466,5.401742512,5.736212718,0.744982628,-0.629906555,0.009462422,0.083241466,5.401742512,5.736212718,0.744982628,-0.629906555,0.009462422,1.2378006,71.627106,63.844048,7.9117155,-6.9478693,0.10853398
4.650000243,1.8236041,-1.5875202,-1.6523035,-1.6209885,-0.118402615,-0.19929543,0.95470273,-0.34070408,0.06359451,0.42796612,-0.28365096,1.2656733,0.083241466,5.401742512,5.736212718,0.744982628,-0.629906555,0.009462422,0.083241466,5.401742512,5.736212718,0.744982628,-0.629906555,0.009462422,1.2378006,71.627106,63.844048,7.9117155,-6.9478693,0.10853398
4.66666691,1.8394798,-1.5931797,-1.6514019,-1.6149487,-0.123211645,-0.17823076,0.95222336,-0.33377752,0.07942388,0.44330707,-0.28722158,1.2637893,0.060601097,5.457231686,5.735268469,0.745716562,-0.629455916,0.00899973,0.060601097,5.457231686,5.735268469,0.745716562,-0.629455916,0.00899973,0.9011383,72.36289,63.833538,7.91951,-6.9428988,0.1032269
4.683333578,1.8550712,-1.5986855,-1.6503644,-1.6087766,-0.12796026,-0.15753248,0.9352397,-0.32483268,0.086423226,0.44499063,-0.2842513,1.2420745,-0.250594569,5.509768065,5.523624746,0.713124877,-0.594779349,0.004695256,-0.250594569,5.509768065,5.523624746,0.713124877,-0.594779349,0.004695256,-3.7263412,73.059525,61.477943,7.573386,-6.560416,0.053854585
4.683333578,1.8550712,-1.5986855,-1.6503644,-1.6087766,-0.12796026,-0.15753248,0.9352397,-0.32483268,0.086423226,0.44499063,-0.2842513,1.2420745,-0.250594569,5.509768065,5.523624746,0.713124877,-0.594779349,0.004695256,-0.250594569,5.509768065,5.523624746,0.713124877,-0.594779349,0.004695256,-3.7263412,73.059525,61.477943,7.573386,-6.560416,0.053854585
4.700000245,1.8706038,-1.6040816,-1.649079,-1.602439,-0.1327735,-0.13687918,0.9317026,-0.31798598,0.10217661,0.45988128,-0.28764078,1.2392358,0.032575514,5.53663435,5.728354715,0.746418797,-0.628464025,0.008062632,0.032575514,5.53663435,5.728354715,0.746418797,-0.628464025,0.008062632,0.4843979,73.41577,63.756588,7.9269676,-6.931958,0.092478395
4.700000245,1.8706038,-1.6040816,-1.649079,-1.602439,-0.1327735,-0.13687918,0.9317026,-0.31798598,0.10217661,0.45988128,-0.28764078,1.2392358,0.032575514,5.53663435,5.728354715,0.746418797,-0.628464025,0.008062632,0.032575514,5.53663435,5.728354715,0.746418797,-0.628464025,0.008062632,0.4843979,73.41577,63.756588,7.9269676,-6.931958,0.092478395
4.700000245,1.8706038,-1.6040816,-1.649079,-1.602439,-0.1327735,-0.13687918,0.9317026,-0.31798598,0.10217661,0.45988128,-0.28764078,1.2392358,0.032575514,5.53663435,5.728354715,0.746418797,-0.628464025,0.008062632,0.032575514,5.53663435,5.728354715,0.746418797,-0.628464025,0.008062632,0.4843979,73.41577,63.756588,7.9269676,-6.931958,0.092478395
4.716666913,1.8860618,-1.609363,-1.6475276,-1.5958428,-0.13763823,-0.11628889,0.9271098,-0.3110693,0.11792967,0.47466058,-0.29076007,1.2353182,0.008356419,5.587588464,5.726674261,0.747057453,-0.627908508,0.007567576,0.008356419,5.587588464,5.726674261,0.747057453,-0.627908508,0.007567576,0.12425995,74.09142,63.737885,7.93375,-6.925831,0.0868001
4.73333358,1.9012244,-1.6144975,-1.6458501,-1.5891256,-0.14243796,-0.09607386,0.909479,-0.3025078,0.12424714,0.47548887,-0.28750613,1.2130629,-0.278592446,5.597368013,5.496667552,0.712197783,-0.591566686,0.003258602,-0.278592446,5.597368013,5.496667552,0.712197783,-0.591566686,0.003258602,-4.1426697,74.2211,61.17791,7.5635405,-6.5249805,0.037376165
4.73333358,1.9012244,-1.6144975,-1.6458501,-1.5891256,-0.14243796,-0.09607386,0.909479,-0.3025078,0.12424714,0.47548887,-0.28750613,1.2130629,-0.278592446,5.597368013,5.496667552,0.712197783,-0.591566686,0.003258602,-0.278592446,5.597368013,5.496667552,0.712197783,-0.591566686,0.003258602,-4.1426697,74.2211,61.17791,7.5635405,-6.5249805,0.037376165
4.750000248,1.9162927,-1.6195229,-1.6439266,-1.5822539,-0.14729416,-0.07593732,0.90380347,-0.2957049,0.13990514,0.48977172,-0.2904188,1.2082174,-0.021988254,5.660332382,5.719705669,0.747616188,-0.626841309,0.006575634,-0.021988254,5.660332382,5.719705669,0.747616188,-0.626841309,0.006575634,-0.32696533,75.05601,63.660324,7.939684,-6.9140596,0.075422525
4.750000248,1.9162927,-1.6195229,-1.6439266,-1.5822539,-0.14729416,-0.07593732,0.90380347,-0.2957049,0.13990514,0.48977172,-0.2904188,1.2082174,-0.021988254,5.660332382,5.719705669,0.747616188,-0.626841309,0.006575634,-0.021988254,5.660332382,5.719705669,0.747616188,-0.626841309,0.006575634,-0.32696533,75.05601,63.660324,7.939684,-6.9140596,0.075422525
4.766666915,1.9312502,-1.6244357,-1.6417391,-1.5751334,-0.1521935,-0.05589683,0.8970667,-0.28886452,0.1555349,0.5038918,-0.29304406,1.2023224,-0.047627534,5.706696776,5.717353101,0.74807933,-0.626143389,0.006050718,-0.047627534,5.706696776,5.717353101,0.74807933,-0.626143389,0.006050718,-0.70822144,75.6708,63.63414,7.9446025,-6.9063616,0.06940174
4.783333583,1.9459034,-1.6292076,-1.6394358,-1.5679053,-0.15702333,-0.03623876,0.87885535,-0.28070918,0.16115993,0.5038492,-0.2895073,1.1796302,-0.306778621,5.675416259,5.471494663,0.711138235,-0.588540867,0.001770845,-0.306778621,5.675416259,5.471494663,0.711138235,-0.588540867,0.001770845,-4.561798,75.25602,60.897736,7.552288,-6.4916058,0.020311594
4.783333583,1.9459034,-1.6292076,-1.6394358,-1.5679053,-0.15702333,-0.03623876,0.87885535,-0.28070918,0.16115993,0.5038492,-0.2895073,1.1796302,-0.306778621,5.675416259,5.471494663,0.711138235,-0.588540867,0.001770845,-0.306778621,5.675416259,5.471494663,0.711138235,-0.588540867,0.001770845,-4.561798,75.25602,60.897736,7.552288,-6.4916058,0.020311594
4.783333583,1.9459034,-1.6292076,-1.6394358,-1.5679053,-0.15702333,-0.03623876,0.87885535,-0.28070918,0.16115993,0.5038492,-0.2895073,1.1796302,-0.306778621,5.675416259,5.471494663,0.711138235,-0.588540867,0.001770845,-0.306778621,5.675416259,5.471494663,0.711138235,-0.588540867,0.001770845,-4.561798,75.25602,60.897736,7.552288,-6.4916058,0.020311594
4.80000025,1.9604259,-1.6338735,-1.6368883,-1.5605334,-0.1619007,-0.016691655,0.871016,-0.2740161,0.17667864,0.5174365,-0.2919007,1.1728393,-0.08008812,5.772933845,5.710515436,0.748347787,-0.624932923,0.005013379,-0.08008812,5.772933845,5.710515436,0.748347787,-0.624932923,0.005013379,-1.1909103,76.5491,63.558037,7.9474535,-6.89301,0.05750346
4.80000025,1.9604259,-1.6338735,-1.6368883,-1.5605334,-0.1619007,-0.016691655,0.871016,-0.2740161,0.17667864,0.5174365,-0.2919007,1.1728393,-0.08008812,5.772933845,5.710515436,0.748347787,-0.624932923,0.005013379,-0.08008812,5.772933845,5.710515436,0.748347787,-0.624932923,0.005013379,-1.1909103,76.5491,63.558037,7.9474535,-6.89301,0.05750346
4.816666918,1.9748014,-1.6384283,-1.6340787,-1.5529245,-0.16681223,0.002727499,0.8621171,-0.26731473,0.19214047,0.5308057,-0.2939924,1.1650345,-0.106963906,5.81479425,5.707555533,0.748553204,-0.624054989,0.004463562,-0.106963906,5.81479425,5.707555533,0.748553204,-0.624054989,0.004463562,-1.5905533,77.10417,63.525093,7.949635,-6.8833265,0.051197052
4.833333585,1.9888638,-1.6428496,-1.6311643,-1.5452235,-0.17164987,0.021758845,0.84339935,-0.25958765,0.19706362,0.5298807,-0.29017442,1.1420105,-0.334744174,5.743927186,5.448064607,0.709665158,-0.585557327,0.000244821,-0.334744174,5.743927186,5.448064607,0.709665158,-0.585557327,0.000244821,-4.977646,76.164474,60.63696,7.536644,-6.4586973,0.002808094
4.833333585,1.9888638,-1.6428496,-1.6311643,-1.5452235,-0.17164987,0.021758845,0.84339935,-0.25958765,0.19706362,0.5298807,-0.29017442,1.1420105,-0.334744174,5.743927186,5.448064607,0.709665158,-0.585557327,0.000244821,-0.334744174,5.743927186,5.448064607,0.709665158,-0.585557327,0.000244821,-4.977646,76.164474,60.63696,7.536644,-6.4586973,0.002808094
4.850000253,2.0027597,-1.6471682,-1.6280082,-1.5373894,-0.1765254,0.040647916,0.83338577,-0.25306806,0.21240044,0.5426872,-0.29200885,1.1333463,-0.141229995,5.874539429,5.700825488,0.748349314,-0.622607272,0.003390491,-0.141229995,5.874539429,5.700825488,0.748349314,-0.622607272,0.003390491,-2.10009,77.89639,63.450188,7.9474697,-6.867358,0.03888893
4.850000253,2.0027597,-1.6471682,-1.6280082,-1.5373894,-0.1765254,0.040647916,0.83338577,-0.25306806,0.21240044,0.5426872,-0.29200885,1.1333463,-0.141229995,5.874539429,5.700825488,0.748349314,-0.622607272,0.003390491,-0.141229995,5.874539429,5.700825488,0.748349314,-0.622607272,0.003390491,-2.10009,77.89639,63.450188,7.9474697,-6.867358,0.03888893
4.86666692,2.016472,-1.6513793,-1.6245925,-1.5293314,-0.18142557,0.059378408,0.82231957,-0.24656998,0.22765194,0.555217,-0.29352787,1.1237079,-0.169118074,5.91181184,5.697193129,0.748193556,-0.621494075,0.002820739,-0.169118074,5.91181184,5.697193129,0.748193556,-0.621494075,0.002820739,-2.5147858,78.390625,63.40976,7.9458156,-6.8550797,0.032353878
4.86666692,2.016472,-1.6513793,-1.6245925,-1.5293314,-0.18142557,0.059378408,0.82231957,-0.24656998,0.22765194,0.555217,-0.29352787,1.1237079,-0.169118074,5.91181184,5.697193129,0.748193556,-0.621494075,0.002820739,-0.169118074,5.91181184,5.697193129,0.748193556,-0.621494075,0.002820739,-2.5147858,78.390625,63.40976,7.9458156,-6.8550797,0.032353878
4.883333588,2.0298662,-1.6554643,-1.6210833,-1.5211974,-0.18624769,0.07771744,0.8031712,-0.2392881,0.2318676,0.55340475,-0.2894335,1.1004552,-0.362157661,5.803167191,5.42626428,0.707485133,-0.582463376,-0.001305586,-0.362157661,5.803167191,5.42626428,0.707485133,-0.582463376,-0.001305586,-5.3852844,76.95,60.39432,7.513492,-6.424571,-0.014975071
4.883333588,2.0298662,-1.6554643,-1.6210833,-1.5211974,-0.18624769,0.07771744,0.8031712,-0.2392881,0.2318676,0.55340475,-0.2894335,1.1004552,-0.362157661,5.803167191,5.42626428,0.707485133,-0.582463376,-0.001305586,-0.362157661,5.803167191,5.42626428,0.707485133,-0.582463376,-0.001305586,-5.3852844,76.95,60.39432,7.513492,-6.424571,-0.014975071
4.900000256,2.0430553,-1.6594502,-1.6173356,-1.5129427,-0.19109726,0.09588427,0.7909792,-0.23300293,0.24698165,0.56534475,-0.2906708,1.0899985,-0.204975716,5.965229109,5.690474052,0.747329906,-0.619705266,0.00172445,-0.204975716,5.965229109,5.690474052,0.747329906,-0.619705266,0.00172445,-3.047989,79.09894,63.334976,7.9366436,-6.835349,0.019779444
4.900000256,2.0430553,-1.6594502,-1.6173356,-1.5129427,-0.19109726,0.09588427,0.7909792,-0.23300293,0.24698165,0.56534475,-0.2906708,1.0899985,-0.204975716,5.965229109,5.690474052,0.747329906,-0.619705266,0.00172445,-0.204975716,5.965229109,5.690474052,0.747329906,-0.619705266,0.00172445,-3.047989,79.09894,63.334976,7.9366436,-6.835349,0.019779444
4.916666923,2.0560248,-1.6633339,-1.6133319,-1.5044785,-0.19596142,0.113863274,0.7777541,-0.22676933,0.26198322,0.5769548,-0.2915811,1.0786116,-0.233449211,5.997804783,5.68608972,0.746707952,-0.618308561,0.001140605,-0.233449211,5.997804783,5.68608972,0.746707952,-0.618308561,0.001140605,-3.4713898,79.53089,63.28618,7.9300385,-6.8199434,0.013082743
4.933333591,2.0686681,-1.6670988,-1.6092459,-1.4959556,-0.20074338,0.13144891,0.75825924,-0.2199467,0.2654903,0.57425684,-0.28721538,1.0552357,-0.388469068,5.853215098,5.405770479,0.704285699,-0.579087386,-0.00286227,-0.388469068,5.853215098,5.405770479,0.704285699,-0.579087386,-0.00286227,-5.776535,77.61363,60.166225,7.479514,-6.387334,-0.03283024
4.933333591,2.0686681,-1.6670988,-1.6092459,-1.4959556,-0.20074338,0.13144891,0.75825924,-0.2199467,0.2654903,0.57425684,-0.28721538,1.0552357,-0.388469068,5.853215098,5.405770479,0.704285699,-0.579087386,-0.00286227,-0.388469068,5.853215098,5.405770479,0.704285699,-0.579087386,-0.00286227,-5.776535,77.61363,60.166225,7.479514,-6.387334,-0.03283024
4.950000258,2.0810728,-1.6707704,-1.6049249,-1.4873241,-0.2055419,0.14883384,0.7439131,-0.21395542,0.2803451,0.5852524,-0.2878203,1.0430744,-0.270300675,6.044887238,5.679183165,0.744983571,-0.616077759,3.24E-05,-0.270300675,6.044887238,5.679183165,0.744983571,-0.616077759,3.24E-05,-4.019371,80.155205,63.20931,7.9117255,-6.7953377,0.000371933
4.950000258,2.0810728,-1.6707704,-1.6049249,-1.4873241,-0.2055419,0.14883384,0.7439131,-0.21395542,0.2803451,0.5852524,-0.2878203,1.0430744,-0.270300675,6.044887238,5.679183165,0.744983571,-0.616077759,3.24E-05,-0.270300675,6.044887238,5.679183165,0.744983571,-0.616077759,3.24E-05,-4.019371,80.155205,63.20931,7.9117255,-6.7953377,0.000371933
4.950000258,2.0810728,-1.6707704,-1.6049249,-1.4873241,-0.2055419,0.14883384,0.7439131,-0.21395542,0.2803451,0.5852524,-0.2878203,1.0430744,-0.270300675,6.044887238,5.679183165,0.744983571,-0.616077759,3.24E-05,-0.270300675,6.044887238,5.679183165,0.744983571,-0.616077759,3.24E-05,-4.019371,80.155205,63.20931,7.9117255,-6.7953377,0.000371933
4.966666926,2.0932245,-1.6743448,-1.6003519,-1.4784995,-0.21034415,0.16600329,0.72854674,-0.20804247,0.29506093,0.5958648,-0.28808656,1.0300328,-0.299330854,6.072929578,5.67393787,0.743798348,-0.614338492,-0.000557571,-0.299330854,6.072929578,5.67393787,0.743798348,-0.614338492,-0.000557571,-4.45105,80.52705,63.15093,7.8991385,-6.7761536,-0.00639534
4.983333593,2.1050432,-1.677808,-1.5957084,-1.4696348,-0.21506047,0.18277922,0.7087889,-0.20169021,0.2978604,0.5922908,-0.28345925,1.0066369,-0.413234842,5.8942136,5.386061553,0.699743398,-0.575244589,-0.004408915,-0.413234842,5.8942136,5.386061553,0.699743398,-0.575244589,-0.004408915,-6.144802,78.15727,59.946865,7.431275,-6.344948,-0.05057025
4.983333593,2.1050432,-1.677808,-1.5957084,-1.4696348,-0.21506047,0.18277922,0.7087889,-0.20169021,0.2978604,0.5922908,-0.28345925,1.0066369,-0.413234842,5.8942136,5.386061553,0.699743398,-0.575244589,-0.004408915,-0.413234842,5.8942136,5.386061553,0.699743398,-0.575244589,-0.004408915,-6.144802,78.15727,59.946865,7.431275,-6.344948,-0.05057025
5.000000261,2.1165888,-1.6811845,-1.5908333,-1.4606742,-0.21978179,0.1993276,0.692309,-0.19604957,0.31242168,0.60226923,-0.28339797,0.99286896,-0.336762603,6.113640395,5.666493898,0.741008401,-0.611550616,-0.001664752,-0.336762603,6.113640395,5.666493898,0.741008401,-0.611550616,-0.001664752,-5.00766,81.06687,63.068077,7.869509,-6.7454033,-0.019094706
5.000000261,2.1165888,-1.6811845,-1.5908333,-1.4606742,-0.21978179,0.1993276,0.692309,-0.19604957,0.31242168,0.60226923,-0.28339797,0.99286896,-0.336762603,6.113640395,5.666493898,0.741008401,-0.611550616,-0.001664752,-0.336762603,6.113640395,5.666493898,0.741008401,-0.611550616,-0.001664752,-5.00766,81.06687,63.068077,7.869509,-6.7454033,-0.019094706
5.016666928,2.127844,-1.6844699,-1.585711,-1.4515373,-0.22449568,0.21563447,0.67483425,-0.1905132,0.32681882,0.611813,-0.2829901,0.9782716,-0.365861535,6.137093591,5.660240605,0.739158884,-0.609423049,-0.002254064,-0.365861535,6.137093591,5.660240605,0.739158884,-0.609423049,-0.002254064,-5.440361,81.37786,62.998478,7.8498673,-6.721936,-0.02585411
5.033333596,2.1387672,-1.6876523,-1.5805299,-1.4423791,-0.22911991,0.23154938,0.6549106,-0.18463884,0.32891476,0.60737956,-0.27811012,0.95495903,-0.435658951,5.926267989,5.366556214,0.693552642,-0.570767594,-0.005927165,-0.435658951,5.926267989,5.366556214,0.693552642,-0.570767594,-0.005927165,-6.4782486,78.58231,59.72977,7.365529,-6.2955666,-0.06798458
5.033333596,2.1387672,-1.6876523,-1.5805299,-1.4423791,-0.22911991,0.23154938,0.6549106,-0.18463884,0.32891476,0.60737956,-0.27811012,0.95495903,-0.435658951,5.926267989,5.366556214,0.693552642,-0.570767594,-0.005927165,-0.435658951,5.926267989,5.366556214,0.693552642,-0.570767594,-0.005927165,-6.4782486,78.58231,59.72977,7.365529,-6.2955666,-0.06798458
5.033333596,2.1387672,-1.6876523,-1.5805299,-1.4423791,-0.22911991,0.23154938,0.6549106,-0.18463884,0.32891476,0.60737956,-0.27811012,0.95495903,-0.435658951,5.926267989,5.366556214,0.693552642,-0.570767594,-0.005927165,-0.435658951,5.926267989,5.366556214,0.693552642,-0.570767594,-0.005927165,-6.4782486,78.58231,59.72977,7.365529,-6.2955666,-0.06798458
5.050000263,2.1493797,-1.6907548,-1.575122,-1.4331384,-0.23373707,0.24721158,0.63633156,-0.17940146,0.3431512,0.61627203,-0.2773537,0.9396873,-0.403462598,6.171597902,5.651927787,0.735123997,-0.605979359,-0.003346944,-0.403462598,6.171597902,5.651927787,0.735123997,-0.605979359,-0.003346944,-5.999489,81.83539,62.905956,7.807017,-6.6839523,-0.038389444
5.050000263,2.1493797,-1.6907548,-1.575122,-1.4331384,-0.23373707,0.24721158,0.63633156,-0.17940146,0.3431512,0.61627203,-0.2773537,0.9396873,-0.403462598,6.171597902,5.651927787,0.735123997,-0.605979359,-0.003346944,-0.403462598,6.171597902,5.651927787,0.735123997,-0.605979359,-0.003346944,-5.999489,81.83539,62.905956,7.807017,-6.6839523,-0.038389444
5.066666931,2.1596692,-1.6937736,-1.5694721,-1.4237406,-0.2383351,0.262608,0.616796,-0.17429382,0.35720155,0.62468344,-0.27624172,0.92364174,-0.432060257,6.190418226,5.644510206,0.732518185,-0.603428388,-0.003928897,-0.432060257,6.190418226,5.644510206,0.732518185,-0.603428388,-0.003928897,-6.424736,82.084946,62.8234,7.779343,-6.655815,-0.04506445
5.083333598,2.1696239,-1.6966964,-1.5637746,-1.4143407,-0.24284016,0.2776157,0.59679586,-0.1689004,0.35860336,0.61941427,-0.27112278,0.90051234,-0.455381987,5.949824176,5.346700937,0.685462664,-0.56550466,-0.007395985,-0.455381987,5.949824176,5.346700937,0.685462664,-0.56550466,-0.007395985,-6.77153,78.89467,59.50878,7.2796135,-6.2375164,-0.08483195
5.083333598,2.1696239,-1.6966964,-1.5637746,-1.4143407,-0.24284016,0.2776157,0.59679586,-0.1689004,0.35860336,0.61941427,-0.27112278,0.90051234,-0.455381987,5.949824176,5.346700937,0.685462664,-0.56550466,-0.007395985,-0.455381987,5.949824176,5.346700937,0.685462664,-0.56550466,-0.007395985,-6.77153,78.89467,59.50878,7.2796135,-6.2375164,-0.08483195
5.100000266,2.1792357,-1.6995478,-1.5578555,-1.4048721,-0.24732564,0.2923474,0.5761752,-0.16411814,0.37248725,0.6271586,-0.26964432,0.8838468,-0.469176466,6.218687837,5.63489189,0.727065225,-0.599241041,-0.004994693,-0.469176466,6.218687837,5.63489189,0.727065225,-0.599241041,-0.004994693,-6.976654,82.4598,62.716347,7.7214327,-6.6096287,-0.057289124
5.100000266,2.1792357,-1.6995478,-1.5578555,-1.4048721,-0.24732564,0.2923474,0.5761752,-0.16411814,0.37248725,0.6271586,-0.26964432,0.8838468,-0.469176466,6.218687837,5.63489189,0.727065225,-0.599241041,-0.004994693,-0.469176466,6.218687837,5.63489189,0.727065225,-0.599241041,-0.004994693,-6.976654,82.4598,62.716347,7.7214327,-6.6096287,-0.057289124
5.116666934,2.18849,-1.7023233,-1.5517,-1.3952662,-0.2517799,0.306791,0.5546328,-0.15948793,0.3861664,0.63438314,-0.26780376,0.8664654,-0.497092251,6.233154918,5.626213368,0.723646814,-0.59623822,-0.005560744,-0.497092251,6.233154918,5.626213368,0.723646814,-0.59623822,-0.005560744,-7.391762,82.651634,62.619755,7.685129,-6.5765076,-0.06378174
5.116666934,2.18849,-1.7023233,-1.5517,-1.3952662,-0.2517799,0.306791,0.5546328,-0.15948793,0.3861664,0.63438314,-0.26780376,0.8664654,-0.497092251,6.233154918,5.626213368,0.723646814,-0.59623822,-0.005560744,-0.497092251,6.233154918,5.626213368,0.723646814,-0.59623822,-0.005560744,-7.391762,82.651634,62.619755,7.685129,-6.5765076,-0.06378174
5.133333601,2.1974082,-1.7050112,-1.5455102,-1.3856776,-0.25613815,0.32085076,0.53465456,-0.15457685,0.386884,0.62830544,-0.2624607,0.8436165,-0.471635368,5.965090445,5.325770485,0.675234687,-0.559321427,-0.00879934,-0.471635368,5.965090445,5.325770485,0.675234687,-0.559321427,-0.00879934,-7.013218,79.0971,59.275826,7.1709924,-6.1693153,-0.100928426
5.133333601,2.1974082,-1.7050112,-1.5455102,-1.3856776,-0.25613815,0.32085076,0.53465456,-0.15457685,0.386884,0.62830544,-0.2624607,0.8436165,-0.471635368,5.965090445,5.325770485,0.675234687,-0.559321427,-0.00879934,-0.471635368,5.965090445,5.325770485,0.675234687,-0.559321427,-0.00879934,-7.013218,79.0971,59.275826,7.1709924,-6.1693153,-0.100928426
5.150000269,2.2059522,-1.7076358,-1.5391029,-1.3760346,-0.2604639,0.33461303,0.5120592,-0.15029489,0.40039536,0.6348509,-0.26023638,0.82567275,-0.533003765,6.255446444,5.615021533,0.716662182,-0.591262254,-0.006586776,-0.533003765,6.255446444,5.615021533,0.716662182,-0.591262254,-0.006586776,-7.925766,82.94722,62.49519,7.6109524,-6.5216227,-0.07555032
5.150000269,2.2059522,-1.7076358,-1.5391029,-1.3760346,-0.2604639,0.33461303,0.5120592,-0.15029489,0.40039536,0.6348509,-0.26023638,0.82567275,-0.533003765,6.255446444,5.615021533,0.716662182,-0.591262254,-0.006586776,-0.533003765,6.255446444,5.615021533,0.716662182,-0.591262254,-0.006586776,-7.925766,82.94722,62.49519,7.6109524,-6.5216227,-0.07555032
5.166666936,2.2141047,-1.7101938,-1.5324659,-1.3662752,-0.26474592,0.34806678,0.4885823,-0.14618722,0.41368216,0.64083856,-0.25764596,0.80707246,-0.55979079,6.265570064,5.604832899,0.712363015,-0.587778705,-0.007131064,-0.55979079,6.265570064,5.604832899,0.712363015,-0.587778705,-0.007131064,-8.324089,83.08146,62.38179,7.565295,-6.483199,-0.08179331
5.183333604,2.2219248,-1.7126715,-1.5258061,-1.3565516,-0.26892906,0.36114323,0.4687299,-0.14175472,0.4137321,0.63398707,-0.2520956,0.7845992,-0.483740811,5.972734799,5.303291533,0.6627275,-0.552145179,-0.010119476,-0.483740811,5.972734799,5.303291533,0.6627275,-0.552145179,-0.010119476,-7.193226,79.19846,59.025635,7.038166,-6.0901613,-0.11607039
5.183333604,2.2219248,-1.7126715,-1.5258061,-1.3565516,-0.26892906,0.36114323,0.4687299,-0.14175472,0.4137321,0.63398707,-0.2520956,0.7845992,-0.483740811,5.972734799,5.303291533,0.6627275,-0.552145179,-0.010119476,-0.483740811,5.972734799,5.303291533,0.6627275,-0.552145179,-0.010119476,-7.193226,79.19846,59.025635,7.038166,-6.0901613,-0.11607039
5.200000271,2.229338,-1.7150958,-1.5189346,-1.3467894,-0.2730666,0.3739027,0.44423378,-0.13801605,0.4268494,0.63928354,-0.24910638,0.765495,-0.59400198,6.282147023,5.591686417,0.703756823,-0.581970803,-0.008106336,-0.59400198,6.282147023,5.591686417,0.703756823,-0.581970803,-0.008106336,-8.832809,83.30127,62.23547,7.4738975,-6.419138,-0.09297967
5.200000271,2.229338,-1.7150958,-1.5189346,-1.3467894,-0.2730666,0.3739027,0.44423378,-0.13801605,0.4268494,0.63928354,-0.24910638,0.765495,-0.59400198,6.282147023,5.591686417,0.703756823,-0.581970803,-0.008106336,-0.59400198,6.282147023,5.591686417,0.703756823,-0.581970803,-0.008106336,-8.832809,83.30127,62.23547,7.4738975,-6.419138,-0.09297967
5.200000271,2.229338,-1.7150958,-1.5189346,-1.3467894,-0.2730666,0.3739027,0.44423378,-0.13801605,0.4268494,0.63928354,-0.24910638,0.765495,-0.59400198,6.282147023,5.591686417,0.703756823,-0.581970803,-0.008106336,-0.59400198,6.282147023,5.591686417,0.703756823,-0.581970803,-0.008106336,-8.832809,83.30127,62.23547,7.4738975,-6.419138,-0.09297967
5.216666939,2.2363296,-1.7174625,-1.5118402,-1.3369318,-0.27714768,0.38633525,0.41890746,-0.13447012,0.43972787,0.643994,-0.24574864,0.7457974,-0.61914358,6.288274705,5.579997266,0.698568682,-0.578025894,-0.008621555,-0.61914358,6.288274705,5.579997266,0.698568682,-0.578025894,-0.008621555,-9.206665,83.38252,62.10537,7.4187994,-6.3756256,-0.09888923
5.233333606,2.242992,-1.7197565,-1.5047358,-1.3271292,-0.28112745,0.39839834,0.3992805,-0.1305102,0.43912655,0.63640636,-0.24001108,0.7237906,-0.491312485,5.973407406,5.27866977,0.647851797,-0.543914183,-0.011341605,-0.491312485,5.973407406,5.27866977,0.647851797,-0.543914183,-0.011341605,-7.3058167,79.20738,58.751595,6.880186,-5.9993734,-0.13008821
5.233333606,2.242992,-1.7197565,-1.5047358,-1.3271292,-0.28112745,0.39839834,0.3992805,-0.1305102,0.43912655,0.63640636,-0.24001108,0.7237906,-0.491312485,5.973407406,5.27866977,0.647851797,-0.543914183,-0.011341605,-0.491312485,5.973407406,5.27866977,0.647851797,-0.543914183,-0.011341605,-7.3058167,79.20738,58.751595,6.880186,-5.9993734,-0.13008821
5.250000274,2.249218,-1.7220066,-1.497425,-1.3173039,-0.28504795,0.41012716,0.37297425,-0.12735379,0.45183703,0.64041567,-0.23624215,0.70365006,-0.651100071,6.299448948,5.564614062,0.688302764,-0.571378879,-0.009537273,-0.651100071,6.299448948,5.564614062,0.688302764,-0.571378879,-0.009537273,-9.681858,83.53069,61.934155,7.3097754,-6.302309,-0.109392524
5.250000274,2.249218,-1.7220066,-1.497425,-1.3173039,-0.28504795,0.41012716,0.37297425,-0.12735379,0.45183703,0.64041567,-0.23624215,0.70365006,-0.651100071,6.299448948,5.564614062,0.688302764,-0.571378879,-0.009537273,-0.651100071,6.299448948,5.564614062,0.688302764,-0.571378879,-0.009537273,-9.681858,83.53069,61.934155,7.3097754,-6.302309,-0.109392524
5.266666941,2.254994,-1.7242095,-1.4898981,-1.307406,-0.28889915,0.4215128,0.34589094,-0.12440774,0.4642946,0.6438158,-0.23210359,0.68297875,-0.674271728,6.301816592,5.551277702,0.682219004,-0.566979613,-0.010018288,-0.674271728,6.301816592,5.551277702,0.682219004,-0.566979613,-0.010018288,-10.026421,83.56209,61.78572,7.245166,-6.253785,-0.11490977
5.283333609,2.2604458,-1.726347,-1.482373,-1.2975812,-0.29264697,0.43253833,0.32658878,-0.120911345,0.46306133,0.63553715,-0.2261999,0.6615255,-0.493946345,5.968029431,5.251539493,0.63061328,-0.534625672,-0.012452954,-0.493946345,5.968029431,5.251539493,0.63061328,-0.534625672,-0.012452954,-7.344982,79.13607,58.449635,6.697113,-5.896921,-0.14283538
5.283333609,2.2604458,-1.726347,-1.482373,-1.2975812,-0.29264697,0.43253833,0.32658878,-0.120911345,0.46306133,0.63553715,-0.2261999,0.6615255,-0.493946345,5.968029431,5.251539493,0.63061328,-0.534625672,-0.012452954,-0.493946345,5.968029431,5.251539493,0.63061328,-0.534625672,-0.012452954,-7.344982,79.13607,58.449635,6.697113,-5.896921,-0.14283538
5.283333609,2.2604458,-1.726347,-1.482373,-1.2975812,-0.29264697,0.43253833,0.32658878,-0.120911345,0.46306133,0.63553715,-0.2261999,0.6615255,-0.493946345,5.968029431,5.251539493,0.63061328,-0.534625672,-0.012452954,-0.493946345,5.968029431,5.251539493,0.63061328,-0.534625672,-0.012452954,-7.344982,79.13607,58.449635,6.697113,-5.896921,-0.14283538
5.300000276,2.2654316,-1.7284514,-1.474648,-1.2877495,-0.29632196,0.4432144,0.29856992,-0.118371315,0.47535187,0.638229,-0.22164077,0.640474,-0.703501236,6.308120912,5.533472697,0.67031855,-0.559518214,-0.010864591,-0.703501236,6.308120912,5.533472697,0.67031855,-0.559518214,-0.010864591,-10.461063,83.64568,61.58755,7.118783,-6.171486,-0.12461686
5.300000276,2.2654316,-1.7284514,-1.474648,-1.2877495,-0.29632196,0.4432144,0.29856992,-0.118371315,0.47535187,0.638229,-0.22164077,0.640474,-0.703501236,6.308120912,5.533472697,0.67031855,-0.559518214,-0.010864591,-0.703501236,6.308120912,5.533472697,0.67031855,-0.559518214,-0.010864591,-10.461063,83.64568,61.58755,7.118783,-6.171486,-0.12461686
5.316666944,2.2699404,-1.7305186,-1.466714,-1.277868,-0.2999145,0.453533,0.2698365,-0.11605606,0.4873787,0.64029115,-0.21671264,0.6189557,-0.724256832,6.307149113,5.518511064,0.663377381,-0.554706871,-0.011307204,-0.724256832,6.307149113,5.518511064,0.663377381,-0.554706871,-0.011307204,-10.769699,83.6328,61.42103,7.045068,-6.118417,-0.12969363
5.333333611,2.2741313,-1.7325279,-1.4587935,-1.2680767,-0.303402,0.4635025,0.25096467,-0.11301153,0.4855354,0.63136774,-0.21066746,0.5981377,-0.491177803,5.95758533,5.221637818,0.611096991,-0.524326032,-0.01344421,-0.491177803,5.95758533,5.221637818,0.611096991,-0.524326032,-0.01344421,-7.303814,78.99758,58.11683,6.48985,-5.783316,-0.15420508
5.333333611,2.2741313,-1.7325279,-1.4587935,-1.2680767,-0.303402,0.4635025,0.25096467,-0.11301153,0.4855354,0.63136774,-0.21066746,0.5981377,-0.491177803,5.95758533,5.221637818,0.611096991,-0.524326032,-0.01344421,-0.491177803,5.95758533,5.221637818,0.611096991,-0.524326032,-0.01344421,-7.303814,78.99758,58.11683,6.48985,-5.783316,-0.15420508
5.350000279,2.277832,-1.7345153,-1.450679,-1.2582958,-0.306803,0.47310916,0.2213479,-0.11111738,0.49739715,0.6327152,-0.2053111,0.5763014,-0.7502763,6.309104793,5.498150931,0.649907854,-0.546482273,-0.012079622,-0.7502763,6.309104793,5.498150931,0.649907854,-0.546482273,-0.012079622,-11.156609,83.65873,61.19442,6.9020214,-6.0276995,-0.13855326
5.350000279,2.277832,-1.7345153,-1.450679,-1.2582958,-0.306803,0.47310916,0.2213479,-0.11111738,0.49739715,0.6327152,-0.2053111,0.5763014,-0.7502763,6.309104793,5.498150931,0.649907854,-0.546482273,-0.012079622,-0.7502763,6.309104793,5.498150931,0.649907854,-0.546482273,-0.012079622,-11.156609,83.65873,61.19442,6.9020214,-6.0276995,-0.13855326
5.366666947,2.2810278,-1.7364764,-1.4423635,-1.2484881,-0.31010827,0.48234624,0.19107632,-0.10946027,0.5089861,0.6334209,-0.1995892,0.55406296,-0.76850219,6.305319439,5.481596242,0.64217941,-0.541304591,-0.012479373,-0.76850219,6.305319439,5.481596242,0.64217941,-0.541304591,-0.012479373,-11.427628,83.608536,61.010166,6.8199453,-5.9705896,-0.14313841
5.366666947,2.2810278,-1.7364764,-1.4423635,-1.2484881,-0.31010827,0.48234624,0.19107632,-0.10946027,0.5089861,0.6334209,-0.1995892,0.55406296,-0.76850219,6.305319439,5.481596242,0.64217941,-0.541304591,-0.012479373,-0.76850219,6.305319439,5.481596242,0.64217941,-0.541304591,-0.012479373,-11.427628,83.608536,61.010166,6.8199453,-5.9705896,-0.14313841
5.383333614,2.2839153,-1.7383866,-1.4340731,-1.2387872,-0.31330723,0.49124637,0.1727391,-0.10685045,0.5065554,0.62390053,-0.19342883,0.5339585,-0.482891162,5.943442757,5.188908881,0.5894841,-0.513104839,-0.014309812,-0.482891162,5.943442757,5.188908881,0.5894841,-0.513104839,-0.014309812,-7.1805916,78.81005,57.752556,6.260321,-5.6595464,-0.16413355
5.383333614,2.2839153,-1.7383866,-1.4340731,-1.2387872,-0.31330723,0.49124637,0.1727391,-0.10685045,0.5065554,0.62390053,-0.19342883,0.5339585,-0.482891162,5.943442757,5.188908881,0.5894841,-0.513104839,-0.014309812,-0.482891162,5.943442757,5.188908881,0.5894841,-0.513104839,-0.014309812,-7.1805916,78.81005,57.752556,6.260321,-5.6595464,-0.16413355
5.400000282,2.2862868,-1.7402862,-1.425595,-1.2291139,-0.3164058,0.49977255,0.14164376,-0.1056269,0.5179835,0.6238884,-0.18727432,0.5114651,-0.790948105,6.303636485,5.458698461,0.627272816,-0.532402045,-0.013173084,-0.790948105,6.303636485,5.458698461,0.627272816,-0.532402045,-0.013173084,-11.761398,83.58622,60.755314,6.6616373,-5.8723946,-0.15109527
5.400000282,2.2862868,-1.7402862,-1.425595,-1.2291139,-0.3164058,0.49977255,0.14164376,-0.1056269,0.5179835,0.6238884,-0.18727432,0.5114651,-0.790948105,6.303636485,5.458698461,0.627272816,-0.532402045,-0.013173084,-0.790948105,6.303636485,5.458698461,0.627272816,-0.532402045,-0.013173084,-11.761398,83.58622,60.755314,6.6616373,-5.8723946,-0.15109527
5.416666949,2.2881305,-1.7421705,-1.4169233,-1.2194378,-0.31939563,0.50791913,0.1099646,-0.10465059,0.52913135,0.6232258,-0.18075962,0.48863536,-0.806256149,6.297504776,5.440625776,0.618841644,-0.5269246,-0.013527968,-0.806256149,6.297504776,5.440625776,0.618841644,-0.5269246,-0.013527968,-11.989029,83.50491,60.554165,6.5720983,-5.8119783,-0.15516579
5.433333617,2.289678,-1.7440108,-1.408288,-1.2098837,-0.3222783,0.5157421,0.09226368,-0.10245818,0.52613664,0.6131632,-0.17451164,0.46931648,-0.469121567,5.926883059,5.153355766,0.566020658,-0.501075573,-0.015045834,-0.469121567,5.926883059,5.153355766,0.566020658,-0.501075573,-0.015045834,-6.9758377,78.59047,57.35685,6.0111394,-5.5268636,-0.17257571
5.433333617,2.289678,-1.7440108,-1.408288,-1.2098837,-0.3222783,0.5157421,0.09226368,-0.10245818,0.52613664,0.6131632,-0.17451164,0.46931648,-0.469121567,5.926883059,5.153355766,0.566020658,-0.501075573,-0.015045834,-0.469121567,5.926883059,5.153355766,0.566020658,-0.501075573,-0.015045834,-6.9758377,78.59047,57.35685,6.0111394,-5.5268636,-0.17257571
5.450000284,2.2906866,-1.7458525,-1.3994715,-1.2003752,-0.32504693,0.52318215,0.05981883,-0.1019254,0.5371275,0.6117811,-0.16756275,0.4462938,-0.82509003,6.293003663,5.415256154,0.602674035,-0.517438308,-0.014141631,-0.82509003,6.293003663,5.415256154,0.602674035,-0.517438308,-0.014141631,-12.269089,83.44523,60.2718,6.4003983,-5.7073445,-0.1622045
5.450000284,2.2906866,-1.7458525,-1.3994715,-1.2003752,-0.32504693,0.52318215,0.05981883,-0.1019254,0.5371275,0.6117811,-0.16756275,0.4462938,-0.82509003,6.293003663,5.415256154,0.602674035,-0.517438308,-0.014141631,-0.82509003,6.293003663,5.415256154,0.602674035,-0.517438308,-0.014141631,-12.269089,83.44523,60.2718,6.4003983,-5.7073445,-0.1622045
5.450000284,2.2906866,-1.7458525,-1.3994715,-1.2003752,-0.32504693,0.52318215,0.05981883,-0.1019254,0.5371275,0.6117811,-0.16756275,0.4462938,-0.82509003,6.293003663,5.415256154,0.602674035,-0.517438308,-0.014141631,-0.82509003,6.293003663,5.415256154,0.602674035,-0.517438308,-0.014141631,-12.269089,83.44523,60.2718,6.4003983,-5.7073445,-0.1622045
5.466666952,2.2911463,-1.7476904,-1.3904697,-1.1908871,-0.3276938,0.5302348,0.026864639,-0.10164719,0.5478327,0.6097464,-0.16026077,0.42300048,-0.837355808,6.285167136,5.395828617,0.59366298,-0.511738136,-0.014450993,-0.837355808,6.285167136,5.395828617,0.59366298,-0.511738136,-0.014450993,-12.451481,83.34132,60.055573,6.304701,-5.6444716,-0.16575289
5.483333619,2.291321,-1.7494905,-1.3815154,-1.1815356,-0.33023313,0.5369783,0.009897917,-0.099849805,0.54430026,0.5991968,-0.15395595,0.40453336,-0.450127607,5.909614505,5.115307502,0.5410506,-0.488402988,-0.015653203,-0.450127607,5.909614505,5.115307502,0.5410506,-0.488402988,-0.015653203,-6.6933975,78.36149,56.933372,5.7459574,-5.387085,-0.17954224
5.483333619,2.291321,-1.7494905,-1.3815154,-1.1815356,-0.33023313,0.5369783,0.009897917,-0.099849805,0.54430026,0.5991968,-0.15395595,0.40453336,-0.450127607,5.909614505,5.115307502,0.5410506,-0.488402988,-0.015653203,-0.450127607,5.909614505,5.115307502,0.5410506,-0.488402988,-0.015653203,-6.6933975,78.36149,56.933372,5.7459574,-5.387085,-0.17954224
5.500000287,2.2909362,-1.7513034,-1.3723861,-1.1722478,-0.3326448,0.54333204,-0.02375343,-0.10002295,0.55485535,0.5964436,-0.14622036,0.38110757,-0.852366013,6.278671794,5.368196225,0.576452571,-0.501792991,-0.014984244,-0.852366013,6.278671794,5.368196225,0.576452571,-0.501792991,-0.014984244,-12.674683,83.25519,59.748024,6.1219263,-5.5347767,-0.17186928
5.500000287,2.2909362,-1.7513034,-1.3723861,-1.1722478,-0.3326448,0.54333204,-0.02375343,-0.10002295,0.55485535,0.5964436,-0.14622036,0.38110757,-0.852366013,6.278671794,5.368196225,0.576452571,-0.501792991,-0.014984244,-0.852366013,6.278671794,5.368196225,0.576452571,-0.501792991,-0.014984244,-12.674683,83.25519,59.748024,6.1219263,-5.5347767,-0.17186928
5.516666954,2.289984,-1.7531251,-1.3630794,-1.163004,-0.3349217,0.5492927,-0.057837263,-0.10045671,0.56511897,0.59304005,-0.13814136,0.35747594,-0.861556689,6.269700063,5.347545449,0.566992338,-0.495945748,-0.015247414,-0.861556689,6.269700063,5.347545449,0.566992338,-0.495945748,-0.015247414,-12.811348,83.13622,59.51818,6.0214586,-5.4702816,-0.17488784
5.533333622,2.288761,-1.7549149,-1.3538303,-1.1539102,-0.3370914,0.5549594,-0.073968776,-0.099030405,0.561075,0.582061,-0.13181248,0.3399217,-0.426134265,5.893139386,5.075089694,0.51494426,-0.475260656,-0.016136251,-0.426134265,5.893139386,5.075089694,0.51494426,-0.475260656,-0.016136251,-6.3366165,78.14303,56.48575,5.468708,-5.242125,-0.1850828
5.533333622,2.288761,-1.7549149,-1.3538303,-1.1539102,-0.3370914,0.5549594,-0.073968776,-0.099030405,0.561075,0.582061,-0.13181248,0.3399217,-0.426134265,5.893139386,5.075089694,0.51494426,-0.475260656,-0.016136251,-0.426134265,5.893139386,5.075089694,0.51494426,-0.475260656,-0.016136251,-6.3366165,78.14303,56.48575,5.468708,-5.242125,-0.1850828
5.533333622,2.288761,-1.7549149,-1.3538303,-1.1539102,-0.3370914,0.5549594,-0.073968776,-0.099030405,0.561075,0.582061,-0.13181248,0.3399217,-0.426134265,5.893139386,5.075089694,0.51494426,-0.475260656,-0.016136251,-0.426134265,5.893139386,5.075089694,0.51494426,-0.475260656,-0.016136251,-6.3366165,78.14303,56.48575,5.468708,-5.242125,-0.1850828
5.550000289,2.2869618,-1.7567297,-1.3444128,-1.1448978,-0.33912003,0.56023186,-0.108679235,-0.09991926,0.57119465,0.57794285,-0.12330336,0.3162194,-0.872875334,6.262215086,5.317929277,0.548995192,-0.485672436,-0.0157032,-0.872875334,6.262215086,5.317929277,0.548995192,-0.485672436,-0.0157032,-12.979656,83.03697,59.188553,5.830329,-5.356967,-0.1801157
5.550000289,2.2869618,-1.7567297,-1.3444128,-1.1448978,-0.33912003,0.56023186,-0.108679235,-0.09991926,0.57119465,0.57794285,-0.12330336,0.3162194,-0.872875334,6.262215086,5.317929277,0.548995192,-0.485672436,-0.0157032,-0.872875334,6.262215086,5.317929277,0.548995192,-0.485672436,-0.0157032,-12.979656,83.03697,59.188553,5.830329,-5.356967,-0.1801157
5.566666957,2.2845776,-1.758565,-1.3348253,-1.1359528,-0.34100136,0.56510735,-0.1437442,-0.101070754,0.5810195,0.5731805,-0.11446356,0.2923731,-0.879086082,6.252912518,5.296357216,0.539251954,-0.47977055,-0.015921383,-0.879086082,6.252912518,5.296357216,0.539251954,-0.47977055,-0.015921383,-13.07201,82.91362,58.948456,5.7268558,-5.291869,-0.18261826
5.583333625,2.2819376,-1.7603741,-1.3253056,-1.1271697,-0.34277606,0.56970537,-0.15894555,-0.09998969,0.5764879,0.56183195,-0.108143054,0.2757857,-0.397742091,5.879075639,5.033145161,0.488121272,-0.461829152,-0.016500462,-0.397742091,5.879075639,5.033145161,0.488121272,-0.461829152,-0.016500462,-5.914425,77.95654,56.018906,5.183848,-5.0939755,-0.1892603
5.583333625,2.2819376,-1.7603741,-1.3253056,-1.1271697,-0.34277606,0.56970537,-0.15894555,-0.09998969,0.5764879,0.56183195,-0.108143054,0.2757857,-0.397742091,5.879075639,5.033145161,0.488121272,-0.461829152,-0.016500462,-0.397742091,5.879075639,5.033145161,0.488121272,-0.461829152,-0.016500462,-5.914425,77.95654,56.018906,5.183848,-5.0939755,-0.1892603
5.600000292,2.2787066,-1.7622201,-1.3156245,-1.1184865,-0.34439686,0.5739063,-0.19455907,-0.101599194,0.5861755,0.55636245,-0.098879755,0.25192794,-0.886798338,6.245249177,5.265034884,0.52073177,-0.469300321,-0.016302801,-0.886798338,6.245249177,5.265034884,0.52073177,-0.469300321,-0.016302801,-13.186691,82.812004,58.59984,5.5301714,-5.1763825,-0.18699312
5.600000292,2.2787066,-1.7622201,-1.3156245,-1.1184865,-0.34439686,0.5739063,-0.19455907,-0.101599194,0.5861755,0.55636245,-0.098879755,0.25192794,-0.886798338,6.245249177,5.265034884,0.52073177,-0.469300321,-0.016302801,-0.886798338,6.245249177,5.265034884,0.52073177,-0.469300321,-0.016302801,-13.186691,82.812004,58.59984,5.5301714,-5.1763825,-0.18699312
5.61666696,2.2748783,-1.7640982,-1.3057815,-1.1098942,-0.34585795,0.5777087,-0.23044421,-0.103472084,0.5955676,0.5502588,-0.08929958,0.22798976,-0.890086366,6.236264213,5.242803733,0.510863665,-0.463429777,-0.016478673,-0.890086366,6.236264213,5.242803733,0.510863665,-0.463429777,-0.016478673,-13.235584,82.69286,58.352406,5.425372,-5.1116304,-0.18901038
5.61666696,2.2748783,-1.7640982,-1.3057815,-1.1098942,-0.34585795,0.5777087,-0.23044421,-0.103472084,0.5955676,0.5502588,-0.08929958,0.22798976,-0.890086366,6.236264213,5.242803733,0.510863665,-0.463429777,-0.016478673,-0.890086366,6.236264213,5.242803733,0.510863665,-0.463429777,-0.016478673,-13.235584,82.69286,58.352406,5.425372,-5.1116304,-0.18901038
5.633333627,2.270811,-1.7659557,-1.2960153,-1.1014743,-0.34721375,0.5812508,-0.24462497,-0.10270823,0.59057665,0.538604,-0.083023,0.21241648,-0.365643735,5.869179865,4.990146017,0.461037954,-0.448310797,-0.016756341,-0.365643735,5.869179865,4.990146017,0.461037954,-0.448310797,-0.016756341,-5.4371223,77.825325,55.540325,4.896223,-4.944868,-0.19219524
5.633333627,2.270811,-1.7659557,-1.2960153,-1.1014743,-0.34721375,0.5812508,-0.24462497,-0.10270823,0.59057665,0.538604,-0.083023,0.21241648,-0.365643735,5.869179865,4.990146017,0.461037954,-0.448310797,-0.016756341,-0.365643735,5.869179865,4.990146017,0.461037954,-0.448310797,-0.016756341,-5.4371223,77.825325,55.540325,4.896223,-4.944868,-0.19219524
5.650000295,2.2661397,-1.7678622,-1.286094,-1.0931723,-0.34840298,0.584395,-0.28098238,-0.10503891,0.5998383,0.53180414,-0.07302826,0.18852292,-0.894623726,6.229429403,5.21015911,0.492113503,-0.452895264,-0.016791585,-0.894623726,6.229429403,5.21015911,0.492113503,-0.452895264,-0.016791585,-13.303055,82.602234,57.98907,5.2262454,-4.9954348,-0.19259948
5.650000295,2.2661397,-1.7678622,-1.286094,-1.0931723,-0.34840298,0.584395,-0.28098238,-0.10503891,0.5998383,0.53180414,-0.07302826,0.18852292,-0.894623726,6.229429403,5.21015911,0.492113503,-0.452895264,-0.016791585,-0.894623726,6.229429403,5.21015911,0.492113503,-0.452895264,-0.016791585,-13.303055,82.602234,57.98907,5.2262454,-4.9954348,-0.19259948
5.666666962,2.260859,-1.7698127,-1.2760187,-1.0849838,-0.3494205,0.587141,-0.3175253,-0.10763066,0.6088028,0.52438617,-0.06273305,0.16460912,-0.895169379,6.22145939,5.187555401,0.482291196,-0.447142394,-0.016927028,-0.895169379,6.22145939,5.187555401,0.482291196,-0.447142394,-0.016927028,-13.311169,82.49655,57.73749,5.1219325,-4.9319806,-0.19415301
5.68333363,2.2553587,-1.7717474,-1.2660291,-1.0769771,-0.3503346,0.58964455,-0.33059418,-0.1071529,0.6033781,0.5124879,-0.056536686,0.15009244,-0.330499009,5.865037783,4.946733185,0.434146224,-0.434896542,-0.016914517,-0.330499009,5.865037783,4.946733185,0.434146224,-0.434896542,-0.016914517,-4.9145203,77.7704,55.05714,4.610633,-4.796909,-0.19400951
5.68333363,2.2553587,-1.7717474,-1.2660291,-1.0769771,-0.3503346,0.58964455,-0.33059418,-0.1071529,0.6033781,0.5124879,-0.056536686,0.15009244,-0.330499009,5.865037783,4.946733185,0.434146224,-0.434896542,-0.016914517,-0.330499009,5.865037783,4.946733185,0.434146224,-0.434896542,-0.016914517,-4.9145203,77.7704,55.05714,4.610633,-4.796909,-0.19400951
5.700000297,2.249245,-1.773743,-1.2558906,-1.0691056,-0.35107008,0.59175146,-0.3675267,-0.11019975,0.6122202,0.5043874,-0.045838796,0.12627786,-0.896842767,6.216355291,5.154001831,0.463597923,-0.436675538,-0.0171787,-0.896842767,6.216355291,5.154001831,0.463597923,-0.436675538,-0.0171787,-13.336052,82.42887,57.36404,4.92341,-4.816531,-0.1970397
5.700000297,2.249245,-1.773743,-1.2558906,-1.0691056,-0.35107008,0.59175146,-0.3675267,-0.11019975,0.6122202,0.5043874,-0.045838796,0.12627786,-0.896842767,6.216355291,5.154001831,0.463597923,-0.436675538,-0.0171787,-0.896842767,6.216355291,5.154001831,0.463597923,-0.436675538,-0.0171787,-13.336052,82.42887,57.36404,4.92341,-4.816531,-0.1970397
5.700000297,2.249245,-1.773743,-1.2558906,-1.0691056,-0.35107008,0.59175146,-0.3675267,-0.11019975,0.6122202,0.5043874,-0.045838796,0.12627786,-0.896842767,6.216355291,5.154001831,0.463597923,-0.436675538,-0.0171787,-0.896842767,6.216355291,5.154001831,0.463597923,-0.436675538,-0.0171787,-13.336052,82.42887,57.36404,4.92341,-4.816531,-0.1970397
5.716666965,2.2425132,-1.7757944,-1.2456058,-1.0613707,-0.3516225,0.5934623,-0.40455782,-0.113502905,0.6207643,0.49568507,-0.034859877,0.10250117,-0.894916691,6.210082041,5.13133163,0.453985972,-0.431118202,-0.017277885,-0.894916691,6.210082041,5.13133163,0.453985972,-0.431118202,-0.017277885,-13.307411,82.34569,57.11172,4.821331,-4.755234,-0.19817734
5.733333632,2.235582,-1.7778347,-1.2354145,-1.0538259,-0.35207388,0.59494895,-0.41643265,-0.11327914,0.6149319,0.48361006,-0.02878003,0.08907532,-0.293257354,5.868191381,4.903591804,0.407894587,-0.421763201,-0.016987313,-0.293257354,5.868191381,4.903591804,0.407894587,-0.421763201,-0.016987313,-4.360737,77.81222,54.576977,4.3318405,-4.652048,-0.19484448
5.733333632,2.235582,-1.7778347,-1.2354145,-1.0538259,-0.35207388,0.59494895,-0.41643265,-0.11327914,0.6149319,0.48361006,-0.02878003,0.08907532,-0.293257354,5.868191381,4.903591804,0.407894587,-0.421763201,-0.016987313,-0.293257354,5.868191381,4.903591804,0.407894587,-0.421763201,-0.016987313,-4.360737,77.81222,54.576977,4.3318405,-4.652048,-0.19484448
5.7500003,2.2280314,-1.779947,-1.2250816,-1.0464334,-0.35233504,0.59604216,-0.45376983,-0.11703183,0.6233613,0.4742448,-0.017412681,0.06545076,-0.894243026,6.207610831,5.097285885,0.435636093,-0.420841129,-0.017475263,-0.894243026,6.207610831,5.097285885,0.435636093,-0.420841129,-0.017475263,-13.297394,82.31292,56.73279,4.6264553,-4.6418777,-0.20044127
5.7500003,2.2280314,-1.779947,-1.2250816,-1.0464334,-0.35233504,0.59604216,-0.45376983,-0.11703183,0.6233613,0.4742448,-0.017412681,0.06545076,-0.894243026,6.207610831,5.097285885,0.435636093,-0.420841129,-0.017475263,-0.894243026,6.207610831,5.097285885,0.435636093,-0.420841129,-0.017475263,-13.297394,82.31292,56.73279,4.6264553,-4.6418777,-0.20044127
5.766666967,2.219857,-1.7821275,-1.2146091,-1.0391988,-0.3524023,0.5967432,-0.49111846,-0.12103495,0.63149476,0.46430156,-0.005785353,0.04191934,-0.890177436,6.203678183,5.074874796,0.426397081,-0.4155523,-0.017542112,-0.890177436,6.203678183,5.074874796,0.426397081,-0.4155523,-0.017542112,-13.236938,82.26077,56.483356,4.528337,-4.583542,-0.20120803
5.783333635,2.2115045,-1.7843003,-1.2042378,-1.0321617,-0.35237166,0.5972391,-0.5017215,-0.12102995,0.6252794,0.4521149,0.000140317,0.029612679,-0.254796124,5.880117632,4.861447111,0.382714846,-0.409081494,-0.016988257,-0.254796124,5.880117632,4.861447111,0.382714846,-0.409081494,-0.016988257,-3.7888184,77.97036,54.107906,4.0644317,-4.512169,-0.1948553
5.783333635,2.2115045,-1.7843003,-1.2042378,-1.0321617,-0.35237166,0.5972391,-0.5017215,-0.12102995,0.6252794,0.4521149,0.000140317,0.029612679,-0.254796124,5.880117632,4.861447111,0.382714846,-0.409081494,-0.016988257,-0.254796124,5.880117632,4.861447111,0.382714846,-0.409081494,-0.016988257,-3.7888184,77.97036,54.107906,4.0644317,-4.512169,-0.1948553
5.783333635,2.2115045,-1.7843003,-1.2042378,-1.0321617,-0.35237166,0.5972391,-0.5017215,-0.12102995,0.6252794,0.4521149,0.000140317,0.029612679,-0.254796124,5.880117632,4.861447111,0.382714846,-0.409081494,-0.016988257,-0.254796124,5.880117632,4.861447111,0.382714846,-0.409081494,-0.016988257,-3.7888184,77.97036,54.107906,4.0644317,-4.512169,-0.1948553
5.800000302,2.202528,-1.7865564,-1.1937313,-1.0252938,-0.35213992,0.5973462,-0.53928834,-0.12547415,0.63330513,0.44153014,0.012138863,0.006282023,-0.887591036,6.204596472,5.040729999,0.408657661,-0.405576763,-0.01769269,-0.887591036,6.204596472,5.040729999,0.408657661,-0.405576763,-0.01769269,-13.198479,82.27295,56.103325,4.3399444,-4.4735117,-0.20293516
5.800000302,2.202528,-1.7865564,-1.1937313,-1.0252938,-0.35213992,0.5973462,-0.53928834,-0.12547415,0.63330513,0.44153014,0.012138863,0.006282023,-0.887591036,6.204596472,5.040729999,0.408657661,-0.405576763,-0.01769269,-0.887591036,6.204596472,5.040729999,0.408657661,-0.405576763,-0.01769269,-13.198479,82.27295,56.103325,4.3399444,-4.4735117,-0.20293516
5.81666697,2.1929257,-1.7888921,-1.1830921,-1.0186049,-0.351704,0.59706676,-0.5767774,-0.1301602,0.64103585,0.4303918,0.024375377,-0.016901156,-0.881701984,6.203571164,5.018858383,0.399937288,-0.400618175,-0.017731488,-0.881701984,6.203571164,5.018858383,0.399937288,-0.400618175,-0.017731488,-13.1109085,82.25935,55.859894,4.247334,-4.4188185,-0.20338017
5.833333638,2.1831686,-1.7912234,-1.1725619,-1.0121188,-0.3511738,0.5966014,-0.58603466,-0.13033983,0.6344623,0.4181628,0.030108407,-0.028067818,-0.215921614,5.901934478,4.820927006,0.358991524,-0.396995596,-0.016931058,-0.215921614,5.901934478,4.820927006,0.358991524,-0.396995596,-0.016931058,-3.2107544,78.25965,53.656918,3.81249,-4.3788614,-0.19419923
5.833333638,2.1831686,-1.7912234,-1.1725619,-1.0121188,-0.3511738,0.5966014,-0.58603466,-0.13033983,0.6344623,0.4181628,0.030108407,-0.028067818,-0.215921614,5.901934478,4.820927006,0.358991524,-0.396995596,-0.016931058,-0.215921614,5.901934478,4.820927006,0.358991524,-0.396995596,-0.016931058,-3.2107544,78.25965,53.656918,3.81249,-4.3788614,-0.19419923
5.850000305,2.172787,-1.7936493,-1.1619029,-1.0058178,-0.35043237,0.59575367,-0.62365633,-0.13545683,0.6420941,0.40640834,0.04269634,-0.051004652,-0.877840084,6.208644194,4.985030278,0.383061878,-0.391043,-0.017844399,-0.877840084,6.208644194,4.985030278,0.383061878,-0.391043,-0.017844399,-13.053482,82.32662,55.483387,4.068117,-4.3132043,-0.20467526
5.850000305,2.172787,-1.7936493,-1.1619029,-1.0058178,-0.35043237,0.59575367,-0.62365633,-0.13545683,0.6420941,0.40640834,0.04269634,-0.051004652,-0.877840084,6.208644194,4.985030278,0.383061878,-0.391043,-0.017844399,-0.877840084,6.208644194,4.985030278,0.383061878,-0.391043,-0.017844399,-13.053482,82.32662,55.483387,4.068117,-4.3132043,-0.20467526
5.866666973,2.1617796,-1.7961656,-1.1511184,-0.99971557,-0.34947735,0.5945269,-0.6611103,-0.1408035,0.64943355,0.39413005,0.055496942,-0.073743924,-0.870494676,6.211174092,4.964042588,0.37500526,-0.386479154,-0.017858739,-0.870494676,6.211174092,4.964042588,0.37500526,-0.386479154,-0.017858739,-12.944256,82.36017,55.249794,3.9825559,-4.262865,-0.20483974
5.866666973,2.1617796,-1.7961656,-1.1511184,-0.99971557,-0.34947735,0.5945269,-0.6611103,-0.1408035,0.64943355,0.39413005,0.055496942,-0.073743924,-0.870494676,6.211174092,4.964042588,0.37500526,-0.386479154,-0.017858739,-0.870494676,6.211174092,4.964042588,0.37500526,-0.386479154,-0.017858739,-12.944256,82.36017,55.249794,3.9825559,-4.262865,-0.20483974
5.88333364,2.150641,-1.7986808,-1.1404488,-0.9938207,-0.34843227,0.5931334,-0.66895777,-0.14113209,0.642528,0.3819256,0.060999054,-0.083755784,-0.177582495,5.934824879,4.782715255,0.337093249,-0.385640603,-0.016828787,-0.177582495,5.934824879,4.782715255,0.337093249,-0.385640603,-0.016828787,-2.6406517,78.69578,53.23162,3.5799303,-4.253616,-0.19302619
5.88333364,2.150641,-1.7986808,-1.1404488,-0.9938207,-0.34843227,0.5931334,-0.66895777,-0.14113209,0.642528,0.3819256,0.060999054,-0.083755784,-0.177582495,5.934824879,4.782715255,0.337093249,-0.385640603,-0.016828787,-0.177582495,5.934824879,4.782715255,0.337093249,-0.385640603,-0.016828787,-2.6406517,78.69578,53.23162,3.5799303,-4.253616,-0.19302619
5.900000308,2.1388793,-1.8013006,-1.1296558,-0.9881264,-0.3471665,0.5913657,-0.706454,-0.1468967,0.64977586,0.3690587,0.07412899,-0.106205836,-0.865772096,6.220969176,4.930866718,0.359216428,-0.377391839,-0.01794168,-0.865772096,6.220969176,4.930866718,0.359216428,-0.377391839,-0.01794168,-12.874031,82.49005,54.880547,3.8148785,-4.162632,-0.20579107
5.900000308,2.1388793,-1.8013006,-1.1296558,-0.9881264,-0.3471665,0.5913657,-0.706454,-0.1468967,0.64977586,0.3690587,0.07412899,-0.106205836,-0.865772096,6.220969176,4.930866718,0.359216428,-0.377391839,-0.01794168,-0.865772096,6.220969176,4.930866718,0.359216428,-0.377391839,-0.01794168,-12.874031,82.49005,54.880547,3.8148785,-4.162632,-0.20579107
5.916666975,2.1264954,-1.8040218,-1.1187449,-0.9826498,-0.34567857,0.5892276,-0.74369305,-0.1528788,0.656732,0.35570142,0.08744507,-0.12841213,-0.857315371,6.227334484,4.910914103,0.351927105,-0.373255936,-0.017936988,-0.857315371,6.227334484,4.910914103,0.351927105,-0.373255936,-0.017936988,-12.74828,82.574455,54.658474,3.7374659,-4.117013,-0.20573725
5.933333643,2.114005,-1.8067436,-1.1079544,-0.9773838,-0.34410545,0.5869427,-0.75006926,-0.15331851,0.6495172,0.34358943,0.09267812,-0.1372608,-0.140441402,5.979638653,4.74735613,0.317329022,-0.375129262,-0.016693198,-0.140441402,5.979638653,4.74735613,0.317329022,-0.375129262,-0.016693198,-2.0883636,79.29001,52.838074,3.3700342,-4.137676,-0.19147098
5.933333643,2.114005,-1.8067436,-1.1079544,-0.9773838,-0.34410545,0.5869427,-0.75006926,-0.15331851,0.6495172,0.34358943,0.09267812,-0.1372608,-0.140441402,5.979638653,4.74735613,0.317329022,-0.375129262,-0.016693198,-0.140441402,5.979638653,4.74735613,0.317329022,-0.375129262,-0.016693198,-2.0883636,79.29001,52.838074,3.3700342,-4.137676,-0.19147098
5.95000031,2.1008964,-1.8095804,-1.097047,-0.97233224,-0.34230298,0.5842927,-0.7872615,-0.15970455,0.6563903,0.32967505,0.10629972,-0.1591394,-0.852266734,6.242325727,4.878703389,0.337423802,-0.364729889,-0.017996147,-0.852266734,6.242325727,4.878703389,0.337423802,-0.364729889,-0.017996147,-12.673206,82.77324,54.29997,3.5834408,-4.0229707,-0.2064158
5.95000031,2.1008964,-1.8095804,-1.097047,-0.97233224,-0.34230298,0.5842927,-0.7872615,-0.15970455,0.6563903,0.32967505,0.10629972,-0.1591394,-0.852266734,6.242325727,4.878703389,0.337423802,-0.364729889,-0.017996147,-0.852266734,6.242325727,4.878703389,0.337423802,-0.364729889,-0.017996147,-12.673206,82.77324,54.29997,3.5834408,-4.0229707,-0.2064158
5.95000031,2.1008964,-1.8095804,-1.097047,-0.97233224,-0.34230298,0.5842927,-0.7872615,-0.15970455,0.6563903,0.32967505,0.10629972,-0.1591394,-0.852266734,6.242325727,4.878703389,0.337423802,-0.364729889,-0.017996147,-0.852266734,6.242325727,4.878703389,0.337423802,-0.364729889,-0.017996147,-12.673206,82.77324,54.29997,3.5834408,-4.0229707,-0.2064158
5.966666978,2.0871725,-1.812529,-1.0860273,-0.9675166,-0.34027052,0.5812826,-0.82410693,-0.16629174,0.6629742,0.31530446,0.120078325,-0.18072934,-0.843051944,6.253077074,4.860111452,0.331016404,-0.361071342,-0.017975806,-0.843051944,6.253077074,4.860111452,0.331016404,-0.361071342,-0.017975806,-12.536182,82.9158,54.09304,3.5153942,-3.982617,-0.2061825
5.983333645,2.0733676,-1.8154798,-1.0751342,-0.96291304,-0.33815852,0.5781452,-0.82896024,-0.16680513,0.65547204,0.30335334,0.1250037,-0.18841365,-0.105262556,6.037019065,4.715323641,0.299964427,-0.365553438,-0.016534894,-0.105262556,6.037019065,4.715323641,0.299964427,-0.365553438,-0.016534894,-1.5652542,80.05087,52.481552,3.1856222,-4.0320544,-0.18965523
5.983333645,2.0733676,-1.8154798,-1.0751342,-0.96291304,-0.33815852,0.5781452,-0.82896024,-0.16680513,0.65547204,0.30335334,0.1250037,-0.18841365,-0.105262556,6.037019065,4.715323641,0.299964427,-0.365553438,-0.016534894,-0.105262556,6.037019065,4.715323641,0.299964427,-0.365553438,-0.016534894,-1.5652542,80.05087,52.481552,3.1856222,-4.0320544,-0.18965523
6.000000313,2.0589519,-1.8185546,-1.0641305,-0.95853746,-0.3358096,0.5746535,-0.8656696,-0.17377944,0.6619803,0.2884604,0.13906154,-0.20964196,-0.838115926,6.273689097,4.829146256,0.317968487,-0.353173829,-0.018017889,-0.838115926,6.273689097,4.829146256,0.317968487,-0.353173829,-0.018017889,-12.462784,83.18912,53.748398,3.3768253,-3.8955073,-0.20666519
6.000000313,2.0589519,-1.8185546,-1.0641305,-0.95853746,-0.3358096,0.5746535,-0.8656696,-0.17377944,0.6619803,0.2884604,0.13906154,-0.20964196,-0.838115926,6.273689097,4.829146256,0.317968487,-0.353173829,-0.018017889,-0.838115926,6.273689097,4.829146256,0.317968487,-0.353173829,-0.018017889,-12.462784,83.18912,53.748398,3.3768253,-3.8955073,-0.20666519
6.01666698,2.043931,-1.8217511,-1.0530214,-0.9544143,-0.3332238,0.5708131,-0.90194446,-0.1809386,0.668204,0.2731501,0.15324713,-0.23054175,-0.828488625,6.289073892,4.812095279,0.31252637,-0.350018663,-0.017985512,-0.828488625,6.289073892,4.812095279,0.31252637,-0.350018663,-0.017985512,-12.319626,83.39312,53.55862,3.31903,-3.8607059,-0.20629382
6.033333648,2.0288548,-1.8249508,-1.042044,-0.95050406,-0.33056447,0.5668649,-0.90522766,-0.1814878,0.660439,0.2614265,0.1578284,-0.23706602,-0.072517215,6.107498905,4.687086998,0.285225759,-0.357002317,-0.016363267,-0.072517215,6.107498905,4.687086998,0.285225759,-0.357002317,-0.016363267,-1.078331,80.985435,52.16728,3.0290976,-3.9377356,-0.18768667
6.033333648,2.0288548,-1.8249508,-1.042044,-0.95050406,-0.33056447,0.5668649,-0.90522766,-0.1814878,0.660439,0.2614265,0.1578284,-0.23706602,-0.072517215,6.107498905,4.687086998,0.285225759,-0.357002317,-0.016363267,-0.072517215,6.107498905,4.687086998,0.285225759,-0.357002317,-0.016363267,-1.078331,80.985435,52.16728,3.0290976,-3.9377356,-0.18768667
6.033333648,2.0288548,-1.8249508,-1.042044,-0.95050406,-0.33056447,0.5668649,-0.90522766,-0.1814878,0.660439,0.2614265,0.1578284,-0.23706602,-0.072517215,6.107498905,4.687086998,0.285225759,-0.357002317,-0.016363267,-0.072517215,6.107498905,4.687086998,0.285225759,-0.357002317,-0.016363267,-1.078331,80.985435,52.16728,3.0290976,-3.9377356,-0.18768667
6.050000316,2.0131795,-1.8282835,-1.0309615,-0.94683397,-0.3276615,0.5625743,-0.94127893,-0.18901536,0.66659594,0.2456315,0.17226474,-0.25757304,-0.824081329,6.315628903,4.782627514,0.301082704,-0.342808911,-0.018015878,-0.824081329,6.315628903,4.782627514,0.301082704,-0.342808911,-0.018015878,-12.254089,83.74524,53.230644,3.1974983,-3.7811823,-0.20664212
6.050000316,2.0131795,-1.8282835,-1.0309615,-0.94683397,-0.3276615,0.5625743,-0.94127893,-0.18901536,0.66659594,0.2456315,0.17226474,-0.25757304,-0.824081329,6.315628903,4.782627514,0.301082704,-0.342808911,-0.018015878,-0.824081329,6.315628903,4.782627514,0.301082704,-0.342808911,-0.018015878,-12.254089,83.74524,53.230644,3.1974983,-3.7811823,-0.20664212
6.066666983,1.99691,-1.8317463,-1.0197787,-0.9434318,-0.3245159,0.5579476,-0.9768097,-0.19670805,0.67246914,0.22945906,0.18679608,-0.27771488,-0.814311394,6.335873266,4.767260419,0.29667104,-0.340180773,-0.017973646,-0.814311394,6.335873266,4.767260419,0.29667104,-0.340180773,-0.017973646,-12.10881,84.01368,53.05961,3.1506464,-3.752194,-0.20615771
6.083333651,1.9806137,-1.8352135,-1.008732,-0.94024205,-0.3213035,0.55323225,-0.9784841,-0.19725697,0.6644608,0.21803018,0.19099678,-0.28308985,-0.042669711,6.191135136,4.662838822,0.273275151,-0.349528165,-0.016184524,-0.042669711,6.191135136,4.662838822,0.273275151,-0.349528165,-0.016184524,-0.6344986,82.09445,51.897396,2.902182,-3.8552957,-0.18563649
6.083333651,1.9806137,-1.8352135,-1.008732,-0.94024205,-0.3213035,0.55323225,-0.9784841,-0.19725697,0.6644608,0.21803018,0.19099678,-0.28308985,-0.042669711,6.191135136,4.662838822,0.273275151,-0.349528165,-0.016184524,-0.042669711,6.191135136,4.662838822,0.273275151,-0.349528165,-0.016184524,-0.6344986,82.09445,51.897396,2.902182,-3.8552957,-0.18563649
6.100000318,1.963731,-1.8388214,-0.9975857,-0.9373029,-0.3178418,0.54818773,-1.013704,-0.20529725,0.6702719,0.20141476,0.20574968,-0.30281317,-0.810715522,6.368472529,4.739414157,0.286939521,-0.3337013,-0.017996212,-0.810715522,6.368472529,4.739414157,0.286939521,-0.3337013,-0.017996212,-12.05534,84.445946,52.74968,3.0472977,-3.6807253,-0.20641655
6.100000318,1.963731,-1.8388214,-0.9975857,-0.9373029,-0.3178418,0.54818773,-1.013704,-0.20529725,0.6702719,0.20141476,0.20574968,-0.30281317,-0.810715522,6.368472529,4.739414157,0.286939521,-0.3337013,-0.017996212,-0.810715522,6.368472529,4.739414157,0.286939521,-0.3337013,-0.017996212,-12.05534,84.445946,52.74968,3.0472977,-3.6807253,-0.20641655
6.116666986,1.9462696,-1.8425679,-0.9863458,-0.934646,-0.3141326,0.54282045,-1.0483196,-0.2134834,0.675803,0.1844633,0.2205648,-0.32213882,-0.801066416,6.393657011,4.725840621,0.28360312,-0.331613462,-0.017946639,-0.801066416,6.393657011,4.725840621,0.28360312,-0.331613462,-0.017946639,-11.911858,84.77989,52.598606,3.0118651,-3.6576965,-0.20584795
6.116666986,1.9462696,-1.8425679,-0.9863458,-0.934646,-0.3141326,0.54282045,-1.0483196,-0.2134834,0.675803,0.1844633,0.2205648,-0.32213882,-0.801066416,6.393657011,4.725840621,0.28360312,-0.331613462,-0.017946639,-0.801066416,6.393657011,4.725840621,0.28360312,-0.331613462,-0.017946639,-11.911858,84.77989,52.598606,3.0118651,-3.6576965,-0.20584795
6.133333653,1.9288092,-1.8463188,-0.9752462,-0.9321997,-0.31036392,0.5373836,-1.0483556,-0.21399345,0.6675722,0.17339323,0.22434922,-0.32638118,-0.016059183,6.288222346,4.642954755,0.264262794,-0.343203134,-0.016003668,-0.016059183,6.288222346,4.642954755,0.264262794,-0.343203134,-0.016003668,-0.23880005,83.38183,51.676086,2.8064709,-3.7855306,-0.18356207
6.133333653,1.9288092,-1.8463188,-0.9752462,-0.9321997,-0.31036392,0.5373836,-1.0483556,-0.21399345,0.6675722,0.17339323,0.22434922,-0.32638118,-0.016059183,6.288222346,4.642954755,0.264262794,-0.343203134,-0.016003668,-0.016059183,6.288222346,4.642954755,0.264262794,-0.343203134,-0.016003668,-0.23880005,83.38183,51.676086,2.8064709,-3.7855306,-0.18356207
6.150000321,1.9107786,-1.850218,-0.9640525,-0.9300138,-0.3063413,0.53163147,-1.082573,-0.22250435,0.67304945,0.15604232,0.23935425,-0.34526533,-0.798461288,6.432490399,4.699847897,0.27568044,-0.325917095,-0.017963533,-0.798461288,6.432490399,4.699847897,0.27568044,-0.325917095,-0.017963533,-11.873119,85.29482,52.309307,2.9277263,-3.5948656,-0.20604172
6.150000321,1.9107786,-1.850218,-0.9640525,-0.9300138,-0.3063413,0.53163147,-1.082573,-0.22250435,0.67304945,0.15604232,0.23935425,-0.34526533,-0.798461288,6.432490399,4.699847897,0.27568044,-0.325917095,-0.017963533,-0.798461288,6.432490399,4.699847897,0.27568044,-0.325917095,-0.017963533,-11.873119,85.29482,52.309307,2.9277263,-3.5948656,-0.20604172
6.166666988,1.8921875,-1.8542628,-0.9527705,-0.9281223,-0.3020675,0.52557105,-1.116104,-0.2311384,0.67824924,0.13840002,0.2543876,-0.36372373,-0.789108995,6.462762295,4.68819919,0.27345933,-0.324386764,-0.017908014,-0.789108995,6.462762295,4.68819919,0.27345933,-0.324386764,-0.017908014,-11.734051,85.69623,52.179657,2.904138,-3.577986,-0.20540492
6.183333656,1.8736254,-1.8583121,-0.9416325,-0.9264389,-0.29774216,0.5194598,-1.1144818,-0.23157352,0.6698141,0.1277505,0.25772166,-0.3668552,0.00713941,6.398446959,4.627482096,0.258269328,-0.338062068,-0.015822713,0.00713941,6.398446959,4.627482096,0.258269328,-0.338062068,-0.015822713,0.106163025,84.84341,51.503876,2.7428203,-3.7288246,-0.18148652
6.183333656,1.8736254,-1.8583121,-0.9416325,-0.9264389,-0.29774216,0.5194598,-1.1144818,-0.23157352,0.6698141,0.1277505,0.25772166,-0.3668552,0.00713941,6.398446959,4.627482096,0.258269328,-0.338062068,-0.015822713,0.00713941,6.398446959,4.627482096,0.258269328,-0.338062068,-0.015822713,0.106163025,84.84341,51.503876,2.7428203,-3.7288246,-0.18148652
6.200000323,1.8545125,-1.8625152,-0.9304059,-0.9250241,-0.2931594,0.51304775,-1.1475332,-0.24050847,0.6749654,0.10975497,0.2729124,-0.3848549,-0.787715745,6.507745228,4.664103876,0.267403431,-0.319502166,-0.017920401,-0.787715745,6.507745228,4.664103876,0.267403431,-0.319502166,-0.017920401,-11.713333,86.2927,51.911476,2.8398244,-3.524109,-0.205547
6.200000323,1.8545125,-1.8625152,-0.9304059,-0.9250241,-0.2931594,0.51304775,-1.1475332,-0.24050847,0.6749654,0.10975497,0.2729124,-0.3848549,-0.787715745,6.507745228,4.664103876,0.267403431,-0.319502166,-0.017920401,-0.787715745,6.507745228,4.664103876,0.267403431,-0.319502166,-0.017920401,-11.713333,86.2927,51.911476,2.8398244,-3.524109,-0.205547
6.200000323,1.8545125,-1.8625152,-0.9304059,-0.9250241,-0.2931594,0.51304775,-1.1475332,-0.24050847,0.6749654,0.10975497,0.2729124,-0.3848549,-0.787715745,6.507745228,4.664103876,0.267403431,-0.319502166,-0.017920401,-0.787715745,6.507745228,4.664103876,0.267403431,-0.319502166,-0.017920401,-11.713333,86.2927,51.911476,2.8398244,-3.524109,-0.205547
6.216666991,1.8348594,-1.8668711,-0.9190968,-0.9239149,-0.2883228,0.50634253,-1.1798198,-0.24954545,0.67984146,0.09151344,0.2880956,-0.4024032,-0.77878058,6.542908912,4.654353605,0.266302956,-0.318526292,-0.017858923,-0.77878058,6.542908912,4.654353605,0.266302956,-0.318526292,-0.017858923,-11.580467,86.75897,51.802956,2.8281374,-3.513345,-0.20484185
6.233333658,1.8152637,-1.8712306,-0.9079353,-0.92300963,-0.28344306,0.49960458,-1.176523,-0.2498693,0.6712213,0.08134631,0.29094836,-0.4044512,0.026978401,6.521582855,4.616575421,0.255353931,-0.334152177,-0.015641641,0.026978401,6.521582855,4.616575421,0.255353931,-0.334152177,-0.015641641,0.40116882,86.47619,51.382484,2.7118587,-3.6856985,-0.17940962
6.233333658,1.8152637,-1.8712306,-0.9079353,-0.92300963,-0.28344306,0.49960458,-1.176523,-0.2498693,0.6712213,0.08134631,0.29094836,-0.4044512,0.026978401,6.521582855,4.616575421,0.255353931,-0.334152177,-0.015641641,0.026978401,6.521582855,4.616575421,0.255353931,-0.334152177,-0.015641641,0.40116882,86.47619,51.382484,2.7118587,-3.6856985,-0.17940962
6.250000326,1.7951388,-1.8757493,-0.8966907,-0.92237955,-0.27830365,0.49258128,-1.2082475,-0.25918037,0.6760552,0.062799715,0.30625492,-0.42152712,-0.77855688,6.594042541,4.632308905,0.2621604,-0.314494641,-0.017866075,-0.77855688,6.594042541,4.632308905,0.2621604,-0.314494641,-0.017866075,-11.577141,87.437004,51.5576,2.7841434,-3.468876,-0.20492388
6.250000326,1.7951388,-1.8757493,-0.8966907,-0.92237955,-0.27830365,0.49258128,-1.2082475,-0.25918037,0.6760552,0.062799715,0.30625492,-0.42152712,-0.77855688,6.594042541,4.632308905,0.2621604,-0.314494641,-0.017866075,-0.77855688,6.594042541,4.632308905,0.2621604,-0.314494641,-0.017866075,-11.577141,87.437004,51.5576,2.7841434,-3.468876,-0.20492388
6.266666993,1.7744972,-1.8804269,-0.8853688,-0.92206484,-0.2729089,0.48528042,-1.2391322,-0.26857018,0.6806173,0.044052955,0.3215194,-0.43813178,-0.770144793,6.634092259,4.624524592,0.262187811,-0.314079235,-0.017798812,-0.770144793,6.634092259,4.624524592,0.262187811,-0.314079235,-0.017798812,-11.452053,87.96806,51.47096,2.7844346,-3.464294,-0.20415238
6.283333661,1.7539408,-1.8851067,-0.8741974,-0.9219494,-0.26747984,0.47796455,-1.2341585,-0.26874724,0.6718299,0.034424625,0.32385945,-0.4391282,0.043414692,6.657180096,4.610247753,0.255541343,-0.331502899,-0.015458157,0.043414692,6.657180096,4.610247753,0.255541343,-0.331502899,-0.015458157,0.6455765,88.27421,51.312057,2.713849,-3.656477,-0.17730506
6.283333661,1.7539408,-1.8851067,-0.8741974,-0.9219494,-0.26747984,0.47796455,-1.2341585,-0.26874724,0.6718299,0.034424625,0.32385945,-0.4391282,0.043414692,6.657180096,4.610247753,0.255541343,-0.331502899,-0.015458157,0.043414692,6.657180096,4.610247753,0.255541343,-0.331502899,-0.015458157,0.6455765,88.27421,51.312057,2.713849,-3.656477,-0.17730506
6.283333661,1.7539408,-1.8851067,-0.8741974,-0.9219494,-0.26747984,0.47796455,-1.2341585,-0.26874724,0.6718299,0.034424625,0.32385945,-0.4391282,0.043414692,6.657180096,4.610247753,0.255541343,-0.331502899,-0.015458157,0.043414692,6.657180096,4.610247753,0.255541343,-0.331502899,-0.015458157,0.6455765,88.27421,51.312057,2.713849,-3.656477,-0.17730506
6.300000329,1.73288,-1.8899499,-0.86294794,-0.922114,-0.26178998,0.4703791,-1.2644039,-0.27838326,0.6763536,0.01542574,0.3392116,-0.4552514,-0.771064733,6.691140107,4.604533933,0.259971596,-0.310921258,-0.017798638,-0.771064733,6.691140107,4.604533933,0.259971596,-0.310921258,-0.017798638,-11.465733,88.72452,51.248463,2.7608984,-3.4294615,-0.20415038
6.300000329,1.73288,-1.8899499,-0.86294794,-0.922114,-0.26178998,0.4703791,-1.2644039,-0.27838326,0.6763536,0.01542574,0.3392116,-0.4552514,-0.771064733,6.691140107,4.604533933,0.259971596,-0.310921258,-0.017798638,-0.771064733,6.691140107,4.604533933,0.259971596,-0.310921258,-0.017798638,-11.465733,88.72452,51.248463,2.7608984,-3.4294615,-0.20415038
6.316666996,1.7113283,-1.8949577,-0.85162693,-0.922602,-0.25584462,0.46253228,-1.2937379,-0.2880738,0.68060726,-0.003728463,0.35448647,-0.47088602,-0.76316854,6.735862974,4.598691586,0.261112705,-0.311061716,-0.017724,-0.76316854,6.735862974,4.598691586,0.261112705,-0.311061716,-0.017724,-11.348316,89.31754,51.183437,2.773017,-3.4310107,-0.20329428
6.333333664,1.6898905,-1.8999649,-0.84045887,-0.9232837,-0.24987434,0.45468742,-1.2870884,-0.28806993,0.67166847,-0.012763743,0.3562857,-0.47086748,0.056834628,6.804483221,4.608393187,0.258802357,-0.330129841,-0.015268451,0.056834628,6.804483221,4.608393187,0.258802357,-0.330129841,-0.015268451,0.8451309,90.22745,51.291416,2.748481,-3.6413321,-0.17512913
6.333333664,1.6898905,-1.8999649,-0.84045887,-0.9232837,-0.24987434,0.45468742,-1.2870884,-0.28806993,0.67166847,-0.012763743,0.3562857,-0.47086748,0.056834628,6.804483221,4.608393187,0.258802357,-0.330129841,-0.015268451,0.056834628,6.804483221,4.608393187,0.258802357,-0.330129841,-0.015268451,0.8451309,90.22745,51.291416,2.748481,-3.6413321,-0.17512913
6.350000331,1.6679746,-1.9051399,-0.8292181,-0.9242489,-0.24364327,0.44658917,-1.31571,-0.29797876,0.67588836,-0.03211479,0.3716122,-0.4860161,-0.765082302,6.798541384,4.580772791,0.260813425,-0.308794426,-0.017713386,-0.765082302,6.798541384,4.580772791,0.260813425,-0.308794426,-0.017713386,-11.376774,90.14866,50.984,2.7698386,-3.4060025,-0.20317253
6.350000331,1.6679746,-1.9051399,-0.8292181,-0.9242489,-0.24364327,0.44658917,-1.31571,-0.29797876,0.67588836,-0.03211479,0.3716122,-0.4860161,-0.765082302,6.798541384,4.580772791,0.260813425,-0.308794426,-0.017713386,-0.765082302,6.798541384,4.580772791,0.260813425,-0.308794426,-0.017713386,-11.376774,90.14866,50.984,2.7698386,-3.4060025,-0.20317253
6.366666999,1.6455957,-1.9104826,-0.8179108,-0.9255438,-0.2371576,0.43824592,-1.3433516,-0.30791545,0.6798403,-0.05157638,0.38682443,-0.50066304,-0.757622478,6.847792981,4.576898799,0.263048655,-0.309489147,-0.017630206,-0.757622478,6.847792981,4.576898799,0.263048655,-0.309489147,-0.017630206,-11.265846,90.801735,50.940884,2.7935767,-3.4136653,-0.20221846
6.366666999,1.6455957,-1.9104826,-0.8179108,-0.9255438,-0.2371576,0.43824592,-1.3433516,-0.30791545,0.6798403,-0.05157638,0.38682443,-0.50066304,-0.757622478,6.847792981,4.576898799,0.263048655,-0.309489147,-0.017630206,-0.757622478,6.847792981,4.576898799,0.263048655,-0.309489147,-0.017630206,-11.265846,90.801735,50.940884,2.7935767,-3.4136653,-0.20221846
6.383333666,1.6233586,-1.9158229,-0.8067591,-0.9270257,-0.23065679,0.429921,-1.3350406,-0.30770066,0.67076457,-0.05996892,0.38805652,-0.49967057,0.067487048,6.962527912,4.610815674,0.265078334,-0.330030194,-0.015066247,0.067487048,6.962527912,4.610815674,0.265078334,-0.330030194,-0.015066247,1.0035324,92.32312,51.31838,2.815132,-3.640233,-0.17280985
6.383333666,1.6233586,-1.9158229,-0.8067591,-0.9270257,-0.23065679,0.429921,-1.3350406,-0.30770066,0.67076457,-0.05996892,0.38805652,-0.49967057,0.067487048,6.962527912,4.610815674,0.265078334,-0.330030194,-0.015066247,0.067487048,6.962527912,4.610815674,0.265078334,-0.330030194,-0.015066247,1.0035324,92.32312,51.31838,2.815132,-3.640233,-0.17280985
6.400000334,1.6006728,-1.9213333,-0.79554,-0.928793,-0.22389649,0.4213591,-1.3618984,-0.31782708,0.6746864,-0.079569355,0.4032852,-0.51383096,-0.760213497,6.915708976,4.561018622,0.264631737,-0.308118424,-0.017604418,-0.760213497,6.915708976,4.561018622,0.264631737,-0.308118424,-0.017604418,-11.304375,91.7023,50.764137,2.810389,-3.3985462,-0.20192267
6.400000334,1.6006728,-1.9213333,-0.79554,-0.928793,-0.22389649,0.4213591,-1.3618984,-0.31782708,0.6746864,-0.079569355,0.4032852,-0.51383096,-0.760213497,6.915708976,4.561018622,0.264631737,-0.308118424,-0.017604418,-0.760213497,6.915708976,4.561018622,0.264631737,-0.308118424,-0.017604418,-11.304375,91.7023,50.764137,2.810389,-3.3985462,-0.20192267
6.416667001,1.5775543,-1.9270151,-0.78425956,-0.9308948,-0.21688378,0.41256878,-1.3877155,-0.32795587,0.6783415,-0.09923775,0.4183631,-0.5274804,-0.753135142,6.969069859,4.558993029,0.267915784,-0.309344345,-0.017509628,-0.753135142,6.969069859,4.558993029,0.267915784,-0.309344345,-0.017509628,-11.19912,92.40987,50.741592,2.8452656,-3.4120681,-0.20083544
6.433333669,1.5546063,-1.9326915,-0.7731369,-0.93317604,-0.20986624,0.40381235,-1.377761,-0.3274983,0.6691445,-0.10694087,0.41900486,-0.52555794,0.075929664,7.130547778,4.617443924,0.274294491,-0.33121163,-0.01484534,0.075929664,7.130547778,4.617443924,0.274294491,-0.33121163,-0.01484534,1.1290741,94.55106,51.39215,2.9130075,-3.6532643,-0.17027605
6.433333669,1.5546063,-1.9326915,-0.7731369,-0.93317604,-0.20986624,0.40381235,-1.377761,-0.3274983,0.6691445,-0.10694087,0.41900486,-0.52555794,0.075929664,7.130547778,4.617443924,0.274294491,-0.33121163,-0.01484534,0.075929664,7.130547778,4.617443924,0.274294491,-0.33121163,-0.01484534,1.1290741,94.55106,51.39215,2.9130075,-3.6532643,-0.17027605
6.450000336,1.53124,-1.9385393,-0.76195186,-0.9357427,-0.2025916,0.3948354,-1.4027311,-0.33778462,0.6727713,-0.12668587,0.43406323,-0.5387246,-0.756159194,7.042003649,4.545210421,0.271342254,-0.308878424,-0.017463808,-0.756159194,7.042003649,4.545210421,0.271342254,-0.308878424,-0.017463808,-11.244087,93.37697,50.588192,2.8816547,-3.406929,-0.20030987
6.450000336,1.53124,-1.9385393,-0.76195186,-0.9357427,-0.2025916,0.3948354,-1.4027311,-0.33778462,0.6727713,-0.12668587,0.43406323,-0.5387246,-0.756159194,7.042003649,4.545210421,0.271342254,-0.308878424,-0.017463808,-0.756159194,7.042003649,4.545210421,0.271342254,-0.308878424,-0.017463808,-11.244087,93.37697,50.588192,2.8816547,-3.406929,-0.20030987
6.450000336,1.53124,-1.9385393,-0.76195186,-0.9357427,-0.2025916,0.3948354,-1.4027311,-0.33778462,0.6727713,-0.12668587,0.43406323,-0.5387246,-0.756159194,7.042003649,4.545210421,0.271342254,-0.308878424,-0.017463808,-0.756159194,7.042003649,4.545210421,0.271342254,-0.308878424,-0.017463808,-11.244087,93.37697,50.588192,2.8816547,-3.406929,-0.20030987
6.466667004,1.5074731,-1.9445605,-0.7507109,-0.93864673,-0.19506785,0.38564664,-1.4265999,-0.34804985,0.6761331,-0.14646019,0.4489341,-0.55137545,-0.749130608,7.098927217,4.54487385,0.27560732,-0.310605283,-0.017356343,-0.749130608,7.098927217,4.54487385,0.27560732,-0.310605283,-0.017356343,-11.139572,94.131775,50.584446,2.9269497,-3.4259763,-0.19907725
6.483333671,1.4839039,-1.9505737,-0.73963004,-0.9417225,-0.1875499,0.3765066,-1.4150316,-0.34732208,0.6668281,-0.15343507,0.4489653,-0.5485698,0.082657076,7.307285061,4.627953707,0.286320306,-0.33363868,-0.014597128,0.082657076,7.307285061,4.627953707,0.286320306,-0.33363868,-0.014597128,1.2291107,96.8946,51.509125,3.0407217,-3.6800346,-0.16742906
6.483333671,1.4839039,-1.9505737,-0.73963004,-0.9417225,-0.1875499,0.3765066,-1.4150316,-0.34732208,0.6668281,-0.15343507,0.4489653,-0.5485698,0.082657076,7.307285061,4.627953707,0.286320306,-0.33363868,-0.014597128,0.082657076,7.307285061,4.627953707,0.286320306,-0.33363868,-0.014597128,1.2291107,96.8946,51.509125,3.0407217,-3.6800346,-0.16742906
6.500000339,1.4599497,-1.9567584,-0.72849196,-0.9450821,-0.17977853,0.36716262,-1.4379911,-0.35771078,0.67016405,-0.17321813,0.4637809,-0.5607446,-0.752073595,7.176520922,4.533217602,0.280814117,-0.311037636,-0.017282755,-0.752073595,7.176520922,4.533217602,0.280814117,-0.311037636,-0.017282755,-11.183334,95.16067,50.454712,2.982246,-3.4307451,-0.1982332
6.500000339,1.4599497,-1.9567584,-0.72849196,-0.9450821,-0.17977853,0.36716262,-1.4379911,-0.35771078,0.67016405,-0.17321813,0.4637809,-0.5607446,-0.752073595,7.176520922,4.533217602,0.280814117,-0.311037636,-0.017282755,-0.752073595,7.176520922,4.533217602,0.280814117,-0.311037636,-0.017282755,-11.183334,95.16067,50.454712,2.982246,-3.4307451,-0.1982332
6.516667007,1.4356298,-1.9631181,-0.717303,-0.9487803,-0.17176269,0.3576234,-1.4598002,-0.3680543,0.6732351,-0.19299546,0.47837272,-0.57240176,-0.744976,7.236589458,4.534456608,0.28599678,-0.313233962,-0.017159419,-0.744976,7.236589458,4.534456608,0.28599678,-0.313233962,-0.017159419,-11.077793,95.95718,50.468502,3.0372858,-3.4549706,-0.19681853
6.533333674,1.411534,-1.969466,-0.7062765,-0.9526409,-0.16376348,0.34814674,-1.4466577,-0.36702964,0.66383433,-0.19920698,0.47777522,-0.56876487,0.088339359,7.491558529,4.642081111,0.301005611,-0.337270683,-0.014313382,0.088339359,7.491558529,4.642081111,0.301005611,-0.337270683,-0.014313382,1.3136063,99.338066,51.666363,3.1966796,-3.7200956,-0.1641745
6.533333674,1.411534,-1.969466,-0.7062765,-0.9526409,-0.16376348,0.34814674,-1.4466577,-0.36702964,0.66383433,-0.19920698,0.47777522,-0.56876487,0.088339359,7.491558529,4.642081111,0.301005611,-0.337270683,-0.014313382,0.088339359,7.491558529,4.642081111,0.301005611,-0.337270683,-0.014313382,1.3136063,99.338066,51.666363,3.1966796,-3.7200956,-0.1641745
6.533333674,1.411534,-1.969466,-0.7062765,-0.9526409,-0.16376348,0.34814674,-1.4466577,-0.36702964,0.66383433,-0.19920698,0.47777522,-0.56876487,0.088339359,7.491558529,4.642081111,0.301005611,-0.337270683,-0.014313382,0.088339359,7.491558529,4.642081111,0.301005611,-0.337270683,-0.014313382,1.3136063,99.338066,51.666363,3.1966796,-3.7200956,-0.1641745
6.550000342,1.3870882,-1.9759847,-0.69519764,-0.95678204,-0.15551573,0.33848253,-1.4674999,-0.37746224,0.6668811,-0.21892278,0.49227658,-0.57995737,-0.747268666,7.318315463,4.524861256,0.292885416,-0.314534435,-0.017053411,-0.747268666,7.318315463,4.524861256,0.292885416,-0.314534435,-0.017053411,-11.111885,97.04086,50.361706,3.110443,-3.4693148,-0.19560263
6.550000342,1.3870882,-1.9759847,-0.69519764,-0.95678204,-0.15551573,0.33848253,-1.4674999,-0.37746224,0.6668811,-0.21892278,0.49227658,-0.57995737,-0.747268666,7.318315463,4.524861256,0.292885416,-0.314534435,-0.017053411,-0.747268666,7.318315463,4.524861256,0.292885416,-0.314534435,-0.017053411,-11.111885,97.04086,50.361706,3.110443,-3.4693148,-0.19560263
6.566667009,1.3623124,-1.9826788,-0.6840732,-0.96126115,-0.14702928,0.32863924,-1.487144,-0.38782683,0.6696631,-0.23860385,0.5065182,-0.5906338,-0.739674417,7.380939213,4.527499669,0.298900546,-0.317154813,-0.016911017,-0.739674417,7.380939213,4.527499669,0.298900546,-0.317154813,-0.016911017,-10.998959,97.871254,50.39107,3.1743238,-3.4982176,-0.19396937
6.583333677,1.3377864,-1.9893569,-0.6731136,-0.96589315,-0.1385706,0.31887165,-1.4724691,-0.3864811,0.6601771,-0.24402407,0.505277,-0.5862171,0.09386618,7.681932061,4.659446038,0.318152262,-0.342034126,-0.013986095,0.09386618,7.681932061,4.659446038,0.318152262,-0.342034126,-0.013986095,1.3957901,101.86242,51.859634,3.378777,-3.7726364,-0.1604205
6.583333677,1.3377864,-1.9893569,-0.6731136,-0.96589315,-0.1385706,0.31887165,-1.4724691,-0.3864811,0.6601771,-0.24402407,0.505277,-0.5862171,0.09386618,7.681932061,4.659446038,0.318152262,-0.342034126,-0.013986095,0.09386618,7.681932061,4.659446038,0.318152262,-0.342034126,-0.013986095,1.3957901,101.86242,51.859634,3.378777,-3.7726364,-0.1604205
6.600000344,1.3129473,-1.9962047,-0.6621065,-0.97080064,-0.12986946,0.3089325,-1.4910959,-0.39689904,0.6629365,-0.26356626,0.51939535,-0.59644365,-0.740759054,7.466347581,4.519952875,0.307366224,-0.319282163,-0.016765445,-0.740759054,7.466347581,4.519952875,0.307366224,-0.319282163,-0.016765445,-11.015087,99.00377,50.307076,3.2642293,-3.5216823,-0.19229965
6.600000344,1.3129473,-1.9962047,-0.6621065,-0.97080064,-0.12986946,0.3089325,-1.4910959,-0.39689904,0.6629365,-0.26356626,0.51939535,-0.59644365,-0.740759054,7.466347581,4.519952875,0.307366224,-0.319282163,-0.016765445,-0.740759054,7.466347581,4.519952875,0.307366224,-0.319282163,-0.016765445,-11.015087,99.00377,50.307076,3.2642293,-3.5216823,-0.19229965
6.616667012,1.2878158,-2.0032265,-0.6510595,-0.9760437,-0.120936595,0.2988304,-1.508484,-0.40722558,0.66542774,-0.28305215,0.53321725,-0.6061579,-0.73233414,7.530963259,4.523810072,0.314119733,-0.322273571,-0.016602123,-0.73233414,7.530963259,4.523810072,0.314119733,-0.322273571,-0.016602123,-10.889809,99.86057,50.350006,3.3359516,-3.5546775,-0.19042635
6.616667012,1.2878158,-2.0032265,-0.6510595,-0.9760437,-0.120936595,0.2988304,-1.508484,-0.40722558,0.66542774,-0.28305215,0.53321725,-0.6061579,-0.73233414,7.530963259,4.523810072,0.314119733,-0.322273571,-0.016602123,-0.73233414,7.530963259,4.523810072,0.314119733,-0.322273571,-0.016602123,-10.889809,99.86057,50.350006,3.3359516,-3.5546775,-0.19042635
6.633333679,1.262959,-2.0102289,-0.6401793,-0.98142904,-0.11204273,0.2888161,-1.4923321,-0.40553844,0.6558684,-0.2876609,0.5313215,-0.6010167,0.099921467,7.87694652,4.679648167,0.337539105,-0.347832713,-0.013607156,0.099921467,7.87694652,4.679648167,0.337539105,-0.347832713,-0.013607156,1.4858322,104.44831,52.084484,3.5846653,-3.8365948,-0.15607408
6.633333679,1.262959,-2.0102289,-0.6401793,-0.98142904,-0.11204273,0.2888161,-1.4923321,-0.40553844,0.6558684,-0.2876609,0.5313215,-0.6010167,0.099921467,7.87694652,4.679648167,0.337539105,-0.347832713,-0.013607156,0.099921467,7.87694652,4.679648167,0.337539105,-0.347832713,-0.013607156,1.4858322,104.44831,52.084484,3.5846653,-3.8365948,-0.15607408
6.650000347,1.2378274,-2.0173965,-0.62925667,-0.9870835,-0.102913715,0.27864593,-1.5086576,-0.41588113,0.6583386,-0.306923,0.544987,-0.6103,-0.731499883,7.619579885,4.5182899,0.32403936,-0.325170951,-0.016411211,-0.731499883,7.619579885,4.5182899,0.32403936,-0.325170951,-0.016411211,-10.877403,101.03563,50.288567,3.441298,-3.5866356,-0.1882366
6.650000347,1.2378274,-2.0173965,-0.62925667,-0.9870835,-0.102913715,0.27864593,-1.5086576,-0.41588113,0.6583386,-0.306923,0.544987,-0.6103,-0.731499883,7.619579885,4.5182899,0.32403936,-0.325170951,-0.016411211,-0.731499883,7.619579885,4.5182899,0.32403936,-0.325170951,-0.016411211,-10.877403,101.03563,50.288567,3.441298,-3.5866356,-0.1882366
6.666667014,1.212442,-2.0247376,-0.6182998,-0.99306905,-0.093561076,0.26832828,-1.5237094,-0.42611462,0.66053694,-0.3261168,0.5583226,-0.6190793,-0.721733027,7.685211665,4.522996407,0.331400927,-0.32844738,-0.016225865,-0.721733027,7.685211665,4.522996407,0.331400927,-0.32844738,-0.016225865,-10.73217,101.90591,50.34095,3.5194778,-3.6227746,-0.18611068
6.683333682,1.1873553,-2.0320532,-0.6075121,-0.9991852,-0.08425889,0.25810972,-1.5061405,-0.42406785,0.65091354,-0.32990018,0.55576354,-0.6132687,0.107499041,8.075025394,4.702227199,0.358906012,-0.35454118,-0.013170502,0.107499041,8.075025394,4.702227199,0.358906012,-0.35454118,-0.013170502,1.5985107,107.07484,52.33579,3.8115819,-3.9105892,-0.15106566
6.683333682,1.1873553,-2.0320532,-0.6075121,-0.9991852,-0.08425889,0.25810972,-1.5061405,-0.42406785,0.65091354,-0.32990018,0.55576354,-0.6132687,0.107499041,8.075025394,4.702227199,0.358906012,-0.35454118,-0.013170502,0.107499041,8.075025394,4.702227199,0.358906012,-0.35454118,-0.013170502,1.5985107,107.07484,52.33579,3.8115819,-3.9105892,-0.15106566
6.700000349,1.1620327,-2.0395327,-0.5966872,-1.0055621,-0.07472993,0.24775048,-1.5200912,-0.43427932,0.6530933,-0.3487783,0.5689127,-0.6216374,-0.718278763,7.776584309,4.519492232,0.342636436,-0.332039957,-0.015983747,-0.718278763,7.776584309,4.519492232,0.342636436,-0.332039957,-0.015983747,-10.680805,103.11751,50.30195,3.638799,-3.6624007,-0.18333358
6.700000349,1.1620327,-2.0395327,-0.5966872,-1.0055621,-0.07472993,0.24775048,-1.5200912,-0.43427932,0.6530933,-0.3487783,0.5689127,-0.6216374,-0.718278763,7.776584309,4.519492232,0.342636436,-0.332039957,-0.015983747,-0.718278763,7.776584309,4.519492232,0.342636436,-0.332039957,-0.015983747,-10.680805,103.11751,50.30195,3.638799,-3.6624007,-0.18333358
6.700000349,1.1620327,-2.0395327,-0.5966872,-1.0055621,-0.07472993,0.24775048,-1.5200912,-0.43427932,0.6530933,-0.3487783,0.5689127,-0.6216374,-0.718278763,7.776584309,4.519492232,0.342636436,-0.332039957,-0.015983747,-0.718278763,7.776584309,4.519492232,0.342636436,-0.332039957,-0.015983747,-10.680805,103.11751,50.30195,3.638799,-3.6624007,-0.18333358
6.716667017,1.1364965,-2.0471826,-0.5858336,-1.012264,-0.0649866,0.23725885,-1.5327349,-0.4443584,0.6549952,-0.3675869,0.58169657,-0.62951285,-0.706610458,7.842964644,4.525018917,0.35051608,-0.335547801,-0.015775761,-0.706610458,7.842964644,4.525018917,0.35051608,-0.335547801,-0.015775761,-10.5072975,103.99771,50.36346,3.7224808,-3.7010922,-0.18094797
6.733333685,1.1112818,-2.0548017,-0.575152,-1.0190836,-0.05530516,0.22687648,-1.5138165,-0.4419347,0.64531577,-0.3705396,0.57847005,-0.6230902,0.1174524,8.274728536,4.726761906,0.381976377,-0.362015311,-0.012670937,0.1174524,8.274728536,4.726761906,0.381976377,-0.362015311,-0.012670937,1.7465172,109.7229,52.60886,4.056589,-3.9930289,-0.14533564
6.733333685,1.1112818,-2.0548017,-0.575152,-1.0190836,-0.05530516,0.22687648,-1.5138165,-0.4419347,0.64531577,-0.3705396,0.57847005,-0.6230902,0.1174524,8.274728536,4.726761906,0.381976377,-0.362015311,-0.012670937,0.1174524,8.274728536,4.726761906,0.381976377,-0.362015311,-0.012670937,1.7465172,109.7229,52.60886,4.056589,-3.9930289,-0.14533564
6.750000352,1.0858719,-2.0625799,-0.56443834,-1.0261543,-0.04540654,0.21636814,-1.5253274,-0.45195305,0.64720273,-0.38893038,0.59103894,-0.63057846,-0.699779662,7.936643943,4.523517372,0.362917528,-0.339743233,-0.015478697,-0.699779662,7.936643943,4.523517372,0.362917528,-0.339743233,-0.015478697,-10.405724,105.2399,50.34675,3.8541842,-3.7473679,-0.17754066
6.750000352,1.0858719,-2.0625799,-0.56443834,-1.0261543,-0.04540654,0.21636814,-1.5253274,-0.45195305,0.64720273,-0.38893038,0.59103894,-0.63057846,-0.699779662,7.936643943,4.523517372,0.362917528,-0.339743233,-0.015478697,-0.699779662,7.936643943,4.523517372,0.362917528,-0.339743233,-0.015478697,-10.405724,105.2399,50.34675,3.8541842,-3.7473679,-0.17754066
6.76666702,1.0602894,-2.070525,-0.5537021,-1.0335413,-0.035303812,0.20574188,-1.5355102,-0.46182266,0.64880383,-0.40726304,0.6032098,-0.6375877,-0.685792011,8.002709551,4.52942484,0.371166093,-0.343371929,-0.015247936,-0.685792011,8.002709551,4.52942484,0.371166093,-0.343371929,-0.015247936,-10.197727,106.11593,50.4125,3.941784,-3.7873924,-0.17489383
6.783333687,1.0350496,-2.0784338,-0.54314065,-1.0410331,-0.025274362,0.19523413,-1.5153186,-0.45901117,0.63907427,-0.40938595,0.59931666,-0.63061,0.130744067,8.474194051,4.752606223,0.406422049,-0.370061776,-0.01210607,0.130744067,8.474194051,4.752606223,0.406422049,-0.370061776,-0.01210607,1.9441643,112.36781,52.896507,4.316202,-4.0817814,-0.13885662
6.783333687,1.0350496,-2.0784338,-0.54314065,-1.0410331,-0.025274362,0.19523413,-1.5153186,-0.45901117,0.63907427,-0.40938595,0.59931666,-0.63061,0.130744067,8.474194051,4.752606223,0.406422049,-0.370061776,-0.01210607,0.130744067,8.474194051,4.752606223,0.406422049,-0.370061776,-0.01210607,1.9441643,112.36781,52.896507,4.316202,-4.0817814,-0.13885662
6.783333687,1.0350496,-2.0784338,-0.54314065,-1.0410331,-0.025274362,0.19523413,-1.5153186,-0.45901117,0.63907427,-0.40938595,0.59931666,-0.63061,0.130744067,8.474194051,4.752606223,0.406422049,-0.370061776,-0.01210607,0.130744067,8.474194051,4.752606223,0.406422049,-0.370061776,-0.01210607,1.9441643,112.36781,52.896507,4.316202,-4.0817814,-0.13885662
6.800000355,1.009656,-2.0864959,-0.5325518,-1.0487641,-0.015038399,0.18461439,-1.5243388,-0.46877834,0.6406641,-0.42718658,0.6112468,-0.63725764,-0.674666024,8.09836812,4.529971168,0.384581426,-0.348065641,-0.014892011,-0.674666024,8.09836812,4.529971168,0.384581426,-0.348065641,-0.014892011,-10.032284,107.38436,50.41858,4.0842547,-3.839164,-0.17081137
6.800000355,1.009656,-2.0864959,-0.5325518,-1.0487641,-0.015038399,0.18461439,-1.5243388,-0.46877834,0.6406641,-0.42718658,0.6112468,-0.63725764,-0.674666024,8.09836812,4.529971168,0.384581426,-0.348065641,-0.014892011,-0.674666024,8.09836812,4.529971168,0.384581426,-0.348065641,-0.014892011,-10.032284,107.38436,50.41858,4.0842547,-3.839164,-0.17081137
6.816667022,0.9841315,-2.094721,-0.52194685,-1.0568001,-0.004609608,0.17389035,-1.5320166,-0.47838262,0.64195657,-0.4449541,0.62274647,-0.6434422,-0.657844672,8.163305429,4.535920451,0.393056331,-0.351709922,-0.014641474,-0.657844672,8.163305429,4.535920451,0.393056331,-0.351709922,-0.014641474,-9.78215,108.24543,50.484795,4.174258,-3.8793604,-0.16793771
6.83333369,0.9589698,-2.1029055,-0.51152045,-1.064926,0.005734605,0.1632932,-1.5106336,-0.47517234,0.632182,-0.44625315,0.6181886,-0.6359672,0.148200347,8.672123905,4.779373539,0.431933825,-0.378498551,-0.011476634,0.148200347,8.672123905,4.779373539,0.431933825,-0.378498551,-0.011476634,2.2037392,114.99236,53.194427,4.587137,-4.174839,-0.13163699
6.83333369,0.9589698,-2.1029055,-0.51152045,-1.064926,0.005734605,0.1632932,-1.5106336,-0.47517234,0.632182,-0.44625315,0.6181886,-0.6359672,0.148200347,8.672123905,4.779373539,0.431933825,-0.378498551,-0.011476634,0.148200347,8.672123905,4.779373539,0.431933825,-0.378498551,-0.011476634,2.2037392,114.99236,53.194427,4.587137,-4.174839,-0.13163699
6.850000357,0.9336964,-2.1112366,-0.50107145,-1.0732783,0.016273623,0.15259734,-1.5171261,-0.48462722,0.6334713,-0.463365,0.62942594,-0.6418179,-0.641695701,8.261053738,4.538769649,0.407354621,-0.356808189,-0.014225992,-0.641695701,8.261053738,4.538769649,0.407354621,-0.356808189,-0.014225992,-9.542015,109.54157,50.516506,4.326106,-3.9355943,-0.16317213
6.850000357,0.9336964,-2.1112366,-0.50107145,-1.0732783,0.016273623,0.15259734,-1.5171261,-0.48462722,0.6334713,-0.463365,0.62942594,-0.6418179,-0.641695701,8.261053738,4.538769649,0.407354621,-0.356808189,-0.014225992,-0.641695701,8.261053738,4.538769649,0.407354621,-0.356808189,-0.014225992,-9.542015,109.54157,50.516506,4.326106,-3.9355943,-0.16317213
6.866667025,0.90833455,-2.1197236,-0.4906125,-1.0819228,0.026993249,0.14181034,-1.5222653,-0.4939081,0.6344471,-0.48048028,0.6401999,-0.64722264,-0.621365956,8.323968626,4.544384075,0.415909043,-0.360349342,-0.013958031,-0.621365956,8.323968626,4.544384075,0.415909043,-0.360349342,-0.013958031,-9.239712,110.375824,50.578995,4.416954,-3.9746532,-0.16009861
6.866667025,0.90833455,-2.1197236,-0.4906125,-1.0819228,0.026993249,0.14181034,-1.5222653,-0.4939081,0.6344471,-0.48048028,0.6401999,-0.64722264,-0.621365956,8.323968626,4.544384075,0.415909043,-0.360349342,-0.013958031,-0.621365956,8.323968626,4.544384075,0.415909043,-0.360349342,-0.013958031,-9.239712,110.375824,50.578995,4.416954,-3.9746532,-0.16009861
6.883333692,0.8833537,-2.128164,-0.48033604,-1.0906407,0.037617244,0.13115744,-1.4997778,-0.49029496,0.6246307,-0.48096132,0.6349895,-0.6393076,0.170751699,8.866738482,4.806387628,0.458153987,-0.387088018,-0.010784229,0.170751699,8.866738482,4.806387628,0.458153987,-0.387088018,-0.010784229,2.5390778,117.57295,53.495094,4.8655953,-4.269581,-0.123695105
6.883333692,0.8833537,-2.128164,-0.48033604,-1.0906407,0.037617244,0.13115744,-1.4997778,-0.49029496,0.6246307,-0.48096132,0.6349895,-0.6393076,0.170751699,8.866738482,4.806387628,0.458153987,-0.387088018,-0.010784229,0.170751699,8.866738482,4.806387628,0.458153987,-0.387088018,-0.010784229,2.5390778,117.57295,53.495094,4.8655953,-4.269581,-0.123695105
6.90000036,0.8583036,-2.1367443,-0.47004113,-1.0995704,0.048423324,0.12041831,-1.5037187,-0.49938366,0.62561494,-0.49728584,0.6454818,-0.6444092,-0.599530085,8.423231881,4.549418584,0.430908266,-0.365703623,-0.01348407,-0.599530085,8.423231881,4.549418584,0.430908266,-0.365703623,-0.01348407,-8.915012,111.692055,50.63503,4.576246,-4.033711,-0.15466228
6.90000036,0.8583036,-2.1367443,-0.47004113,-1.0995704,0.048423324,0.12041831,-1.5037187,-0.49938366,0.62561494,-0.49728584,0.6454818,-0.6444092,-0.599530085,8.423231881,4.549418584,0.430908266,-0.365703623,-0.01348407,-0.599530085,8.423231881,4.549418584,0.430908266,-0.365703623,-0.01348407,-8.915012,111.692055,50.63503,4.576246,-4.033711,-0.15466228
6.916667027,0.8332079,-2.145475,-0.45974308,-1.1087769,0.05939696,0.10960009,-1.5062988,-0.50829047,0.62626225,-0.51366043,0.6554832,-0.6490847,-0.575054197,8.483175563,4.554263558,0.439385057,-0.369012086,-0.013203689,-0.575054197,8.483175563,4.554263558,0.439385057,-0.369012086,-0.013203689,-8.551056,112.48691,50.688953,4.6662693,-4.0702033,-0.15144631
6.933333695,0.8085097,-2.1541538,-0.4496319,-1.1180396,0.07026415,0.09892248,-1.482799,-0.504266,0.61640465,-0.51332676,0.64962935,-0.64078444,0.199050236,9.057225936,4.833431192,0.48477955,-0.39564035,-0.010033878,0.199050236,9.057225936,4.833431192,0.48477955,-0.39564035,-0.010033878,2.959877,120.098816,53.79609,5.148359,-4.363913,-0.11508858
6.933333695,0.8085097,-2.1541538,-0.4496319,-1.1180396,0.07026415,0.09892248,-1.482799,-0.504266,0.61640465,-0.51332676,0.64962935,-0.64078444,0.199050236,9.057225936,4.833431192,0.48477955,-0.39564035,-0.010033878,0.199050236,9.057225936,4.833431192,0.48477955,-0.39564035,-0.010033878,2.959877,120.098816,53.79609,5.148359,-4.363913,-0.11508858
6.950000362,0.7837851,-2.1629636,-0.4395063,-1.1274981,0.08129983,0.08817026,-1.4841743,-0.512929,0.61707926,-0.5287679,0.65933084,-0.64518845,-0.546903937,8.584603357,4.561980008,0.454988677,-0.374536566,-0.01267339,-0.546903937,8.584603357,4.561980008,0.454988677,-0.374536566,-0.01267339,-8.132462,113.83184,50.774837,4.8319798,-4.1311383,-0.14536378
6.950000362,0.7837851,-2.1629636,-0.4395063,-1.1274981,0.08129983,0.08817026,-1.4841743,-0.512929,0.61707926,-0.5287679,0.65933084,-0.64518845,-0.546903937,8.584603357,4.561980008,0.454988677,-0.374536566,-0.01267339,-0.546903937,8.584603357,4.561980008,0.454988677,-0.374536566,-0.01267339,-8.132462,113.83184,50.774837,4.8319798,-4.1311383,-0.14536378
6.950000362,0.7837851,-2.1629636,-0.4395063,-1.1274981,0.08129983,0.08817026,-1.4841743,-0.512929,0.61707926,-0.5287679,0.65933084,-0.64518845,-0.546903937,8.584603357,4.561980008,0.454988677,-0.374536566,-0.01267339,-0.546903937,8.584603357,4.561980008,0.454988677,-0.374536566,-0.01267339,-8.132462,113.83184,50.774837,4.8319798,-4.1311383,-0.14536378
6.96666703,0.7590576,-2.1719162,-0.42938414,-1.1372155,0.09248921,0.07735024,-1.4841912,-0.52140653,0.6173882,-0.54431057,0.6685161,-0.6491869,-0.517933018,8.64073867,4.565656581,0.463244246,-0.377490838,-0.012385814,-0.517933018,8.64073867,4.565656581,0.463244246,-0.377490838,-0.012385814,-7.701664,114.576195,50.815758,4.919654,-4.163724,-0.14206529
6.983333698,0.7347427,-2.1808107,-0.41945308,-1.1469694,0.10356176,0.06667631,-1.4597772,-0.5169697,0.6074915,-0.543157,0.66203827,-0.6405579,0.233650849,9.242231849,4.859979155,0.511472867,-0.403920889,-0.009233373,0.233650849,9.242231849,4.859979155,0.511472867,-0.403920889,-0.009233373,3.4743881,122.551994,54.091568,5.431842,-4.4552474,-0.105906785
6.983333698,0.7347427,-2.1808107,-0.41945308,-1.1469694,0.10356176,0.06667631,-1.4597772,-0.5169697,0.6074915,-0.543157,0.66203827,-0.6405579,0.233650849,9.242231849,4.859979155,0.511472867,-0.403920889,-0.009233373,0.233650849,9.242231849,4.859979155,0.511472867,-0.403920889,-0.009233373,3.4743881,122.551994,54.091568,5.431842,-4.4552474,-0.105906785
7.000000365,0.71044433,-2.1898272,-0.40951127,-1.156902,0.1147883,0.055938523,-1.4585856,-0.52515423,0.607853,-0.557623,0.67090625,-0.6443166,-0.482710817,8.744036414,4.576044348,0.479287886,-0.383033649,-0.011806142,-0.482710817,8.744036414,4.576044348,0.479287886,-0.383033649,-0.011806142,-7.17791,115.94592,50.931374,5.0900373,-4.224861,-0.13541645
7.000000365,0.71044433,-2.1898272,-0.40951127,-1.156902,0.1147883,0.055938523,-1.4585856,-0.52515423,0.607853,-0.557623,0.67090625,-0.6443166,-0.482710817,8.744036414,4.576044348,0.479287886,-0.383033649,-0.011806142,-0.482710817,8.744036414,4.576044348,0.479287886,-0.383033649,-0.011806142,-7.17791,115.94592,50.931374,5.0900373,-4.224861,-0.13541645
7.016667033,0.6861855,-2.1989787,-0.39957938,-1.1670737,0.1261541,0.045143306,-1.4560449,-0.53315055,0.6078135,-0.57224417,0.6792357,-0.6476929,-0.448865961,8.795795469,4.578279014,0.487200105,-0.385525393,-0.011518018,-0.448865961,8.795795469,4.578279014,0.487200105,-0.385525393,-0.011518018,-6.674637,116.63225,50.956245,5.174065,-4.252345,-0.13211167
7.0333337,0.6623527,-2.208066,-0.3898428,-1.1772616,0.13739307,0.03449879,-1.4308182,-0.52830034,0.59788036,-0.5702569,0.67215496,-0.63878703,0.274938597,9.421050243,4.885780286,0.537939575,-0.41172887,-0.008392474,0.274938597,9.421050243,4.885780286,0.537939575,-0.41172887,-0.008392474,4.088337,124.92313,54.378735,5.7129183,-4.5413694,-0.09626168
7.0333337,0.6623527,-2.208066,-0.3898428,-1.1772616,0.13739307,0.03449879,-1.4308182,-0.52830034,0.59788036,-0.5702569,0.67215496,-0.63878703,0.274938597,9.421050243,4.885780286,0.537939575,-0.41172887,-0.008392474,0.274938597,9.421050243,4.885780286,0.537939575,-0.41172887,-0.008392474,4.088337,124.92313,54.378735,5.7129183,-4.5413694,-0.09626168
7.0333337,0.6623527,-2.208066,-0.3898428,-1.1772616,0.13739307,0.03449879,-1.4308182,-0.52830034,0.59788036,-0.5702569,0.67215496,-0.63878703,0.274938597,9.421050243,4.885780286,0.537939575,-0.41172887,-0.008392474,0.274938597,9.421050243,4.885780286,0.537939575,-0.41172887,-0.008392474,4.088337,124.92313,54.378735,5.7129183,-4.5413694,-0.09626168
7.050000368,0.63857913,-2.2172666,-0.38009843,-1.1876109,0.14877087,0.023800248,-1.4270706,-0.5359509,0.5979268,-0.5836684,0.6801512,-0.64195687,-0.4061452,8.901442446,4.591678438,0.503579775,-0.390980747,-0.010897111,-0.4061452,8.901442446,4.591678438,0.503579775,-0.390980747,-0.010897111,-6.039379,118.03313,51.10538,5.348017,-4.3125176,-0.12498987
7.050000368,0.63857913,-2.2172666,-0.38009843,-1.1876109,0.14877087,0.023800248,-1.4270706,-0.5359509,0.5979268,-0.5836684,0.6801512,-0.64195687,-0.4061452,8.901442446,4.591678438,0.503579775,-0.390980747,-0.010897111,-0.4061452,8.901442446,4.591678438,0.503579775,-0.390980747,-0.010897111,-6.039379,118.03313,51.10538,5.348017,-4.3125176,-0.12498987
7.066667035,0.6148877,-2.2265925,-0.3703701,-1.1981785,0.16027284,0.013053718,-1.4219916,-0.5434122,0.5975315,-0.59727675,0.68759114,-0.6447665,-0.367215278,8.948377031,4.592250471,0.511046318,-0.392917407,-0.010613571,-0.367215278,8.948377031,4.592250471,0.511046318,-0.392917407,-0.010613571,-5.460491,118.65548,51.111748,5.427312,-4.333879,-0.12173766
7.083333703,0.5916338,-2.2358477,-0.3608406,-1.2087407,0.17163843,0.002461631,-1.3960594,-0.5381468,0.58756936,-0.59442955,0.67993283,-0.6356358,0.322965303,9.593464203,4.910805797,0.563937033,-0.418903389,-0.007523447,0.322965303,9.593464203,4.910805797,0.563937033,-0.418903389,-0.007523447,4.802494,127.209335,54.65727,5.9890113,-4.6205044,-0.086293936
7.083333703,0.5916338,-2.2358477,-0.3608406,-1.2087407,0.17163843,0.002461631,-1.3960594,-0.5381468,0.58756936,-0.59442955,0.67993283,-0.6356358,0.322965303,9.593464203,4.910805797,0.563937033,-0.418903389,-0.007523447,0.322965303,9.593464203,4.910805797,0.563937033,-0.418903389,-0.007523447,4.802494,127.209335,54.65727,5.9890113,-4.6205044,-0.086293936
7.10000037,0.5684812,-2.2452068,-0.35130578,-1.2194465,0.18312708,-0.008175619,-1.3897811,-0.54521096,0.5873006,-0.60672414,0.6870221,-0.63827366,-0.316653992,9.056366335,4.608708165,0.527630777,-0.398154099,-0.009963137,-0.316653992,9.056366335,4.608708165,0.527630777,-0.398154099,-0.009963137,-4.708645,120.08742,51.29492,5.603439,-4.3916397,-0.114277184
7.10000037,0.5684812,-2.2452068,-0.35130578,-1.2194465,0.18312708,-0.008175619,-1.3897811,-0.54521096,0.5873006,-0.60672414,0.6870221,-0.63827366,-0.316653992,9.056366335,4.608708165,0.527630777,-0.398154099,-0.009963137,-0.316653992,9.056366335,4.608708165,0.527630777,-0.398154099,-0.009963137,-4.708645,120.08742,51.29492,5.603439,-4.3916397,-0.114277184
7.116667038,0.5454524,-2.2546816,-0.34179252,-1.2303491,0.19472438,-0.01885237,-1.382192,-0.5520861,0.5865437,-0.6192408,0.69354,-0.64057523,-0.272352582,9.098166326,4.607452708,0.534566064,-0.399453448,-0.009691196,-0.272352582,9.098166326,4.607452708,0.534566064,-0.399453448,-0.009691196,-4.049883,120.641685,51.28095,5.6770916,-4.4059715,-0.11115801
7.116667038,0.5454524,-2.2546816,-0.34179252,-1.2303491,0.19472438,-0.01885237,-1.382192,-0.5520861,0.5865437,-0.6192408,0.69354,-0.64057523,-0.272352582,9.098166326,4.607452708,0.534566064,-0.399453448,-0.009691196,-0.272352582,9.098166326,4.607452708,0.534566064,-0.399453448,-0.009691196,-4.049883,120.641685,51.28095,5.6770916,-4.4059715,-0.11115801
7.133333705,0.52287096,-2.26408,-0.33248076,-1.241224,0.20617642,-0.02937177,-1.3556633,-0.5464036,0.576566,-0.61551285,0.685331,-0.6312686,0.377632967,9.759423672,4.935062885,0.5892486,-0.425303123,-0.006640093,0.377632967,9.759423672,4.935062885,0.5892486,-0.425303123,-0.006640093,5.615402,129.40996,54.92725,6.25782,-4.6910934,-0.07616186
7.133333705,0.52287096,-2.26408,-0.33248076,-1.241224,0.20617642,-0.02937177,-1.3556633,-0.5464036,0.576566,-0.61551285,0.685331,-0.6312686,0.377632967,9.759423672,4.935062885,0.5892486,-0.425303123,-0.006640093,0.377632967,9.759423672,4.935062885,0.5892486,-0.425303123,-0.006640093,5.615402,129.40996,54.92725,6.25782,-4.6910934,-0.07616186
7.150000373,0.50043255,-2.2735696,-0.3231658,-1.2522248,0.21773526,-0.039928388,-1.3468913,-0.55282724,0.57597876,-0.6266491,0.69148266,-0.63343084,-0.213952311,9.208802904,4.627113993,0.551251772,-0.40436794,-0.009025224,-0.213952311,9.208802904,4.627113993,0.551251772,-0.40436794,-0.009025224,-3.1814709,122.10873,51.49978,5.854294,-4.4601784,-0.10351932
7.150000373,0.50043255,-2.2735696,-0.3231658,-1.2522248,0.21773526,-0.039928388,-1.3468913,-0.55282724,0.57597876,-0.6266491,0.69148266,-0.63343084,-0.213952311,9.208802904,4.627113993,0.551251772,-0.40436794,-0.009025224,-0.213952311,9.208802904,4.627113993,0.551251772,-0.40436794,-0.009025224,-3.1814709,122.10873,51.49978,5.854294,-4.4601784,-0.10351932
7.16666704,0.47815913,-2.2831643,-0.3138774,-1.2633998,0.22938679,-0.050516985,-1.3368328,-0.5590687,0.5748583,-0.6380165,0.6970526,-0.63528186,-0.164183467,9.245044829,4.623820604,0.557580057,-0.404956226,-0.00877026,-0.164183467,9.245044829,4.623820604,0.557580057,-0.404956226,-0.00877026,-2.4414082,122.589294,51.463123,5.9215,-4.466667,-0.10059488
7.183333708,0.45634076,-2.2926767,-0.3047916,-1.2745272,0.24088469,-0.060946085,-1.3098204,-0.5529693,0.5648832,-0.63339686,0.68832093,-0.62584525,0.43845058,9.918831988,4.958481287,0.613675324,-0.430807285,-0.005757684,0.43845058,9.918831988,4.958481287,0.613675324,-0.430807285,-0.005757684,6.51976,131.52371,55.187897,6.517232,-4.7518044,-0.066040635
7.183333708,0.45634076,-2.2926767,-0.3047916,-1.2745272,0.24088469,-0.060946085,-1.3098204,-0.5529693,0.5648832,-0.63339686,0.68832093,-0.62584525,0.43845058,9.918831988,4.958481287,0.613675324,-0.430807285,-0.005757684,0.43845058,9.918831988,4.958481287,0.613675324,-0.430807285,-0.005757684,6.51976,131.52371,55.187897,6.517232,-4.7518044,-0.066040635
7.200000376,0.43470642,-2.3022695,-0.29570463,-1.2857629,0.2524728,-0.071405455,-1.2985992,-0.558708,0.563971,-0.643367,0.6935072,-0.6275903,-0.097975894,9.357916715,4.646397579,0.57421687,-0.409415713,-0.008105473,-0.097975894,9.357916715,4.646397579,0.57421687,-0.409415713,-0.008105473,-1.4569016,124.085976,51.714405,6.098183,-4.5158553,-0.092969775
7.200000376,0.43470642,-2.3022695,-0.29570463,-1.2857629,0.2524728,-0.071405455,-1.2985992,-0.558708,0.563971,-0.643367,0.6935072,-0.6275903,-0.097975894,9.357916715,4.646397579,0.57421687,-0.409415713,-0.008105473,-0.097975894,9.357916715,4.646397579,0.57421687,-0.409415713,-0.008105473,-1.4569016,124.085976,51.714405,6.098183,-4.5158553,-0.092969775
7.200000376,0.43470642,-2.3022695,-0.29570463,-1.2857629,0.2524728,-0.071405455,-1.2985992,-0.558708,0.563971,-0.643367,0.6935072,-0.6275903,-0.097975894,9.357916715,4.646397579,0.57421687,-0.409415713,-0.008105473,-0.097975894,9.357916715,4.646397579,0.57421687,-0.409415713,-0.008105473,-1.4569016,124.085976,51.714405,6.098183,-4.5158553,-0.092969775
7.216667043,0.41327727,-2.3119564,-0.2866487,-1.297152,0.26413733,-0.08189023,-1.2861265,-0.5642647,0.56248057,-0.65354943,0.6981049,-0.6290481,-0.043158156,9.389382502,4.641449441,0.579961231,-0.409309408,-0.007871274,-0.043158156,9.389382502,4.641449441,0.579961231,-0.409309408,-0.007871274,-0.6417618,124.50321,51.659332,6.1591883,-4.514683,-0.09028351
7.233333711,0.392309,-2.3215535,-0.27779508,-1.3084741,0.27564037,-0.09221411,-1.2587444,-0.5577456,0.5525298,-0.64804953,0.688881,-0.61952555,0.50469022,10.07211377,4.981181649,0.637076848,-0.435349126,-0.004891894,0.50469022,10.07211377,4.981181649,0.637076848,-0.435349126,-0.004891894,7.5047436,133.55623,55.44055,6.765756,-4.801901,-0.056110024
7.233333711,0.392309,-2.3215535,-0.27779508,-1.3084741,0.27564037,-0.09221411,-1.2587444,-0.5577456,0.5525298,-0.64804953,0.688881,-0.61952555,0.50469022,10.07211377,4.981181649,0.637076848,-0.435349126,-0.004891894,0.50469022,10.07211377,4.981181649,0.637076848,-0.435349126,-0.004891894,7.5047436,133.55623,55.44055,6.765756,-4.801901,-0.056110024
7.250000378,0.37156484,-2.3312192,-0.26894274,-1.3198884,0.28721678,-0.1025622,-1.2451342,-0.5627557,0.55127364,-0.6568648,0.69307977,-0.62091,0.030677913,9.503631822,4.666364589,0.596376911,-0.413172351,-0.007223917,0.030677913,9.503631822,4.666364589,0.596376911,-0.413172351,-0.007223917,0.45618057,126.01816,51.936638,6.333523,-4.557291,-0.082858324
7.250000378,0.37156484,-2.3312192,-0.26894274,-1.3198884,0.28721678,-0.1025622,-1.2451342,-0.5627557,0.55127364,-0.6568648,0.69307977,-0.62091,0.030677913,9.503631822,4.666364589,0.596376911,-0.413172351,-0.007223917,0.030677913,9.503631822,4.666364589,0.596376911,-0.413172351,-0.007223917,0.45618057,126.01816,51.936638,6.333523,-4.557291,-0.082858324
7.266667046,0.3510652,-2.340966,-0.26012573,-1.3314353,0.29885334,-0.11293006,-1.2303073,-0.56758714,0.5493997,-0.6658506,0.6966878,-0.62202984,0.090430003,9.530475093,4.659844302,0.601531063,-0.412359826,-0.0070133,0.090430003,9.530475093,4.659844302,0.601531063,-0.412359826,-0.0070133,1.3446941,126.3741,51.864067,6.38826,-4.548329,-0.08044255
7.283333713,0.33103013,-2.3506174,-0.25150946,-1.3428985,0.31032118,-0.12313629,-1.2026747,-0.5606527,0.53949046,-0.65950316,0.68700224,-0.6124629,0.575203886,10.21888698,5.00283734,0.659275279,-0.438857403,-0.004057325,0.575203886,10.21888698,5.00283734,0.659275279,-0.438857403,-0.004057325,8.553282,135.50244,55.68158,7.0015035,-4.840597,-0.04653752
7.283333713,0.33103013,-2.3506174,-0.25150946,-1.3428985,0.31032118,-0.12313629,-1.2026747,-0.5606527,0.53949046,-0.65950316,0.68700224,-0.6124629,0.575203886,10.21888698,5.00283734,0.659275279,-0.438857403,-0.004057325,0.575203886,10.21888698,5.00283734,0.659275279,-0.438857403,-0.004057325,8.553282,135.50244,55.68158,7.0015035,-4.840597,-0.04653752
7.283333713,0.33103013,-2.3506174,-0.25150946,-1.3428985,0.31032118,-0.12313629,-1.2026747,-0.5606527,0.53949046,-0.65950316,0.68700224,-0.6124629,0.575203886,10.21888698,5.00283734,0.659275279,-0.438857403,-0.004057325,0.575203886,10.21888698,5.00283734,0.659275279,-0.438857403,-0.004057325,8.553282,135.50244,55.68158,7.0015035,-4.840597,-0.04653752
7.300000381,0.31125808,-2.3603234,-0.24289769,-1.3544383,0.32184532,-0.13336167,-1.1867415,-0.5648973,0.53785735,-0.6671876,0.6901968,-0.61354226,0.171242196,9.645352716,4.686537243,0.617572098,-0.415521779,-0.006397725,0.171242196,9.645352716,4.686537243,0.617572098,-0.415521779,-0.006397725,2.5463715,127.89738,52.16116,6.5586157,-4.583205,-0.0733819
7.300000381,0.31125808,-2.3603234,-0.24289769,-1.3544383,0.32184532,-0.13336167,-1.1867415,-0.5648973,0.53785735,-0.6671876,0.6901968,-0.61354226,0.171242196,9.645352716,4.686537243,0.617572098,-0.415521779,-0.006397725,0.171242196,9.645352716,4.686537243,0.617572098,-0.415521779,-0.006397725,2.5463715,127.89738,52.16116,6.5586157,-4.583205,-0.0733819
7.316667048,0.29176855,-2.3700988,-0.23432578,-1.366092,0.333413,-0.14360212,-1.1696372,-0.5689672,0.53557414,-0.6749808,0.69280374,-0.6143805,0.235097586,9.668180486,4.678733394,0.622167875,-0.414047518,-0.006213361,0.235097586,9.668180486,4.678733394,0.622167875,-0.414047518,-0.006213361,3.495901,128.20007,52.074303,6.607423,-4.566944,-0.07126725
7.333333716,0.27274576,-2.3797731,-0.22595198,-1.3776467,0.34480548,-0.1536808,-1.1418682,-0.56162095,0.5257164,-0.66783553,0.6826913,-0.6048056,0.648872309,10.35938062,5.023400032,0.680159355,-0.441317545,-0.003266231,0.648872309,10.35938062,5.023400032,0.680159355,-0.441317545,-0.003266231,9.648731,137.36539,55.910442,7.2232924,-4.8677325,-0.037463665
7.333333716,0.27274576,-2.3797731,-0.22595198,-1.3776467,0.34480548,-0.1536808,-1.1418682,-0.56162095,0.5257164,-0.66783553,0.6826913,-0.6048056,0.648872309,10.35938062,5.023400032,0.680159355,-0.441317545,-0.003266231,0.648872309,10.35938062,5.023400032,0.680159355,-0.441317545,-0.003266231,9.648731,137.36539,55.910442,7.2232924,-4.8677325,-0.037463665
7.350000383,0.25402337,-2.3894875,-0.2175873,-1.3892629,0.35623726,-0.16377442,-1.1236928,-0.56507146,0.5236592,-0.67440856,0.68487436,-0.6056331,0.322107188,9.782720367,4.706527559,0.637675589,-0.416420637,-0.005639711,0.322107188,9.782720367,4.706527559,0.637675589,-0.416420637,-0.005639711,4.789734,129.71887,52.38365,6.7721148,-4.5931196,-0.06468749
7.350000383,0.25402337,-2.3894875,-0.2175873,-1.3892629,0.35623726,-0.16377442,-1.1236928,-0.56507146,0.5236592,-0.67440856,0.68487436,-0.6056331,0.322107188,9.782720367,4.706527559,0.637675589,-0.416420637,-0.005639711,0.322107188,9.782720367,4.706527559,0.637675589,-0.416420637,-0.005639711,4.789734,129.71887,52.38365,6.7721148,-4.5931196,-0.06468749
7.366667051,0.23562025,-2.3992586,-0.20926763,-1.4009739,0.3676959,-0.17387931,-1.1043946,-0.56834775,0.5209327,-0.6810133,0.68647397,-0.60624325,0.389461607,9.802666113,4.698034117,0.641798255,-0.414365265,-0.005481029,0.389461607,9.802666113,4.698034117,0.641798255,-0.414365265,-0.005481029,5.791294,129.98335,52.28912,6.8158975,-4.570449,-0.0628674
7.366667051,0.23562025,-2.3992586,-0.20926763,-1.4009739,0.3676959,-0.17387931,-1.1043946,-0.56834775,0.5209327,-0.6810133,0.68647397,-0.60624325,0.389461607,9.802666113,4.698034117,0.641798255,-0.414365265,-0.005481029,0.389461607,9.802666113,4.698034117,0.641798255,-0.414365265,-0.005481029,5.791294,129.98335,52.28912,6.8158975,-4.570449,-0.0628674
7.383333718,0.21768393,-2.4089217,-0.20114285,-1.4125733,0.37897325,-0.1838229,-1.0766066,-0.5606006,0.51112705,-0.67312837,0.6759709,-0.59669375,0.723912945,10.49342666,5.04259005,0.699602547,-0.442742912,-0.002525096,0.723912945,10.49342666,5.04259005,0.699602547,-0.442742912,-0.002525096,10.7645855,139.14284,56.124027,7.429779,-4.8834543,-0.02896285
7.383333718,0.21768393,-2.4089217,-0.20114285,-1.4125733,0.37897325,-0.1838229,-1.0766066,-0.5606006,0.51112705,-0.67312837,0.6759709,-0.59669375,0.723912945,10.49342666,5.04259005,0.699602547,-0.442742912,-0.002525096,0.723912945,10.49342666,5.04259005,0.699602547,-0.442742912,-0.002525096,10.7645855,139.14284,56.124027,7.429779,-4.8834543,-0.02896285
7.400000386,0.20008399,-2.4186115,-0.19303331,-1.4242194,0.39027306,-0.19377807,-1.0562768,-0.5632354,0.50859267,-0.6785977,0.6771418,-0.59732074,0.48165068,9.915828561,4.726220034,0.656617474,-0.415885265,-0.004956778,0.48165068,9.915828561,4.726220034,0.656617474,-0.415885265,-0.004956778,7.1621456,131.48389,52.60283,6.9732776,-4.5872145,-0.056854248
7.400000386,0.20008399,-2.4186115,-0.19303331,-1.4242194,0.39027306,-0.19377807,-1.0562768,-0.5632354,0.50859267,-0.6785977,0.6771418,-0.59732074,0.48165068,9.915828561,4.726220034,0.656617474,-0.415885265,-0.004956778,0.48165068,9.915828561,4.726220034,0.656617474,-0.415885265,-0.004956778,7.1621456,131.48389,52.60283,6.9732776,-4.5872145,-0.056854248
7.416667053,0.18283843,-2.428344,-0.18497482,-1.4359424,0.40158314,-0.20374145,-1.0348778,-0.5656921,0.5053796,-0.6840135,0.677738,-0.5977516,0.551524993,9.933960743,4.717571331,0.660342595,-0.413343718,-0.004823206,0.551524993,9.933960743,4.717571331,0.660342595,-0.413343718,-0.004823206,8.201177,131.72432,52.50657,7.0128384,-4.559181,-0.05532217
7.433333721,0.16605788,-2.4379628,-0.17710775,-1.4475424,0.41270658,-0.21354453,-1.007188,-0.5575604,0.4956201,-0.67544353,0.6668839,-0.5882594,0.798611875,10.62109186,5.06028812,0.717513305,-0.443185943,-0.001836946,0.798611875,10.62109186,5.06028812,0.717513305,-0.443185943,-0.001836946,11.875359,140.83568,56.321007,7.6199913,-4.888341,-0.021069765
7.433333721,0.16605788,-2.4379628,-0.17710775,-1.4475424,0.41270658,-0.21354453,-1.007188,-0.5575604,0.4956201,-0.67544353,0.6668839,-0.5882594,0.798611875,10.62109186,5.06028812,0.717513305,-0.443185943,-0.001836946,0.798611875,10.62109186,5.06028812,0.717513305,-0.443185943,-0.001836946,11.875359,140.83568,56.321007,7.6199913,-4.888341,-0.021069765
7.450000389,0.14964812,-2.447594,-0.16926368,-1.4591737,0.42383558,-0.22335666,-0.9848009,-0.55936223,0.49255255,-0.6797995,0.66704947,-0.58873516,0.647610983,10.04512091,4.745694184,0.674360575,-0.414002298,-0.004349653,0.647610983,10.04512091,4.745694184,0.674360575,-0.414002298,-0.004349653,9.629975,133.1983,52.819576,7.1617093,-4.5664454,-0.04989052
7.450000389,0.14964812,-2.447594,-0.16926368,-1.4591737,0.42383558,-0.22335666,-0.9848009,-0.55936223,0.49255255,-0.6797995,0.66704947,-0.58873516,0.647610983,10.04512091,4.745694184,0.674360575,-0.414002298,-0.004349653,0.647610983,10.04512091,4.745694184,0.674360575,-0.414002298,-0.004349653,9.629975,133.1983,52.819576,7.1617093,-4.5664454,-0.04989052
7.450000389,0.14964812,-2.447594,-0.16926368,-1.4591737,0.42383558,-0.22335666,-0.9848009,-0.55936223,0.49255255,-0.6797995,0.66704947,-0.58873516,0.647610983,10.04512091,4.745694184,0.674360575,-0.414002298,-0.004349653,0.647610983,10.04512091,4.745694184,0.674360575,-0.414002298,-0.004349653,9.629975,133.1983,52.819576,7.1617093,-4.5664454,-0.04989052
7.466667056,0.13362615,-2.4572537,-0.16147798,-1.4708638,0.4349585,-0.23317486,-0.9614028,-0.5609814,0.48881063,-0.6840157,0.666652,-0.5890351,0.71908448,10.06241305,4.737387877,0.677757973,-0.411071976,-0.004239091,0.71908448,10.06241305,4.737387877,0.677757973,-0.411071976,-0.004239091,10.692786,133.4276,52.727127,7.1977897,-4.534124,-0.04862237
7.483333724,0.11806554,-2.4667945,-0.15388027,-1.4824215,0.44589007,-0.24283409,-0.9339268,-0.5524853,0.4790893,-0.6748137,0.6554908,-0.57962435,0.87098806,10.74293088,5.076641621,0.73383757,-0.442754801,-0.001199638,0.87098806,10.74293088,5.076641621,0.73383757,-0.442754801,-0.001199638,12.951592,142.45126,56.50302,7.793355,-4.8835855,-0.013759851
7.483333724,0.11806554,-2.4667945,-0.15388027,-1.4824215,0.44589007,-0.24283409,-0.9339268,-0.5524853,0.4790893,-0.6748137,0.6554908,-0.57962435,0.87098806,10.74293088,5.076641621,0.73383757,-0.442754801,-0.001199638,0.87098806,10.74293088,5.076641621,0.73383757,-0.442754801,-0.001199638,12.951592,142.45126,56.50302,7.793355,-4.8835855,-0.013759851
7.500000391,0.10290816,-2.4763336,-0.1463148,-1.4939936,0.45681068,-0.2525005,-0.90958923,-0.5534413,0.47543925,-0.6780349,0.6546655,-0.5799942,0.817542599,10.17149728,4.765312284,0.690903367,-0.410915783,-0.003814115,0.817542599,10.17149728,4.765312284,0.690903367,-0.410915783,-0.003814115,12.156858,134.87405,53.037926,7.3373938,-4.532401,-0.043747902
7.500000391,0.10290816,-2.4763336,-0.1463148,-1.4939936,0.45681068,-0.2525005,-0.90958923,-0.5534413,0.47543925,-0.6780349,0.6546655,-0.5799942,0.817542599,10.17149728,4.765312284,0.690903367,-0.410915783,-0.003814115,0.817542599,10.17149728,4.765312284,0.690903367,-0.410915783,-0.003814115,12.156858,134.87405,53.037926,7.3373938,-4.532401,-0.043747902
7.516667059,0.088170305,-2.4858868,-0.13881584,-1.5056063,0.46770895,-0.26217157,-0.88429946,-0.5542062,0.4711298,-0.68103665,0.6532902,-0.58020645,0.889689632,10.18900807,4.757877909,0.694040794,-0.407700093,-0.003722676,0.889689632,10.18900807,4.757877909,0.694040794,-0.407700093,-0.003722676,13.229685,135.10625,52.95518,7.370713,-4.496932,-0.0426991
7.533333726,0.07388828,-2.4953153,-0.13150169,-1.5170774,0.47841185,-0.2716855,-0.8571523,-0.5453691,0.4614403,-0.6712507,0.64186776,-0.5709026,0.939043657,10.8595628,5.091888071,0.748526848,-0.441578876,-0.000606731,0.939043657,10.8595628,5.091888071,0.748526848,-0.441578876,-0.000606731,13.963579,143.9978,56.672714,7.949355,-4.870615,-0.0069592
7.533333726,0.07388828,-2.4953153,-0.13150169,-1.5170774,0.47841185,-0.2716855,-0.8571523,-0.5453691,0.4614403,-0.6712507,0.64186776,-0.5709026,0.939043657,10.8595628,5.091888071,0.748526848,-0.441578876,-0.000606731,0.939043657,10.8595628,5.091888071,0.748526848,-0.441578876,-0.000606731,13.963579,143.9978,56.672714,7.949355,-4.870615,-0.0069592
7.533333726,0.07388828,-2.4953153,-0.13150169,-1.5170774,0.47841185,-0.2716855,-0.8571523,-0.5453691,0.4614403,-0.6712507,0.64186776,-0.5709026,0.939043657,10.8595628,5.091888071,0.748526848,-0.441578876,-0.000606731,0.939043657,10.8595628,5.091888071,0.748526848,-0.441578876,-0.000606731,13.963579,143.9978,56.672714,7.949355,-4.870615,-0.0069592
7.550000394,0.060040046,-2.5047276,-0.12423029,-1.5285465,0.48908758,-0.2812059,-0.8309757,-0.54547143,0.4571676,-0.673312,0.64007294,-0.57120574,0.989014908,10.29564813,4.785354354,0.706216126,-0.406773611,-0.003344325,0.989014908,10.29564813,4.785354354,0.706216126,-0.406773611,-0.003344325,14.706652,136.5203,53.260994,7.5000153,-4.486713,-0.038359404
7.550000394,0.060040046,-2.5047276,-0.12423029,-1.5285465,0.48908758,-0.2812059,-0.8309757,-0.54547143,0.4571676,-0.673312,0.64007294,-0.57120574,0.989014908,10.29564813,4.785354354,0.706216126,-0.406773611,-0.003344325,0.989014908,10.29564813,4.785354354,0.706216126,-0.406773611,-0.003344325,14.706652,136.5203,53.260994,7.5000153,-4.486713,-0.038359404
7.566667061,0.046641048,-2.51414,-0.117034584,-1.5400368,0.4997252,-0.29072967,-0.8039128,-0.54537255,0.45225888,-0.67508304,0.6377448,-0.5713702,1.060622574,10.31419918,4.779187088,0.709130939,-0.403375271,-0.003268954,1.060622574,10.31419918,4.779187088,0.709130939,-0.403375271,-0.003268954,15.771458,136.76628,53.192352,7.5309706,-4.4492292,-0.037494898
7.583333729,0.03369049,-2.5234218,-0.11002068,-1.5513785,0.51016426,-0.3000985,-0.77720624,-0.53621995,0.44259787,-0.66475976,0.62610763,-0.56219083,1.000928462,10.97172871,5.106357873,0.76153642,-0.439797762,-5.04E-05,1.000928462,10.97172871,5.106357873,0.76153642,-0.439797762,-5.04E-05,14.883806,145.48512,56.833763,8.087517,-4.8509693,-0.000577688
7.583333729,0.03369049,-2.5234218,-0.11002068,-1.5513785,0.51016426,-0.3000985,-0.77720624,-0.53621995,0.44259787,-0.66475976,0.62610763,-0.56219083,1.000928462,10.97172871,5.106357873,0.76153642,-0.439797762,-5.04E-05,1.000928462,10.97172871,5.106357873,0.76153642,-0.439797762,-5.04E-05,14.883806,145.48512,56.833763,8.087517,-4.8509693,-0.000577688
7.600000396,0.021202331,-2.5326731,-0.103061005,-1.5626984,0.5205604,-0.30947313,-0.7493099,-0.5354631,0.43767333,-0.66563606,0.623371,-0.5624665,1.159389883,10.41852856,4.806264927,0.720280667,-0.401757397,-0.002929826,1.159389883,10.41852856,4.806264927,0.720280667,-0.401757397,-0.002929826,17.240128,138.14969,53.49373,7.6493807,-4.431384,-0.0336051
7.600000396,0.021202331,-2.5326731,-0.103061005,-1.5626984,0.5205604,-0.30947313,-0.7493099,-0.5354631,0.43767333,-0.66563606,0.623371,-0.5624665,1.159389883,10.41852856,4.806264927,0.720280667,-0.401757397,-0.002929826,1.159389883,10.41852856,4.806264927,0.720280667,-0.401757397,-0.002929826,17.240128,138.14969,53.49373,7.6493807,-4.431384,-0.0336051
7.616667064,0.009191075,-2.5419104,-0.09618691,-1.5740215,0.530903,-0.31885105,-0.7205959,-0.5344922,0.4321421,-0.666166,0.6201189,-0.5626174,1.22937611,10.43886786,4.801727048,0.722994059,-0.398270131,-0.002865326,1.22937611,10.43886786,4.801727048,0.722994059,-0.398270131,-0.002865326,18.280823,138.41939,53.443222,7.678197,-4.3929195,-0.032865286
7.616667064,0.009191075,-2.5419104,-0.09618691,-1.5740215,0.530903,-0.31885105,-0.7205959,-0.5344922,0.4321421,-0.666166,0.6201189,-0.5626174,1.22937611,10.43886786,4.801727048,0.722994059,-0.398270131,-0.002865326,1.22937611,10.43886786,4.801727048,0.722994059,-0.398270131,-0.002865326,18.280823,138.41939,53.443222,7.678197,-4.3929195,-0.032865286
7.633333731,-0.002380899,-2.551012,-0.089491785,-1.585189,0.54104435,-0.32807633,-0.69443953,-0.5250556,0.42251357,-0.6553509,0.6083168,-0.55357826,1.054854287,11.07993838,5.12028683,0.772796243,-0.43754301,0.000479643,1.054854287,11.07993838,5.12028683,0.772796243,-0.43754301,0.000479643,15.685683,146.91998,56.988792,8.207096,-4.8260994,0.005501509
7.633333731,-0.002380899,-2.551012,-0.089491785,-1.585189,0.54104435,-0.32807633,-0.69443953,-0.5250556,0.42251357,-0.6553509,0.6083168,-0.55357826,1.054854287,11.07993838,5.12028683,0.772796243,-0.43754301,0.000479643,1.054854287,11.07993838,5.12028683,0.772796243,-0.43754301,0.000479643,15.685683,146.91998,56.988792,8.207096,-4.8260994,0.005501509
7.650000399,-0.013464043,-2.5600681,-0.08286305,-1.5963157,0.55112785,-0.33730695,-0.66494954,-0.5234337,0.41691858,-0.6550247,0.60467154,-0.5538588,1.326052391,10.54114087,4.828533437,0.733058735,-0.396057701,-0.002558437,1.326052391,10.54114087,4.828533437,0.733058735,-0.396057701,-0.002558437,19.7184,139.77553,53.741577,7.785084,-4.3685164,-0.029345274
7.650000399,-0.013464043,-2.5600681,-0.08286305,-1.5963157,0.55112785,-0.33730695,-0.66494954,-0.5234337,0.41691858,-0.6550247,0.60467154,-0.5538588,1.326052391,10.54114087,4.828533437,0.733058735,-0.396057701,-0.002558437,1.326052391,10.54114087,4.828533437,0.733058735,-0.396057701,-0.002558437,19.7184,139.77553,53.741577,7.785084,-4.3685164,-0.029345274
7.666667067,-0.02404473,-2.5690951,-0.07633029,-1.607426,0.56114316,-0.34654173,-0.6347123,-0.52158606,0.41074827,-0.65430826,0.60053223,-0.55402863,1.39351045,10.56349741,4.825721597,0.735547224,-0.392541125,-0.002501358,1.39351045,10.56349741,4.825721597,0.735547224,-0.392541125,-0.002501358,20.7215,140.07198,53.71028,7.8115115,-4.3297286,-0.028690577
7.683333734,-0.03419703,-2.5779822,-0.06997386,-1.6183746,0.57095546,-0.3556265,-0.6092119,-0.5118986,0.4011586,-0.64305085,0.5886155,-0.5451409,1.099341879,11.18459802,5.133904237,0.78221921,-0.434930089,0.000992565,1.099341879,11.18459802,5.133904237,0.78221921,-0.434930089,0.000992565,16.347214,148.30777,57.140354,8.307168,-4.797279,0.011384726
7.683333734,-0.03419703,-2.5779822,-0.06997386,-1.6183746,0.57095546,-0.3556265,-0.6092119,-0.5118986,0.4011586,-0.64305085,0.5886155,-0.5451409,1.099341879,11.18459802,5.133904237,0.78221921,-0.434930089,0.000992565,1.099341879,11.18459802,5.133904237,0.78221921,-0.434930089,0.000992565,16.347214,148.30777,57.140354,8.307168,-4.797279,0.011384726
7.700000402,-0.043836273,-2.5868108,-0.06369644,-1.6292628,0.5806952,-0.36471775,-0.578259,-0.5094106,0.3948823,-0.64151704,0.58410126,-0.5454532,1.486634855,10.66375203,4.85230589,0.744451821,-0.389821121,-0.00221775,1.486634855,10.66375203,4.85230589,0.744451821,-0.389821121,-0.00221775,22.10626,141.40135,54.006165,7.9060783,-4.299727,-0.025437593
7.700000402,-0.043836273,-2.5868108,-0.06369644,-1.6292628,0.5806952,-0.36471775,-0.578259,-0.5094106,0.3948823,-0.64151704,0.58410126,-0.5454532,1.486634855,10.66375203,4.85230589,0.744451821,-0.389821121,-0.00221775,1.486634855,10.66375203,4.85230589,0.744451821,-0.389821121,-0.00221775,22.10626,141.40135,54.006165,7.9060783,-4.299727,-0.025437593
7.700000402,-0.043836273,-2.5868108,-0.06369644,-1.6292628,0.5806952,-0.36471775,-0.578259,-0.5094106,0.3948823,-0.64151704,0.58410126,-0.5454532,1.486634855,10.66375203,4.85230589,0.744451821,-0.389821121,-0.00221775,1.486634855,10.66375203,4.85230589,0.744451821,-0.389821121,-0.00221775,22.10626,141.40135,54.006165,7.9060783,-4.299727,-0.025437593
7.716667069,-0.052949738,-2.5955963,-0.057525788,-1.6401148,0.5903528,-0.37381318,-0.54663175,-0.5066816,0.38806468,-0.63956034,0.579117,-0.54566497,1.550597221,10.68870004,4.851497366,0.74670454,-0.386354822,-0.002161669,1.550597221,10.68870004,4.851497366,0.74670454,-0.386354822,-0.002161669,23.05738,141.73216,53.997166,7.930002,-4.2614937,-0.02479434
7.733333737,-0.06164737,-2.604237,-0.051528856,-1.6507999,0.59980637,-0.38276127,-0.52188957,-0.496772,0.3785264,-0.62791216,0.5671355,-0.5369386,1.133030248,11.28669612,5.147773215,0.789763923,-0.432100365,0.001500894,1.133030248,11.28669612,5.147773215,0.789763923,-0.432100365,0.001500894,16.84816,149.66159,57.294716,8.387293,-4.766067,0.017215252
7.733333737,-0.06164737,-2.604237,-0.051528856,-1.6507999,0.59980637,-0.38276127,-0.52188957,-0.496772,0.3785264,-0.62791216,0.5671355,-0.5369386,1.133030248,11.28669612,5.147773215,0.789763923,-0.432100365,0.001500894,1.133030248,11.28669612,5.147773215,0.789763923,-0.432100365,0.001500894,16.84816,149.66159,57.294716,8.387293,-4.766067,0.017215252
7.750000404,-0.06981,-2.6128051,-0.045623694,-1.661404,0.6091738,-0.39171627,-0.48960847,-0.4934149,0.37156564,-0.625173,0.56179726,-0.5373039,1.638972238,10.78704098,4.877956558,0.754379283,-0.383212063,-0.001894025,1.638972238,10.78704098,4.877956558,0.754379283,-0.383212063,-0.001894025,24.371517,143.03616,54.291656,8.011508,-4.226829,-0.021724463
7.750000404,-0.06981,-2.6128051,-0.045623694,-1.661404,0.6091738,-0.39171627,-0.48960847,-0.4934149,0.37156564,-0.625173,0.56179726,-0.5373039,1.638972238,10.78704098,4.877956558,0.754379283,-0.383212063,-0.001894025,1.638972238,10.78704098,4.877956558,0.754379283,-0.383212063,-0.001894025,24.371517,143.03616,54.291656,8.011508,-4.226829,-0.021724463
7.766667072,-0.07742578,-2.6213157,-0.039836347,-1.6719528,0.6184456,-0.400677,-0.4567279,-0.4898036,0.36409622,-0.62198883,0.5560152,-0.5375807,1.698623252,10.81452291,4.879108165,0.756335393,-0.379835381,-0.00183522,1.698623252,10.81452291,4.879108165,0.756335393,-0.379835381,-0.00183522,25.258528,143.40057,54.304474,8.032282,-4.1895843,-0.021049976
7.783333739,-0.084639914,-2.6296768,-0.034220092,-1.6823303,0.62751347,-0.40949312,-0.43284175,-0.47970587,0.35462376,-0.61000746,0.5440219,-0.52901834,1.155025172,11.38605546,5.16185572,0.795297659,-0.429116091,0.002012922,1.155025172,11.38605546,5.16185572,0.795297659,-0.429116091,0.002012922,17.175224,150.9791,57.451454,8.446061,-4.7331505,0.023088217
7.783333739,-0.084639914,-2.6296768,-0.034220092,-1.6823303,0.62751347,-0.40949312,-0.43284175,-0.47970587,0.35462376,-0.61000746,0.5440219,-0.52901834,1.155025172,11.38605546,5.16185572,0.795297659,-0.429116091,0.002012922,1.155025172,11.38605546,5.16185572,0.795297659,-0.429116091,0.002012922,17.175224,150.9791,57.451454,8.446061,-4.7331505,0.023088217
7.783333739,-0.084639914,-2.6296768,-0.034220092,-1.6823303,0.62751347,-0.40949312,-0.43284175,-0.47970587,0.35462376,-0.61000746,0.5440219,-0.52901834,1.155025172,11.38605546,5.16185572,0.795297659,-0.429116091,0.002012922,1.155025172,11.38605546,5.16185572,0.795297659,-0.429116091,0.002012922,17.175224,150.9791,57.451454,8.446061,-4.7331505,0.023088217
7.800000407,-0.09129944,-2.6379514,-0.028708471,-1.6926068,0.6364823,-0.41831747,-0.39937082,-0.47548267,0.34698,-0.6060787,0.5379108,-0.5294556,1.78118977,10.91072347,4.905392218,0.762692593,-0.376337264,-0.001576223,1.78118977,10.91072347,4.905392218,0.762692593,-0.376337264,-0.001576223,26.486292,144.6762,54.597015,8.099795,-4.151,-0.01807928
7.800000407,-0.09129944,-2.6379514,-0.028708471,-1.6926068,0.6364823,-0.41831747,-0.39937082,-0.47548267,0.34698,-0.6060787,0.5379108,-0.5294556,1.78118977,10.91072347,4.905392218,0.762692593,-0.376337264,-0.001576223,1.78118977,10.91072347,4.905392218,0.762692593,-0.376337264,-0.001576223,26.486292,144.6762,54.597015,8.099795,-4.151,-0.01807928
7.816667074,-0.09739335,-2.6461535,-0.023325808,-1.702808,0.6453432,-0.42714867,-0.36537614,-0.47099376,0.338859,-0.60169166,0.5313826,-0.52980936,1.83584448,10.94063001,4.908440891,0.764288516,-0.373083315,-0.001510497,1.83584448,10.94063001,4.908440891,0.764288516,-0.373083315,-0.001510497,27.299007,145.07275,54.630947,8.116744,-4.115109,-0.017325401
7.833333742,-0.10310132,-2.6542032,-0.018111521,-1.7128354,0.65400064,-0.43583804,-0.3424397,-0.46074557,0.32947108,-0.5894343,0.519427,-0.52141374,1.164587953,11.48261736,5.176221328,0.798721816,-0.426044015,0.002536258,1.164587953,11.48261736,5.176221328,0.798721816,-0.426044015,0.002536258,17.317423,152.2595,57.611343,8.482426,-4.6992655,0.029090881
7.833333742,-0.10310132,-2.6542032,-0.018111521,-1.7128354,0.65400064,-0.43583804,-0.3424397,-0.46074557,0.32947108,-0.5894343,0.519427,-0.52141374,1.164587953,11.48261736,5.176221328,0.798721816,-0.426044015,0.002536258,1.164587953,11.48261736,5.176221328,0.798721816,-0.426044015,0.002536258,17.317423,152.2595,57.611343,8.482426,-4.6992655,0.029090881
7.850000409,-0.10823743,-2.6621528,-0.01301467,-1.7227415,0.6625471,-0.44453728,-0.3079198,-0.45565882,0.32114944,-0.58433926,0.51259816,-0.5219336,1.91166627,11.03483519,4.934703693,0.769278424,-0.36931427,-0.001253371,1.91166627,11.03483519,4.934703693,0.769278424,-0.36931427,-0.001253371,28.426477,146.32191,54.923252,8.169737,-4.0735364,-0.014376164
7.850000409,-0.10823743,-2.6621528,-0.01301467,-1.7227415,0.6625471,-0.44453728,-0.3079198,-0.45565882,0.32114944,-0.58433926,0.51259816,-0.5219336,1.91166627,11.03483519,4.934703693,0.769278424,-0.36931427,-0.001253371,1.91166627,11.03483519,4.934703693,0.769278424,-0.36931427,-0.001253371,28.426477,146.32191,54.923252,8.169737,-4.0735364,-0.014376164
7.866667077,-0.11279159,-2.6700149,-0.008057926,-1.7325538,0.67097414,-0.45324457,-0.27295378,-0.45029685,0.312381,-0.5787821,0.5053815,-0.5223742,1.960671918,11.06697071,4.939553123,0.770438099,-0.366211456,-0.001177439,1.960671918,11.06697071,4.939553123,0.770438099,-0.366211456,-0.001177439,29.155191,146.74803,54.977226,8.182053,-4.0393124,-0.01350522
7.866667077,-0.11279159,-2.6700149,-0.008057926,-1.7325538,0.67097414,-0.45324457,-0.27295378,-0.45029685,0.312381,-0.5787821,0.5053815,-0.5223742,1.960671918,11.06697071,4.939553123,0.770438099,-0.366211456,-0.001177439,1.960671918,11.06697071,4.939553123,0.770438099,-0.366211456,-0.001177439,29.155191,146.74803,54.977226,8.182053,-4.0393124,-0.01350522
7.883333744,-0.11697698,-2.677723,-0.00326668,-1.7421894,0.6791994,-0.46181282,-0.2510549,-0.439934,0.30309728,-0.566309,0.49351642,-0.51414293,1.161428065,11.57640943,5.191006451,0.799957462,-0.422937051,0.003076909,1.161428065,11.57640943,5.191006451,0.799957462,-0.422937051,0.003076909,17.270435,153.50319,57.7759,8.495548,-4.6649957,0.03529215
7.883333744,-0.11697698,-2.677723,-0.00326668,-1.7421894,0.6791994,-0.46181282,-0.2510549,-0.439934,0.30309728,-0.566309,0.49351642,-0.51414293,1.161428065,11.57640943,5.191006451,0.799957462,-0.422937051,0.003076909,1.161428065,11.57640943,5.191006451,0.799957462,-0.422937051,0.003076909,17.270435,153.50319,57.7759,8.495548,-4.6649957,0.03529215
7.900000412,-0.12057564,-2.6853173,0.001394481,-1.7516848,0.6873025,-0.47039208,-0.21562868,-0.43398848,0.29410592,-0.56008166,0.48602924,-0.51475155,2.029150095,11.15903898,4.965810099,0.774006116,-0.362231876,-0.000917402,2.029150095,11.15903898,4.965810099,0.774006116,-0.362231876,-0.000917402,30.173462,147.96886,55.269466,8.219945,-3.9954176,-0.010522604
7.900000412,-0.12057564,-2.6853173,0.001394481,-1.7516848,0.6873025,-0.47039208,-0.21562868,-0.43398848,0.29410592,-0.56008166,0.48602924,-0.51475155,2.029150095,11.15903898,4.965810099,0.774006116,-0.362231876,-0.000917402,2.029150095,11.15903898,4.965810099,0.774006116,-0.362231876,-0.000917402,30.173462,147.96886,55.269466,8.219945,-3.9954176,-0.010522604
7.91666708,-0.123578325,-2.692809,0.005904432,-1.7610668,0.6952757,-0.47898117,-0.1798343,-0.42776075,0.28469574,-0.5533926,0.47818652,-0.5152836,2.072045301,11.19310428,4.972313249,0.774663002,-0.359295934,-0.000827585,2.072045301,11.19310428,4.972313249,0.774663002,-0.359295934,-0.000827585,30.811314,148.42056,55.341846,8.226921,-3.9630342,-0.009492397
7.933333747,-0.12623084,-2.7001438,0.01025197,-1.7702713,0.7030497,-0.48743397,-0.15905578,-0.41731825,0.27553868,-0.5407665,0.46646222,-0.5072121,1.145475345,11.66735918,5.206282377,0.798947932,-0.419835794,0.003639136,1.145475345,11.66735918,5.206282377,0.798947932,-0.419835794,0.003639136,17.033218,154.70918,57.945923,8.484827,-4.630789,0.041740894
7.933333747,-0.12623084,-2.7001438,0.01025197,-1.7702713,0.7030497,-0.48743397,-0.15905578,-0.41731825,0.27553868,-0.5407665,0.46646222,-0.5072121,1.145475345,11.66735918,5.206282377,0.798947932,-0.419835794,0.003639136,1.145475345,11.66735918,5.206282377,0.798947932,-0.419835794,0.003639136,17.033218,154.70918,57.945923,8.484827,-4.630789,0.041740894
7.950000415,-0.12828414,-2.7073514,0.014456997,-1.7793164,0.7106917,-0.49589932,-0.12286671,-0.41052723,0.26588833,-0.53344756,0.45838153,-0.5079088,2.132742342,11.28236704,4.99831317,0.776742946,-0.355142393,-0.000561957,2.132742342,11.28236704,4.99831317,0.776742946,-0.355142393,-0.000561957,31.713879,149.60419,55.631226,8.24901,-3.9172206,-0.006445646
7.950000415,-0.12828414,-2.7073514,0.014456997,-1.7793164,0.7106917,-0.49589932,-0.12286671,-0.41052723,0.26588833,-0.53344756,0.45838153,-0.5079088,2.132742342,11.28236704,4.99831317,0.776742946,-0.355142393,-0.000561957,2.132742342,11.28236704,4.99831317,0.776742946,-0.355142393,-0.000561957,31.713879,149.60419,55.631226,8.24901,-3.9172206,-0.006445646
7.950000415,-0.12828414,-2.7073514,0.014456997,-1.7793164,0.7106917,-0.49589932,-0.12286671,-0.41052723,0.26588833,-0.53344756,0.45838153,-0.5079088,2.132742342,11.28236704,4.99831317,0.776742946,-0.355142393,-0.000561957,2.132742342,11.28236704,4.99831317,0.776742946,-0.355142393,-0.000561957,31.713879,149.60419,55.631226,8.24901,-3.9172206,-0.006445646
7.966667082,-0.12972987,-2.7144442,0.018499846,-1.7882308,0.7181946,-0.504376,-0.086387955,-0.4034484,0.25584602,-0.52567554,0.4499784,-0.5085297,2.169162055,11.31812393,5.006362764,0.776834362,-0.352389663,-0.000455947,2.169162055,11.31812393,5.006362764,0.776834362,-0.352389663,-0.000455947,32.25544,150.07832,55.720818,8.249981,-3.886858,-0.005229712
7.98333375,-0.13084522,-2.7213767,0.022383591,-1.7969676,0.7255013,-0.5127187,-0.06680642,-0.3929612,0.24683711,-0.5129594,0.43844378,-0.5006104,1.116999028,11.75513174,5.221985357,0.795647788,-0.416759913,0.004223148,1.116999028,11.75513174,5.221985357,0.795647788,-0.416759913,0.004223148,16.609776,155.87305,58.120697,8.4497795,-4.596862,0.048439503
7.98333375,-0.13084522,-2.7213767,0.022383591,-1.7969676,0.7255013,-0.5127187,-0.06680642,-0.3929612,0.24683711,-0.5129594,0.43844378,-0.5006104,1.116999028,11.75513174,5.221985357,0.795647788,-0.416759913,0.004223148,1.116999028,11.75513174,5.221985357,0.795647788,-0.416759913,0.004223148,16.609776,155.87305,58.120697,8.4497795,-4.596862,0.048439503
8.000000417,-0.13135132,-2.7281692,0.026112681,-1.8055263,0.7326672,-0.5210748,-0.029998662,-0.3853354,0.23654145,-0.50459594,0.4298367,-0.501391,2.221784098,11.40465715,5.032241698,0.777433956,-0.348131157,-0.000181942,2.221784098,11.40465715,5.032241698,0.777433956,-0.348131157,-0.000181942,33.03793,151.22575,56.00885,8.256349,-3.8398867,-0.002086878
8.000000417,-0.13135132,-2.7281692,0.026112681,-1.8055263,0.7326672,-0.5210748,-0.029998662,-0.3853354,0.23654145,-0.50459594,0.4298367,-0.501391,2.221784098,11.40465715,5.032241698,0.777433956,-0.348131157,-0.000181942,2.221784098,11.40465715,5.032241698,0.777433956,-0.348131157,-0.000181942,33.03793,151.22575,56.00885,8.256349,-3.8398867,-0.002086878
8.016667085,-0.13124064,-2.7348328,0.029668821,-1.8139368,0.73968554,-0.529444,0.007020793,-0.37741864,0.2258785,-0.49579373,0.42094317,-0.50209373,2.251522062,11.44170286,5.041647857,0.776900634,-0.345566374,-5.98E-05,2.251522062,11.44170286,5.041647857,0.776900634,-0.345566374,-5.98E-05,33.480133,151.71698,56.11354,8.250685,-3.811597,-0.000685453
8.033333752,-0.13082059,-2.7413352,0.033069488,-1.8221709,0.7465122,-0.5376818,0.025334671,-0.36692753,0.21704237,-0.4830511,0.40964743,-0.49431813,1.076518599,11.83897108,5.237831945,0.790031706,-0.413705475,0.004827114,1.076518599,11.83897108,5.237831945,0.790031706,-0.413705475,0.004827114,16.007832,156.98476,58.29707,8.390137,-4.5631714,0.055366993
8.033333752,-0.13082059,-2.7413352,0.033069488,-1.8221709,0.7465122,-0.5376818,0.025334671,-0.36692753,0.21704237,-0.4830511,0.40964743,-0.49431813,1.076518599,11.83897108,5.237831945,0.790031706,-0.413705475,0.004827114,1.076518599,11.83897108,5.237831945,0.790031706,-0.413705475,0.004827114,16.007832,156.98476,58.29707,8.390137,-4.5631714,0.055366993
8.033333752,-0.13082059,-2.7413352,0.033069488,-1.8221709,0.7465122,-0.5376818,0.025334671,-0.36692753,0.21704237,-0.4830511,0.40964743,-0.49431813,1.076518599,11.83897108,5.237831945,0.790031706,-0.413705475,0.004827114,1.076518599,11.83897108,5.237831945,0.790031706,-0.413705475,0.004827114,16.007832,156.98476,58.29707,8.390137,-4.5631714,0.055366993
8.05000042,-0.12978362,-2.7476857,0.036303643,-1.8302093,0.75319034,-0.5459349,0.06261799,-0.3584822,0.20611615,-0.47369787,0.4005859,-0.4951707,2.296011129,11.52512563,5.067270764,0.776023649,-0.341243995,0.000223536,2.296011129,11.52512563,5.067270764,0.776023649,-0.341243995,0.000223536,34.141685,152.82317,56.398724,8.241371,-3.7639213,0.002563953
8.05000042,-0.12978362,-2.7476857,0.036303643,-1.8302093,0.75319034,-0.5459349,0.06261799,-0.3584822,0.20611615,-0.47369787,0.4005859,-0.4951707,2.296011129,11.52512563,5.067270764,0.776023649,-0.341243995,0.000223536,2.296011129,11.52512563,5.067270764,0.776023649,-0.341243995,0.000223536,34.141685,152.82317,56.398724,8.241371,-3.7639213,0.002563953
8.066667087,-0.12812303,-2.7538927,0.0393543,-1.838084,0.7597139,-0.5542018,0.10003551,-0.34974423,0.1948469,-0.46392426,0.39127436,-0.49594015,2.318948567,11.56317249,5.077906332,0.774830209,-0.338875588,0.000363032,2.318948567,11.56317249,5.077906332,0.774830209,-0.338875588,0.000363032,34.482765,153.32767,56.517097,8.228697,-3.7377977,0.004163981
8.083333755,-0.12617512,-2.7599382,0.04225341,-1.8457837,0.76605064,-0.5623393,0.11701765,-0.33928528,0.18620782,-0.45121774,0.38026398,-0.4882946,1.024738702,11.91884382,5.253884863,0.782157338,-0.410698418,0.005448706,1.024738702,11.91884382,5.253884863,0.782157338,-0.410698418,0.005448706,15.2378645,158.04387,58.47574,8.306511,-4.5300035,0.062496662
8.083333755,-0.12617512,-2.7599382,0.04225341,-1.8457837,0.76605064,-0.5623393,0.11701765,-0.33928528,0.18620782,-0.45121774,0.38026398,-0.4882946,1.024738702,11.91884382,5.253884863,0.782157338,-0.410698418,0.005448706,1.024738702,11.91884382,5.253884863,0.782157338,-0.410698418,0.005448706,15.2378645,158.04387,58.47574,8.306511,-4.5300035,0.062496662
8.100000422,-0.12360493,-2.76582,0.04497453,-1.8532716,0.7722325,-0.5704932,0.15463464,-0.33003822,0.17466833,-0.44093403,0.3708223,-0.48920348,2.355385981,11.6430717,5.103134059,0.772506728,-0.334530815,0.000654061,2.355385981,11.6430717,5.103134059,0.772506728,-0.334530815,0.000654061,35.02459,154.38713,56.797882,8.204021,-3.689875,0.007502079
8.100000422,-0.12360493,-2.76582,0.04497453,-1.8532716,0.7722325,-0.5704932,0.15463464,-0.33003822,0.17466833,-0.44093403,0.3708223,-0.48920348,2.355385981,11.6430717,5.103134059,0.772506728,-0.334530815,0.000654061,2.355385981,11.6430717,5.103134059,0.772506728,-0.334530815,0.000654061,35.02459,154.38713,56.797882,8.204021,-3.689875,0.007502079
8.11666709,-0.12040668,-2.7715447,0.047501914,-1.8605806,0.7782541,-0.5786613,0.19230913,-0.32050052,0.16281015,-0.4302518,0.36116832,-0.4900215,2.371504167,11.68169393,5.114792706,0.770620213,-0.332359001,0.000810207,2.371504167,11.68169393,5.114792706,0.770620213,-0.332359001,0.000810207,35.264267,154.89926,56.927643,8.183987,-3.6659198,0.009293079
8.11666709,-0.12040668,-2.7715447,0.047501914,-1.8605806,0.7782541,-0.5786613,0.19230913,-0.32050052,0.16281015,-0.4302518,0.36116832,-0.4900215,2.371504167,11.68169393,5.114792706,0.770620213,-0.332359001,0.000810207,2.371504167,11.68169393,5.114792706,0.770620213,-0.332359001,0.000810207,35.264267,154.89926,56.927643,8.183987,-3.6659198,0.009293079
8.133333758,-0.11694414,-2.7771077,0.049882047,-1.8677176,0.78409433,-0.5867024,0.20790172,-0.31011108,0.15439364,-0.41764355,0.3504875,-0.48249328,0.962522772,11.99428161,5.26995389,0.772102809,-0.407742546,0.006083519,0.962522772,11.99428161,5.26995389,0.772102809,-0.407742546,0.006083519,14.312714,159.04417,58.654587,8.199732,-4.4974003,0.069777966
8.133333758,-0.11694414,-2.7771077,0.049882047,-1.8677176,0.78409433,-0.5867024,0.20790172,-0.31011108,0.15439364,-0.41764355,0.3504875,-0.48249328,0.962522772,11.99428161,5.26995389,0.772102809,-0.407742546,0.006083519,0.962522772,11.99428161,5.26995389,0.772102809,-0.407742546,0.006083519,14.312714,159.04417,58.654587,8.199732,-4.4974003,0.069777966
8.150000425,-0.11285636,-2.7824953,0.0520731,-1.8746271,0.78977466,-0.5947595,0.24571274,-0.30008465,0.14226088,-0.40649265,0.34074283,-0.4834357,2.400131328,11.75777844,5.139526545,0.766924411,-0.328032709,0.00110768,2.400131328,11.75777844,5.139526545,0.766924411,-0.328032709,0.00110768,35.689953,155.90814,57.20293,8.144737,-3.6182008,0.012705088
8.150000425,-0.11285636,-2.7824953,0.0520731,-1.8746271,0.78977466,-0.5947595,0.24571274,-0.30008465,0.14226088,-0.40649265,0.34074283,-0.4834357,2.400131328,11.75777844,5.139526545,0.766924411,-0.328032709,0.00110768,2.400131328,11.75777844,5.139526545,0.766924411,-0.328032709,0.00110768,35.689953,155.90814,57.20293,8.144737,-3.6182008,0.012705088
8.166667093,-0.10813832,-2.7877126,0.054060493,-1.881344,0.7952903,-0.602832,0.28350595,-0.2897711,0.1298328,-0.39496976,0.3308245,-0.4842809,2.409511584,11.79665268,5.152037587,0.764335571,-0.326059692,0.001279187,2.409511584,11.79665268,5.152037587,0.764335571,-0.326059692,0.001279187,35.829437,156.42361,57.34218,8.117244,-3.5964384,0.014672279
8.18333376,-0.1031799,-2.792768,0.05590531,-1.8878921,0.8006309,-0.6107789,0.29765826,-0.27948943,0.12166425,-0.38251972,0.32051596,-0.47685447,0.890885862,12.06486675,5.285836466,0.759987373,-0.404844518,0.006723903,0.890885862,12.06486675,5.285836466,0.759987373,-0.404844518,0.006723903,13.247473,159.98013,58.83136,8.071066,-4.465435,0.077123165
8.18333376,-0.1031799,-2.792768,0.05590531,-1.8878921,0.8006309,-0.6107789,0.29765826,-0.27948943,0.12166425,-0.38251972,0.32051596,-0.47685447,0.890885862,12.06486675,5.285836466,0.759987373,-0.404844518,0.006723903,0.890885862,12.06486675,5.285836466,0.759987373,-0.404844518,0.006723903,13.247473,159.98013,58.83136,8.071066,-4.465435,0.077123165
8.200000428,-0.09759553,-2.7976365,0.05755038,-1.894199,0.8058077,-0.6187421,0.3355258,-0.26870978,0.10896091,-0.3705716,0.31054732,-0.47780523,2.430590929,11.86854505,5.176104797,0.759353027,-0.321792648,0.001580173,2.430590929,11.86854505,5.176104797,0.759353027,-0.321792648,0.001580173,36.142887,157.3769,57.610046,8.064329,-3.549373,0.01812458
8.200000428,-0.09759553,-2.7976365,0.05755038,-1.894199,0.8058077,-0.6187421,0.3355258,-0.26870978,0.10896091,-0.3705716,0.31054732,-0.47780523,2.430590929,11.86854505,5.176104797,0.759353027,-0.321792648,0.001580173,2.430590929,11.86854505,5.176104797,0.759353027,-0.321792648,0.001580173,36.142887,157.3769,57.610046,8.064329,-3.549373,0.01812458
8.200000428,-0.09759553,-2.7976365,0.05755038,-1.894199,0.8058077,-0.6187421,0.3355258,-0.26870978,0.10896091,-0.3705716,0.31054732,-0.47780523,2.430590929,11.86854505,5.176104797,0.759353027,-0.321792648,0.001580173,2.430590929,11.86854505,5.176104797,0.759353027,-0.321792648,0.001580173,36.142887,157.3769,57.610046,8.064329,-3.549373,0.01812458
8.216667095,-0.09138099,-2.8023229,0.058982268,-1.9003004,0.8108167,-0.62672067,0.37330264,-0.25765,0.09598599,-0.35827896,0.3004435,-0.47864723,2.433421552,11.90728235,5.189270129,0.756069586,-0.320017024,0.001765628,2.433421552,11.90728235,5.189270129,0.756069586,-0.320017024,0.001765628,36.18498,157.89056,57.756577,8.029459,-3.5297878,0.020251751
8.233333763,-0.084950715,-2.806849,0.060276654,-1.9062386,0.81565756,-0.6345751,0.38597074,-0.24751331,0.08809121,-0.3460474,0.290548,-0.4713061,0.810866494,12.13035411,5.301387955,0.745984525,-0.40201929,0.00736437,0.810866494,12.13035411,5.301387955,0.745984525,-0.40201929,0.00736437,12.057585,160.8485,59.004448,7.9223557,-4.434273,0.08446932
8.233333763,-0.084950715,-2.806849,0.060276654,-1.9062386,0.81565756,-0.6345751,0.38597074,-0.24751331,0.08809121,-0.3460474,0.290548,-0.4713061,0.810866494,12.13035411,5.301387955,0.745984525,-0.40201929,0.00736437,0.810866494,12.13035411,5.301387955,0.745984525,-0.40201929,0.00736437,12.057585,160.8485,59.004448,7.9223557,-4.434273,0.08446932
8.25000043,-0.077895954,-2.811178,0.061361093,-1.9119221,0.8203323,-0.6424462,0.423762,-0.23600595,0.07484257,-0.3333709,0.2804354,-0.4722331,2.44734276,11.97515865,5.212764963,0.749948469,-0.315868584,0.002068193,2.44734276,11.97515865,5.212764963,0.749948469,-0.315868584,0.002068193,36.391987,158.7906,58.018074,7.9644527,-3.4840305,0.023722172
8.25000043,-0.077895954,-2.811178,0.061361093,-1.9119221,0.8203323,-0.6424462,0.423762,-0.23600595,0.07484257,-0.3333709,0.2804354,-0.4722331,2.44734276,11.97515865,5.212764963,0.749948469,-0.315868584,0.002068193,2.44734276,11.97515865,5.212764963,0.749948469,-0.315868584,0.002068193,36.391987,158.7906,58.018074,7.9644527,-3.4840305,0.023722172
8.266667098,-0.07021331,-2.8153126,0.062223263,-1.9173886,0.8248373,-0.65033126,0.4613904,-0.22422625,0.061345927,-0.32038158,0.270227,-0.47303787,2.443748428,12.01356223,5.226466684,0.745996782,-0.314298956,0.002265766,2.443748428,12.01356223,5.226466684,0.745996782,-0.314298956,0.002265766,36.33854,159.29984,58.170574,7.922486,-3.4667175,0.02598834
8.283333765,-0.0623402,-2.8192868,0.06295341,-1.9226972,0.8291819,-0.65809345,0.47253743,-0.21427023,0.05375152,-0.30842388,0.26078182,-0.46576387,0.723549561,12.19068386,5.31650245,0.730308481,-0.399291115,0.007997145,0.723549561,12.19068386,5.31650245,0.730308481,-0.399291115,0.007997145,10.759182,161.64847,59.172672,7.755876,-4.404181,0.09172726
8.283333765,-0.0623402,-2.8192868,0.06295341,-1.9226972,0.8291819,-0.65809345,0.47253743,-0.21427023,0.05375152,-0.30842388,0.26078182,-0.46576387,0.723549561,12.19068386,5.31650245,0.730308481,-0.399291115,0.007997145,0.723549561,12.19068386,5.31650245,0.730308481,-0.399291115,0.007997145,10.759182,161.64847,59.172672,7.755876,-4.404181,0.09172726
8.283333765,-0.0623402,-2.8192868,0.06295341,-1.9226972,0.8291819,-0.65809345,0.47253743,-0.21427023,0.05375152,-0.30842388,0.26078182,-0.46576387,0.723549561,12.19068386,5.31650245,0.730308481,-0.399291115,0.007997145,0.723549561,12.19068386,5.31650245,0.730308481,-0.399291115,0.007997145,10.759182,161.64847,59.172672,7.755876,-4.404181,0.09172726
8.300000433,-0.05384621,-2.823054,0.06346392,-1.927739,0.83335936,-0.66587156,0.51012266,-0.20206837,0.039985575,-0.295095,0.2506063,-0.46663195,2.450963773,12.07676998,5.249031321,0.738856348,-0.310291708,0.002564715,2.450963773,12.07676998,5.249031321,0.738856348,-0.310291708,0.002564715,36.44583,160.13797,58.42172,7.8466544,-3.4225175,0.029417276
8.300000433,-0.05384621,-2.823054,0.06346392,-1.927739,0.83335936,-0.66587156,0.51012266,-0.20206837,0.039985575,-0.295095,0.2506063,-0.46663195,2.450963773,12.07676998,5.249031321,0.738856348,-0.310291708,0.002564715,2.450963773,12.07676998,5.249031321,0.738856348,-0.310291708,0.002564715,36.44583,160.13797,58.42172,7.8466544,-3.4225175,0.029417276
8.3166671,-0.044728763,-2.8266163,0.063743584,-1.9325542,0.83736646,-0.673662,0.5474761,-0.18960468,0.02599559,-0.28148624,0.24037415,-0.4673621,2.441228214,12.11455447,5.263079894,0.734276466,-0.308927361,0.002773035,2.441228214,12.11455447,5.263079894,0.734276466,-0.308927361,0.002773035,36.301064,160.63899,58.57808,7.798016,-3.4074688,0.031806707
8.333333768,-0.035446655,-2.8300204,0.06389711,-1.9372178,0.84122145,-0.6813303,0.5570719,-0.17986721,0.018728696,-0.26985845,0.23141351,-0.4601379,0.629968329,12.2455361,5.330920155,0.713190431,-0.396678843,0.008615204,0.629968329,12.2455361,5.330920155,0.713190431,-0.396678843,0.008615204,9.367629,162.37581,59.33314,7.5740824,-4.3753676,0.098816395
8.333333768,-0.035446655,-2.8300204,0.06389711,-1.9372178,0.84122145,-0.6813303,0.5570719,-0.17986721,0.018728696,-0.26985845,0.23141351,-0.4601379,0.629968329,12.2455361,5.330920155,0.713190431,-0.396678843,0.008615204,0.629968329,12.2455361,5.330920155,0.713190431,-0.396678843,0.008615204,9.367629,162.37581,59.33314,7.5740824,-4.3753676,0.098816395
8.350000435,-0.025549335,-2.833208,0.0638219,-1.9416046,0.8449095,-0.6890129,0.5943262,-0.16700158,0.004476134,-0.25595254,0.22125678,-0.46090755,2.442115573,12.17348033,5.284869939,0.726313196,-0.305127341,0.003066163,2.442115573,12.17348033,5.284869939,0.726313196,-0.305127341,0.003066163,36.31426,161.42035,58.820602,7.713446,-3.3655546,0.035168886
8.350000435,-0.025549335,-2.833208,0.0638219,-1.9416046,0.8449095,-0.6890129,0.5943262,-0.16700158,0.004476134,-0.25595254,0.22125678,-0.46090755,2.442115573,12.17348033,5.284869939,0.726313196,-0.305127341,0.003066163,2.442115573,12.17348033,5.284869939,0.726313196,-0.305127341,0.003066163,36.31426,161.42035,58.820602,7.713446,-3.3655546,0.035168886
8.366667103,-0.015035014,-2.8361783,0.06350777,-1.9457552,0.84842813,-0.696706,0.63128173,-0.15388593,-0.009975287,-0.24180147,0.21108222,-0.46152323,2.426464027,12.21048346,5.299149177,0.72116111,-0.303976469,0.003282257,2.426464027,12.21048346,5.299149177,0.72116111,-0.303976469,0.003282257,36.08152,161.91101,58.97953,7.658731,-3.3528605,0.037647486
8.366667103,-0.015035014,-2.8361783,0.06350777,-1.9457552,0.84842813,-0.696706,0.63128173,-0.15388593,-0.009975287,-0.24180147,0.21108222,-0.46152323,2.426464027,12.21048346,5.299149177,0.72116111,-0.303976469,0.003282257,2.426464027,12.21048346,5.299149177,0.72116111,-0.303976469,0.003282257,36.08152,161.91101,58.97953,7.658731,-3.3528605,0.037647486
8.383333771,-0.004382205,-2.8389943,0.06307386,-1.9497615,0.8518036,-0.7042778,0.6393037,-0.1444056,-0.016888348,-0.23055553,0.20263743,-0.454331,0.53117559,12.29475548,5.344409377,0.694896811,-0.39420478,0.009211272,0.53117559,12.29475548,5.344409377,0.694896811,-0.39420478,0.009211272,7.898581,163.02846,59.483276,7.379804,-4.3480787,0.105653286
8.383333771,-0.004382205,-2.8389943,0.06307386,-1.9497615,0.8518036,-0.7042778,0.6393037,-0.1444056,-0.016888348,-0.23055553,0.20263743,-0.454331,0.53117559,12.29475548,5.344409377,0.694896811,-0.39420478,0.009211272,0.53117559,12.29475548,5.344409377,0.694896811,-0.39420478,0.009211272,7.898581,163.02846,59.483276,7.379804,-4.3480787,0.105653286
8.400000438,0.006878159,-2.8415852,0.062402684,-1.9534826,0.8550136,-0.7118612,0.67610806,-0.13091257,-0.031593822,-0.2161519,0.19257978,-0.45495686,2.421498507,12.26478335,5.319914085,0.712541268,-0.300414305,0.003566779,2.421498507,12.26478335,5.319914085,0.712541268,-0.300414305,0.003566779,36.007683,162.63103,59.210644,7.5671883,-3.3135698,0.04091096
8.400000438,0.006878159,-2.8415852,0.062402684,-1.9534826,0.8550136,-0.7118612,0.67610806,-0.13091257,-0.031593822,-0.2161519,0.19257978,-0.45495686,2.421498507,12.26478335,5.319914085,0.712541268,-0.300414305,0.003566779,2.421498507,12.26478335,5.319914085,0.712541268,-0.300414305,0.003566779,36.007683,162.63103,59.210644,7.5671883,-3.3135698,0.04091096
8.416667106,0.01874712,-2.8439486,0.06148514,-1.95696,0.85805655,-0.7194523,0.7125487,-0.1171828,-0.046472017,-0.20153718,0.18254338,-0.4554133,2.400131072,12.30090502,5.334312254,0.706888772,-0.29948819,0.003789255,2.400131072,12.30090502,5.334312254,0.706888772,-0.29948819,0.003789255,35.68995,163.11,59.370895,7.5071588,-3.3033547,0.043462753
8.433333773,0.030728083,-2.8461607,0.060454596,-1.9603003,0.86096513,-0.7269222,0.71898025,-0.10799058,-0.053004283,-0.19072114,0.17464139,-0.448234,0.428004031,12.33897029,5.357118865,0.675748297,-0.391930747,0.009782562,0.428004031,12.33897029,5.357118865,0.675748297,-0.391930747,0.009782562,6.36442,163.61475,59.624733,7.176447,-4.322996,0.11220598
8.433333773,0.030728083,-2.8461607,0.060454596,-1.9603003,0.86096513,-0.7269222,0.71898025,-0.10799058,-0.053004283,-0.19072114,0.17464139,-0.448234,0.428004031,12.33897029,5.357118865,0.675748297,-0.391930747,0.009782562,0.428004031,12.33897029,5.357118865,0.675748297,-0.391930747,0.009782562,6.36442,163.61475,59.624733,7.176447,-4.322996,0.11220598
8.450000441,0.043307066,-2.8481386,0.059178863,-1.9633478,0.8637115,-0.7344009,0.7552201,-0.093908265,-0.068125226,-0.17589813,0.16476406,-0.4486715,2.389695681,12.35063072,5.354002672,0.697807,-0.296211524,0.004062345,2.389695681,12.35063072,5.354002672,0.697807,-0.296211524,0.004062345,35.534775,163.76936,59.59005,7.4107103,-3.267213,0.046595097
8.450000441,0.043307066,-2.8481386,0.059178863,-1.9633478,0.8637115,-0.7344009,0.7552201,-0.093908265,-0.068125226,-0.17589813,0.16476406,-0.4486715,2.389695681,12.35063072,5.354002672,0.697807,-0.296211524,0.004062345,2.389695681,12.35063072,5.354002672,0.697807,-0.296211524,0.004062345,35.534775,163.76936,59.59005,7.4107103,-3.267213,0.046595097
8.450000441,0.043307066,-2.8481386,0.059178863,-1.9633478,0.8637115,-0.7344009,0.7552201,-0.093908265,-0.068125226,-0.17589813,0.16476406,-0.4486715,2.389695681,12.35063072,5.354002672,0.697807,-0.296211524,0.004062345,2.389695681,12.35063072,5.354002672,0.697807,-0.296211524,0.004062345,35.534775,163.76936,59.59005,7.4107103,-3.267213,0.046595097
8.466667108,0.056484394,-2.84988,0.05764995,-1.9661453,0.8662944,-0.74188405,0.7910354,-0.07960516,-0.08339263,-0.16090164,0.15494527,-0.4489215,2.362963042,12.38561662,5.368327152,0.69172526,-0.295508135,0.004288936,2.362963042,12.38561662,5.368327152,0.69172526,-0.295508135,0.004288936,35.13726,164.23328,59.74948,7.3461223,-3.2594547,0.049194098
8.483333776,0.06974708,-2.8514736,0.056015283,-1.9688147,0.8687525,-0.749246,0.7958673,-0.07073728,-0.089517556,-0.15056245,0.1476101,-0.4417371,0.321318371,12.37780886,5.368656525,0.656022145,-0.389877191,0.010321134,0.321318371,12.37780886,5.368656525,0.656022145,-0.389877191,0.010321134,4.778004,164.12975,59.753147,6.966955,-4.3003454,0.11838341
8.483333776,0.06974708,-2.8514736,0.056015283,-1.9688147,0.8687525,-0.749246,0.7958673,-0.07073728,-0.089517556,-0.15056245,0.1476101,-0.4417371,0.321318371,12.37780886,5.368656525,0.656022145,-0.389877191,0.010321134,0.321318371,12.37780886,5.368656525,0.656022145,-0.389877191,0.010321134,4.778004,164.12975,59.753147,6.966955,-4.3003454,0.11838341
8.500000443,0.08359649,-2.8528254,0.054128204,-1.9711852,0.8710525,-0.7566122,0.8314351,-0.056105953,-0.105013974,-0.13539983,0.13799113,-0.44193625,2.347398462,12.43092579,5.386933826,0.682387334,-0.292564584,0.004548536,2.347398462,12.43092579,5.386933826,0.682387334,-0.292564584,0.004548536,34.905815,164.83408,59.956573,7.2469535,-3.2269874,0.052171707
8.500000443,0.08359649,-2.8528254,0.054128204,-1.9711852,0.8710525,-0.7566122,0.8314351,-0.056105953,-0.105013974,-0.13539983,0.13799113,-0.44193625,2.347398462,12.43092579,5.386933826,0.682387334,-0.292564584,0.004548536,2.347398462,12.43092579,5.386933826,0.682387334,-0.292564584,0.004548536,34.905815,164.83408,59.956573,7.2469535,-3.2269874,0.052171707
8.516667111,0.098032184,-2.8539317,0.051981833,-1.9733005,0.8731939,-0.7639788,0.8665198,-0.04127091,-0.12062951,-0.12009996,0.12846798,-0.44193023,2.315447358,12.46473333,5.401081452,0.675960045,-0.292100024,0.00477731,2.315447358,12.46473333,5.401081452,0.675960045,-0.292100024,0.00477731,34.430702,165.28236,60.114037,7.1786957,-3.2218633,0.054795742
8.533333778,0.11252652,-2.854894,0.04973739,-1.9752969,0.8752204,-0.7712235,0.86975014,-0.032761622,-0.1263202,-0.11028104,0.12172029,-0.4347234,0.211867568,12.41154275,5.378960663,0.636035395,-0.388091581,0.010824661,0.211867568,12.41154275,5.378960663,0.636035395,-0.388091581,0.010824661,3.1504707,164.57706,59.867832,6.754696,-4.28065,0.12415886
8.533333778,0.11252652,-2.854894,0.04973739,-1.9752969,0.8752204,-0.7712235,0.86975014,-0.032761622,-0.1263202,-0.11028104,0.12172029,-0.4347234,0.211867568,12.41154275,5.378960663,0.636035395,-0.388091581,0.010824661,0.211867568,12.41154275,5.378960663,0.636035395,-0.388091581,0.010824661,3.1504707,164.57706,59.867832,6.754696,-4.28065,0.12415886
8.533333778,0.11252652,-2.854894,0.04973739,-1.9752969,0.8752204,-0.7712235,0.86975014,-0.032761622,-0.1263202,-0.11028104,0.12172029,-0.4347234,0.211867568,12.41154275,5.378960663,0.636035395,-0.388091581,0.010824661,0.211867568,12.41154275,5.378960663,0.636035395,-0.388091581,0.010824661,3.1504707,164.57706,59.867832,6.754696,-4.28065,0.12415886
8.550000446,0.12759462,-2.8556087,0.047234025,-1.9769902,0.8770941,-0.7784676,0.90454346,-0.017624917,-0.14215022,-0.094858274,0.11243693,-0.43463412,2.29503629,12.5055339,5.418457004,0.666559618,-0.289526379,0.005023087,2.29503629,12.5055339,5.418457004,0.666559618,-0.289526379,0.005023087,34.12719,165.82338,60.307426,7.078863,-3.193476,0.057614803
8.550000446,0.12759462,-2.8556087,0.047234025,-1.9769902,0.8770941,-0.7784676,0.90454346,-0.017624917,-0.14215022,-0.094858274,0.11243693,-0.43463412,2.29503629,12.5055339,5.418457004,0.666559618,-0.289526379,0.005023087,2.29503629,12.5055339,5.418457004,0.666559618,-0.289526379,0.005023087,34.12719,165.82338,60.307426,7.078863,-3.193476,0.057614803
8.566667113,0.14323545,-2.8560696,0.044465993,-1.9784243,0.87881535,-0.78570724,0.938799,-0.002299713,-0.15807034,-0.0793344,0.10328586,-0.43431917,2.258160712,12.53836331,5.432457251,0.659893955,-0.289316082,0.005252983,2.258160712,12.53836331,5.432457251,0.659893955,-0.289316082,0.005252983,33.57885,166.2587,60.46325,7.008074,-3.1911564,0.060251713
8.583333781,0.15890819,-2.8563912,0.041608058,-1.9797493,0.8804322,-0.7928248,0.94043154,0.005819826,-0.1633006,-0.07007407,0.097141996,-0.42707512,0.100213149,12.44052524,5.388001804,0.616104544,-0.386628646,0.011291022,0.100213149,12.44052524,5.388001804,0.616104544,-0.386628646,0.011291022,1.4901695,164.96136,59.96846,6.5430303,-4.264514,0.12950802
8.583333781,0.15890819,-2.8563912,0.041608058,-1.9797493,0.8804322,-0.7928248,0.94043154,0.005819826,-0.1633006,-0.07007407,0.097141996,-0.42707512,0.100213149,12.44052524,5.388001804,0.616104544,-0.386628646,0.011291022,0.100213149,12.44052524,5.388001804,0.616104544,-0.386628646,0.011291022,1.4901695,164.96136,59.96846,6.5430303,-4.264514,0.12950802
8.600000449,0.17514007,-2.8564587,0.038485438,-1.9807677,0.88190293,-0.7999354,0.9743554,0.021419736,-0.17941864,-0.05446949,0.088268906,-0.426643,2.233123266,12.57473815,5.448550955,0.650618081,-0.287153758,0.005483128,2.233123266,12.57473815,5.448550955,0.650618081,-0.287153758,0.005483128,33.206543,166.74103,60.642372,6.909564,-3.167306,0.06289148
8.600000449,0.17514007,-2.8564587,0.038485438,-1.9807677,0.88190293,-0.7999354,0.9743554,0.021419736,-0.17941864,-0.05446949,0.088268906,-0.426643,2.233123266,12.57473815,5.448550955,0.650618081,-0.287153758,0.005483128,2.233123266,12.57473815,5.448550955,0.650618081,-0.287153758,0.005483128,33.206543,166.74103,60.642372,6.909564,-3.167306,0.06289148
8.616667116,0.19192947,-2.8562648,0.03509355,-1.981525,0.8832288,-0.8070358,1.0076907,0.03718878,-0.19559653,-0.038801912,0.07956199,-0.4259664,2.191504329,12.60631786,5.462192354,0.643798007,-0.287202436,0.005713108,2.191504329,12.60631786,5.462192354,0.643798007,-0.287202436,0.005713108,32.58767,167.15977,60.7942,6.837135,-3.1678429,0.06552935
8.616667116,0.19192947,-2.8562648,0.03509355,-1.981525,0.8832288,-0.8070358,1.0076907,0.03718878,-0.19559653,-0.038801912,0.07956199,-0.4259664,2.191504329,12.60631786,5.462192354,0.643798007,-0.287202436,0.005713108,2.191504329,12.60631786,5.462192354,0.643798007,-0.287202436,0.005713108,32.58767,167.15977,60.7942,6.837135,-3.1678429,0.06552935
8.633333784,0.20872435,-2.8559375,0.031620353,-1.9821831,0.88446033,-0.8140129,1.0077361,0.044887163,-0.20034075,-0.030134745,0.07403367,-0.41867027,-0.013124919,12.46483229,5.395628457,0.596527416,-0.385531705,0.011718595,-0.013124919,12.46483229,5.395628457,0.596527416,-0.385531705,0.011718595,-0.19516754,165.28368,60.053345,6.335121,-4.2524147,0.13441229
8.633333784,0.20872435,-2.8559375,0.031620353,-1.9821831,0.88446033,-0.8140129,1.0077361,0.044887163,-0.20034075,-0.030134745,0.07403367,-0.41867027,-0.013124919,12.46483229,5.395628457,0.596527416,-0.385531705,0.011718595,-0.013124919,12.46483229,5.395628457,0.596527416,-0.385531705,0.011718595,-0.19516754,165.28368,60.053345,6.335121,-4.2524147,0.13441229
8.650000451,0.22606239,-2.8553505,0.027877504,-1.9825333,0.8855539,-0.8209766,1.0407025,0.06090423,-0.21669787,-0.014427681,0.06564212,-0.41784212,2.162050351,12.6384177,5.477005923,0.63484191,-0.285488675,0.005927892,2.162050351,12.6384177,5.477005923,0.63484191,-0.285488675,0.005927892,32.14969,167.58542,60.959076,6.742021,-3.14894,0.067992926
8.650000451,0.22606239,-2.8553505,0.027877504,-1.9825333,0.8855539,-0.8209766,1.0407025,0.06090423,-0.21669787,-0.014427681,0.06564212,-0.41784212,2.162050351,12.6384177,5.477005923,0.63484191,-0.285488675,0.005927892,2.162050351,12.6384177,5.477005923,0.63484191,-0.285488675,0.005927892,32.14969,167.58542,60.959076,6.742021,-3.14894,0.067992926
8.666667119,0.24394129,-2.8544958,0.023861626,-1.9826213,0.886511,-0.82792354,1.0730323,0.07707143,-0.2330842,0.001307606,0.057449296,-0.41674957,2.115878276,12.6688087,5.490238433,0.627965173,-0.285809124,0.006157082,2.115878276,12.6688087,5.490238433,0.627965173,-0.285809124,0.006157082,31.46311,167.9884,61.106354,6.66899,-3.1524746,0.07062173
8.683333786,0.26179942,-2.853513,0.019773494,-1.9826202,0.8873844,-0.8347461,1.0715077,0.08431996,-0.23731782,0.009350603,0.052544303,-0.40938675,-0.127736433,12.48475157,5.401823827,0.577597519,-0.384851639,0.012107631,-0.127736433,12.48475157,5.401823827,0.577597519,-0.384851639,0.012107631,-1.8994408,165.5478,60.1223,6.1340857,-4.2449136,0.13887453
8.683333786,0.26179942,-2.853513,0.019773494,-1.9826202,0.8873844,-0.8347461,1.0715077,0.08431996,-0.23731782,0.009350603,0.052544303,-0.40938675,-0.127736433,12.48475157,5.401823827,0.577597519,-0.384851639,0.012107631,-0.127736433,12.48475157,5.401823827,0.577597519,-0.384851639,0.012107631,-1.8994408,165.5478,60.1223,6.1340857,-4.2449136,0.13887453
8.700000454,0.2801834,-2.8522656,0.015411568,-1.9823115,0.8881289,-0.8415477,1.1034358,0.10070682,-0.2538634,0.025084402,0.044701964,-0.40810743,2.082169898,12.6965622,5.503676587,0.619497362,-0.284571488,0.006356651,2.082169898,12.6965622,5.503676587,0.619497362,-0.284571488,0.006356651,30.961866,168.35641,61.25592,6.579062,-3.1388235,0.072910786
8.700000454,0.2801834,-2.8522656,0.015411568,-1.9823115,0.8881289,-0.8415477,1.1034358,0.10070682,-0.2538634,0.025084402,0.044701964,-0.40810743,2.082169898,12.6965622,5.503676587,0.619497362,-0.284571488,0.006356651,2.082169898,12.6965622,5.503676587,0.619497362,-0.284571488,0.006356651,30.961866,168.35641,61.25592,6.579062,-3.1388235,0.072910786
8.700000454,0.2801834,-2.8522656,0.015411568,-1.9823115,0.8881289,-0.8415477,1.1034358,0.10070682,-0.2538634,0.025084402,0.044701964,-0.40810743,2.082169898,12.6965622,5.503676587,0.619497362,-0.284571488,0.006356651,2.082169898,12.6965622,5.503676587,0.619497362,-0.284571488,0.006356651,30.961866,168.35641,61.25592,6.579062,-3.1388235,0.072910786
8.716667121,0.29909042,-2.8507445,0.010773724,-1.9817404,0.88874656,-0.84832436,1.134683,0.11722414,-0.27040604,0.040811744,0.037089247,-0.40654343,2.031555253,12.72574262,5.516435772,0.612657802,-0.285178796,0.006584739,2.031555253,12.72574262,5.516435772,0.612657802,-0.285178796,0.006584739,30.209227,168.74335,61.39793,6.506426,-3.145522,0.07552695
8.733333789,0.31795073,-2.8491015,0.006073103,-1.9810911,0.8892909,-0.8549753,1.1316097,0.123993136,-0.27410504,0.048202347,0.032811303,-0.39910567,-0.243367168,12.50021174,5.406441222,0.55957981,-0.384631766,0.012457963,-0.243367168,12.50021174,5.406441222,0.55957981,-0.384631766,0.012457963,-3.6188698,165.7528,60.17369,5.9427376,-4.2424884,0.14289284
8.733333789,0.31795073,-2.8491015,0.006073103,-1.9810911,0.8892909,-0.8549753,1.1316097,0.123993136,-0.27410504,0.048202347,0.032811303,-0.39910567,-0.243367168,12.50021174,5.406441222,0.55957981,-0.384631766,0.012457963,-0.243367168,12.50021174,5.406441222,0.55957981,-0.384631766,0.012457963,-3.6188698,165.7528,60.17369,5.9427376,-4.2424884,0.14289284
8.750000456,0.33731833,-2.8471904,0.001095421,-1.980135,0.88971645,-0.8615976,1.1624246,0.14070053,-0.29078552,0.06388831,0.025582392,-0.3973205,1.993654299,12.74907729,5.52842722,0.604834754,-0.284442703,0.006769944,1.993654299,12.74907729,5.52842722,0.604834754,-0.284442703,0.006769944,29.64564,169.05276,61.531395,6.423345,-3.137403,0.07765126
8.750000456,0.33731833,-2.8471904,0.001095421,-1.980135,0.88971645,-0.8615976,1.1624246,0.14070053,-0.29078552,0.06388831,0.025582392,-0.3973205,1.993654299,12.74907729,5.52842722,0.604834754,-0.284442703,0.006769944,1.993654299,12.74907729,5.52842722,0.604834754,-0.284442703,0.006769944,29.64564,169.05276,61.531395,6.423345,-3.137403,0.07765126
8.766667124,0.35718995,-2.8449998,-0.00416017,-1.978918,0.8900259,-0.8681859,1.1925187,0.1575193,-0.30743065,0.07953313,0.018611893,-0.39523044,1.93876845,12.77707821,5.54067161,0.598128547,-0.285347483,0.00699666,1.93876845,12.77707821,5.54067161,0.598128547,-0.285347483,0.00699666,28.829487,169.42406,61.667675,6.352125,-3.1473827,0.080251694
8.783333791,0.37698945,-2.842694,-0.009468637,-1.9776342,0.89027274,-0.87464774,1.1879262,0.16378132,-0.3105711,0.086247824,0.014960864,-0.3877067,-0.359681187,12.51134628,5.4094755,0.542726535,-0.384913243,0.01277167,-0.359681187,12.51134628,5.4094755,0.542726535,-0.384913243,0.01277167,-5.3484592,165.90045,60.207462,5.763756,-4.245593,0.14649105
8.783333791,0.37698945,-2.842694,-0.009468637,-1.9776342,0.89027274,-0.87464774,1.1879262,0.16378132,-0.3105711,0.086247824,0.014960864,-0.3877067,-0.359681187,12.51134628,5.4094755,0.542726535,-0.384913243,0.01277167,-0.359681187,12.51134628,5.4094755,0.542726535,-0.384913243,0.01277167,-5.3484592,165.90045,60.207462,5.763756,-4.245593,0.14649105
8.783333791,0.37698945,-2.842694,-0.009468637,-1.9776342,0.89027274,-0.87464774,1.1879262,0.16378132,-0.3105711,0.086247824,0.014960864,-0.3877067,-0.359681187,12.51134628,5.4094755,0.542726535,-0.384913243,0.01277167,-0.359681187,12.51134628,5.4094755,0.542726535,-0.384913243,0.01277167,-5.3484592,165.90045,60.207462,5.763756,-4.245593,0.14649105
8.800000459,0.39727658,-2.8401172,-0.01505655,-1.9760457,0.89041173,-0.88107073,1.2175614,0.1807595,-0.3273315,0.101814434,0.008404325,-0.38536006,1.896777278,12.79588127,5.551162542,0.591093268,-0.285131977,0.0071685,1.896777278,12.79588127,5.551162542,0.591093268,-0.285131977,0.0071685,28.205078,169.67339,61.78444,6.2774105,-3.1450057,0.0822227
8.800000459,0.39727658,-2.8401172,-0.01505655,-1.9760457,0.89041173,-0.88107073,1.2175614,0.1807595,-0.3273315,0.101814434,0.008404325,-0.38536006,1.896777278,12.79588127,5.551162542,0.591093268,-0.285131977,0.0071685,1.896777278,12.79588127,5.551162542,0.591093268,-0.285131977,0.0071685,28.205078,169.67339,61.78444,6.2774105,-3.1450057,0.0822227
8.816667126,0.41804734,-2.8372564,-0.020923423,-1.9741989,0.89044636,-0.8874499,1.2464379,0.1978295,-0.34402308,0.11730621,0.002132682,-0.38269123,1.837616634,12.82265204,5.562843809,0.584605409,-0.286350657,0.007393886,1.837616634,12.82265204,5.562843809,0.584605409,-0.286350657,0.007393886,27.32536,170.02837,61.91445,6.2085094,-3.1584477,0.08480787
8.833333794,0.4387212,-2.8342881,-0.026832871,-1.972297,0.8904287,-0.8937003,1.2403597,0.203559,-0.34658283,0.12332603,-0.000896354,-0.37507573,-0.476450943,12.51810456,5.410913294,0.527266594,-0.385733291,0.013050247,-0.476450943,12.51810456,5.410913294,0.527266594,-0.385733291,0.013050247,-7.0848255,165.99007,60.223465,5.599571,-4.254638,0.14968634
8.833333794,0.4387212,-2.8342881,-0.026832871,-1.972297,0.8904287,-0.8937003,1.2403597,0.203559,-0.34658283,0.12332603,-0.000896354,-0.37507573,-0.476450943,12.51810456,5.410913294,0.527266594,-0.385733291,0.013050247,-0.476450943,12.51810456,5.410913294,0.527266594,-0.385733291,0.013050247,-7.0848255,165.99007,60.223465,5.599571,-4.254638,0.14968634
8.850000462,0.4598622,-2.8310466,-0.03302322,-1.9700933,0.8903156,-0.899903,1.2687551,0.22075841,-0.36336514,0.13870361,-0.006725482,-0.37211868,1.791724312,12.83686481,5.571861301,0.578490534,-0.286665551,0.007553047,1.791724312,12.83686481,5.571861301,0.578490534,-0.286665551,0.007553047,26.64294,170.21683,62.014816,6.1435695,-3.161921,0.086633444
8.850000462,0.4598622,-2.8310466,-0.03302322,-1.9700933,0.8903156,-0.899903,1.2687551,0.22075841,-0.36336514,0.13870361,-0.006725482,-0.37211868,1.791724312,12.83686481,5.571861301,0.578490534,-0.286665551,0.007553047,1.791724312,12.83686481,5.571861301,0.578490534,-0.286665551,0.007553047,26.64294,170.21683,62.014816,6.1435695,-3.161921,0.086633444
8.866667129,0.4814659,-2.8275185,-0.039492603,-1.9676355,0.89011043,-0.90605104,1.2963611,0.23802991,-0.38004452,0.15397385,-0.012246916,-0.36881924,1.728680732,12.86231914,5.582924609,0.572306917,-0.288192727,0.007776728,1.728680732,12.86231914,5.582924609,0.572306917,-0.288192727,0.007776728,25.705482,170.55435,62.13795,6.0778995,-3.1787658,0.089199066
8.866667129,0.4814659,-2.8275185,-0.039492603,-1.9676355,0.89011043,-0.90605104,1.2963611,0.23802991,-0.38004452,0.15397385,-0.012246916,-0.36881924,1.728680732,12.86231914,5.582924609,0.572306917,-0.288192727,0.007776728,1.728680732,12.86231914,5.582924609,0.572306917,-0.288192727,0.007776728,25.705482,170.55435,62.13795,6.0778995,-3.1787658,0.089199066
8.883333797,0.5029482,-2.823891,-0.04599389,-1.9651341,0.88986325,-0.9120687,1.2888324,0.24320672,-0.3820034,0.15928346,-0.014663338,-0.3611084,-0.59371389,12.5205729,5.410876278,0.51340509,-0.387141019,0.013297438,-0.59371389,12.5205729,5.410876278,0.51340509,-0.387141019,0.013297438,-8.828526,166.0228,60.223053,5.452362,-4.2701654,0.15252161
8.883333797,0.5029482,-2.823891,-0.04599389,-1.9651341,0.88986325,-0.9120687,1.2888324,0.24320672,-0.3820034,0.15928346,-0.014663338,-0.3611084,-0.59371389,12.5205729,5.410876278,0.51340509,-0.387141019,0.013297438,-0.59371389,12.5205729,5.410876278,0.51340509,-0.387141019,0.013297438,-8.828526,166.0228,60.223053,5.452362,-4.2701654,0.15252161
8.900000464,0.524876,-2.8199875,-0.052776597,-1.962336,0.8895335,-0.9180273,1.3159378,0.26057994,-0.39874908,0.17440613,-0.019716127,-0.35748607,1.678876486,12.87187717,5.590520758,0.567222091,-0.289052979,0.007925932,1.678876486,12.87187717,5.590520758,0.567222091,-0.289052979,0.007925932,24.964893,170.68109,62.222496,6.0238986,-3.1882544,0.090910435
8.900000464,0.524876,-2.8199875,-0.052776597,-1.962336,0.8895335,-0.9180273,1.3159378,0.26057994,-0.39874908,0.17440613,-0.019716127,-0.35748607,1.678876486,12.87187717,5.590520758,0.567222091,-0.289052979,0.007925932,1.678876486,12.87187717,5.590520758,0.567222091,-0.289052979,0.007925932,24.964893,170.68109,62.222496,6.0238986,-3.1882544,0.090910435
8.916667132,0.547245,-2.8157947,-0.059837434,-1.9592885,0.8891247,-0.9239201,1.3422241,0.27800226,-0.41535679,0.18939234,-0.024440354,-0.3535072,1.611881987,12.89566753,5.600822839,0.561403914,-0.290897167,0.008147472,1.611881987,12.89566753,5.600822839,0.561403914,-0.290897167,0.008147472,23.968685,170.99655,62.33716,5.9621096,-3.2085958,0.0934515
8.933333799,0.5694692,-2.8115108,-0.06691913,-1.956209,0.8886841,-0.92968214,1.3332896,0.28260347,-0.41669515,0.19398052,-0.026256628,-0.345699,-0.710945668,12.51810226,5.409218787,0.501297288,-0.389131501,0.013515028,-0.710945668,12.51810226,5.409218787,0.501297288,-0.389131501,0.013515028,-10.571762,165.99004,60.204605,5.323777,-4.2921205,0.15501738
8.933333799,0.5694692,-2.8115108,-0.06691913,-1.956209,0.8886841,-0.92968214,1.3332896,0.28260347,-0.41669515,0.19398052,-0.026256628,-0.345699,-0.710945668,12.51810226,5.409218787,0.501297288,-0.389131501,0.013515028,-0.710945668,12.51810226,5.409218787,0.501297288,-0.389131501,0.013515028,-10.571762,165.99004,60.204605,5.323777,-4.2921205,0.15501738
8.950000467,0.59211636,-2.8069494,-0.07428181,-1.952839,0.8881745,-0.93537176,1.3590566,0.30009696,-0.43334374,0.2087864,-0.030489678,-0.34136257,1.558077055,12.90007256,5.606888311,0.557423716,-0.292301221,0.008288257,1.558077055,12.90007256,5.606888311,0.557423716,-0.292301221,0.008288257,23.168606,171.05496,62.404667,5.91984,-3.2240825,0.09506631
8.950000467,0.59211636,-2.8069494,-0.07428181,-1.952839,0.8881745,-0.93537176,1.3590566,0.30009696,-0.43334374,0.2087864,-0.030489678,-0.34136257,1.558077055,12.90007256,5.606888311,0.557423716,-0.292301221,0.008288257,1.558077055,12.90007256,5.606888311,0.557423716,-0.292301221,0.008288257,23.168606,171.05496,62.404667,5.91984,-3.2240825,0.09506631
8.950000467,0.59211636,-2.8069494,-0.07428181,-1.952839,0.8881745,-0.93537176,1.3590566,0.30009696,-0.43334374,0.2087864,-0.030489678,-0.34136257,1.558077055,12.90007256,5.606888311,0.557423716,-0.292301221,0.008288257,1.558077055,12.90007256,5.606888311,0.557423716,-0.292301221,0.008288257,23.168606,171.05496,62.404667,5.91984,-3.2240825,0.09506631
8.966667134,0.61518174,-2.8020964,-0.08192065,-1.9492251,0.8876,-0.9409838,1.3839791,0.31761748,-0.4498183,0.22342838,-0.034375757,-0.33665556,1.48738407,12.9221161,5.616431909,0.552044705,-0.294463178,0.008508405,1.48738407,12.9221161,5.616431909,0.552044705,-0.294463178,0.008508405,22.117401,171.34726,62.510887,5.862715,-3.2479289,0.0975914
8.983333802,0.63807976,-2.7971606,-0.089569,-1.9455903,0.88700366,-0.9464635,1.3736874,0.3216209,-0.45051807,0.22728777,-0.03561013,-0.3287531,-0.827878068,12.51014836,5.405932253,0.49107618,-0.391710226,0.013703622,-0.827878068,12.51014836,5.405932253,0.49107618,-0.391710226,0.013703622,-12.310547,165.88457,60.168026,5.215229,-4.320564,0.15718055
8.983333802,0.63807976,-2.7971606,-0.089569,-1.9455903,0.88700366,-0.9464635,1.3736874,0.3216209,-0.45051807,0.22728777,-0.03561013,-0.3287531,-0.827878068,12.51014836,5.405932253,0.49107618,-0.391710226,0.013703622,-0.827878068,12.51014836,5.405932253,0.49107618,-0.391710226,0.013703622,-12.310547,165.88457,60.168026,5.215229,-4.320564,0.15718055
9.000000469,0.6613781,-2.7919486,-0.0974969,-1.9416721,0.88635236,-0.9518581,1.398079,0.33918163,-0.46700826,0.24171798,-0.03898635,-0.32365736,1.430030469,12.92088596,5.620935171,0.549236395,-0.29638114,0.008640252,1.430030469,12.92088596,5.620935171,0.549236395,-0.29638114,0.008640252,21.264553,171.33095,62.56101,5.8328905,-3.269084,0.09910369
9.000000469,0.6613781,-2.7919486,-0.0974969,-1.9416721,0.88635236,-0.9518581,1.398079,0.33918163,-0.46700826,0.24171798,-0.03898635,-0.32365736,1.430030469,12.92088596,5.620935171,0.549236395,-0.29638114,0.008640252,1.430030469,12.92088596,5.620935171,0.549236395,-0.29638114,0.008640252,21.264553,171.33095,62.56101,5.8328905,-3.269084,0.09910369
9.016667137,0.68507135,-2.7864437,-0.10569804,-1.9375169,0.8856508,-0.957162,1.4216057,0.35674956,-0.48328757,0.25595698,-0.04200043,-0.3181786,1.35589066,12.94112515,5.629787462,0.544364439,-0.298861515,0.00885909,1.35589066,12.94112515,5.629787462,0.544364439,-0.298861515,0.00885909,20.162094,171.59932,62.659534,5.7811503,-3.2964425,0.10161376
9.033333804,0.7085751,-2.7808652,-0.11389705,-1.9333526,0.8849366,-0.96233094,1.4100053,0.3601398,-0.48333392,0.2590853,-0.042674188,-0.310186,-0.944470558,12.49642351,5.401228145,0.48286165,-0.394899112,0.013869434,-0.944470558,12.49642351,5.401228145,0.48286165,-0.394899112,0.013869434,-14.044277,165.70258,60.11567,5.1279907,-4.355737,0.15908241
9.033333804,0.7085751,-2.7808652,-0.11389705,-1.9333526,0.8849366,-0.96233094,1.4100053,0.3601398,-0.48333392,0.2590853,-0.042674188,-0.310186,-0.944470558,12.49642351,5.401228145,0.48286165,-0.394899112,0.013869434,-0.944470558,12.49642351,5.401228145,0.48286165,-0.394899112,0.013869434,-14.044277,165.70258,60.11567,5.1279907,-4.355737,0.15908241
9.033333804,0.7085751,-2.7808652,-0.11389705,-1.9333526,0.8849366,-0.96233094,1.4100053,0.3601398,-0.48333392,0.2590853,-0.042674188,-0.310186,-0.944470558,12.49642351,5.401228145,0.48286165,-0.394899112,0.013869434,-0.944470558,12.49642351,5.401228145,0.48286165,-0.394899112,0.013869434,-14.044277,165.70258,60.11567,5.1279907,-4.355737,0.15908241
9.050000472,0.7324562,-2.7750106,-0.12237316,-1.9289129,0.88418216,-0.9674026,1.4329923,0.377717,-0.4996026,0.2730851,-0.045162205,-0.30429238,1.295128972,12.93377308,5.632733313,0.542770671,-0.301273844,0.008983205,1.295128972,12.93377308,5.632733313,0.542770671,-0.301273844,0.008983205,19.258568,171.50183,62.69232,5.7642245,-3.3230505,0.10303736
9.050000472,0.7324562,-2.7750106,-0.12237316,-1.9289129,0.88418216,-0.9674026,1.4329923,0.377717,-0.4996026,0.2730851,-0.045162205,-0.30429238,1.295128972,12.93377308,5.632733313,0.542770671,-0.301273844,0.008983205,1.295128972,12.93377308,5.632733313,0.542770671,-0.301273844,0.008983205,19.258568,171.50183,62.69232,5.7642245,-3.3230505,0.10303736
9.06666714,0.75670856,-2.768862,-0.13111849,-1.9242439,0.8833925,-0.97237027,1.4550921,0.39528096,-0.5156243,0.2868705,-0.047275946,-0.29799983,1.21737046,12.95189145,5.640841859,0.538446854,-0.304081866,0.009202375,1.21737046,12.95189145,5.640841859,0.538446854,-0.304081866,0.009202375,18.102299,171.74208,62.78257,5.7183056,-3.354023,0.10555124
9.083333807,0.78075045,-2.7626493,-0.1398498,-1.9195769,0.8825992,-0.9772016,1.4422377,0.39803782,-0.51500237,0.28926787,-0.047413796,-0.28992558,-1.060124123,12.47566879,5.394942634,0.476705557,-0.398655102,0.014012423,-1.060124123,12.47566879,5.394942634,0.476705557,-0.398655102,0.014012423,-15.764046,165.42737,60.04571,5.062613,-4.397166,0.1607225
9.083333807,0.78075045,-2.7626493,-0.1398498,-1.9195769,0.8825992,-0.9772016,1.4422377,0.39803782,-0.51500237,0.28926787,-0.047413796,-0.28992558,-1.060124123,12.47566879,5.394942634,0.476705557,-0.398655102,0.014012423,-1.060124123,12.47566879,5.394942634,0.476705557,-0.398655102,0.014012423,-15.764046,165.42737,60.04571,5.062613,-4.397166,0.1607225
9.100000475,0.8051456,-2.7561622,-0.14885475,-1.9146438,0.881781,-0.98192227,1.4637905,0.41557938,-0.53098816,0.3027884,-0.04898921,-0.28319144,1.153468508,12.93770746,5.642187456,0.538086128,-0.306952313,0.009319132,1.153468508,12.93770746,5.642187456,0.538086128,-0.306952313,0.009319132,17.152077,171.554,62.797546,5.7144747,-3.385684,0.10689044
9.100000475,0.8051456,-2.7561622,-0.14885475,-1.9146438,0.881781,-0.98192227,1.4637905,0.41557938,-0.53098816,0.3027884,-0.04898921,-0.28319144,1.153468508,12.93770746,5.642187456,0.538086128,-0.306952313,0.009319132,1.153468508,12.93770746,5.642187456,0.538086128,-0.306952313,0.009319132,17.152077,171.554,62.797546,5.7144747,-3.385684,0.10689044
9.116667142,0.829888,-2.7493823,-0.15812388,-1.9094898,0.88094246,-0.9865241,1.484444,0.4330855,-0.5466888,0.31607205,-0.050181642,-0.2760485,1.072890917,12.95325278,5.649496389,0.53435463,-0.310048815,0.009536785,1.072890917,12.95325278,5.649496389,0.53435463,-0.310048815,0.009536785,15.953888,171.76013,62.878895,5.674846,-3.4198384,0.10938692
9.116667142,0.829888,-2.7493823,-0.15812388,-1.9094898,0.88094246,-0.9865241,1.484444,0.4330855,-0.5466888,0.31607205,-0.050181642,-0.2760485,1.072890917,12.95325278,5.649496389,0.53435463,-0.310048815,0.009536785,1.072890917,12.95325278,5.649496389,0.53435463,-0.310048815,0.009536785,15.953888,171.76013,62.878895,5.674846,-3.4198384,0.10938692
9.13333381,0.85439986,-2.7425466,-0.16736683,-1.9043489,0.8801091,-0.9909892,1.4703927,0.4351972,-0.54538745,0.3177432,-0.04981207,-0.26790264,-1.174389057,12.44738249,5.387378017,0.472668829,-0.402961508,0.014133191,-1.174389057,12.44738249,5.387378017,0.472668829,-0.402961508,0.014133191,-17.463165,165.05229,59.961517,5.019743,-4.4446654,0.1621077
9.13333381,0.85439986,-2.7425466,-0.16736683,-1.9043489,0.8801091,-0.9909892,1.4703927,0.4351972,-0.54538745,0.3177432,-0.04981207,-0.26790264,-1.174389057,12.44738249,5.387378017,0.472668829,-0.402961508,0.014133191,-1.174389057,12.44738249,5.387378017,0.472668829,-0.402961508,0.014133191,-17.463165,165.05229,59.961517,5.019743,-4.4446654,0.1621077
9.150000477,0.8792413,-2.7354388,-0.17687897,-1.8989516,0.87926614,-0.9953283,1.4904956,0.45265013,-0.56102616,0.33073902,-0.05045678,-0.26029208,1.006178096,12.93164652,5.649316793,0.535237452,-0.313339337,0.009647243,1.006178096,12.93164652,5.649316793,0.535237452,-0.313339337,0.009647243,14.961868,171.47363,62.876896,5.6842217,-3.456133,0.11065388
9.150000477,0.8792413,-2.7354388,-0.17687897,-1.8989516,0.87926614,-0.9953283,1.4904956,0.45265013,-0.56102616,0.33073902,-0.05045678,-0.26029208,1.006178096,12.93164652,5.649316793,0.535237452,-0.313339337,0.009647243,1.006178096,12.93164652,5.649316793,0.535237452,-0.313339337,0.009647243,14.961868,171.47363,62.876896,5.6842217,-3.456133,0.11065388
9.166667145,0.9044054,-2.7280402,-0.18664926,-1.893342,0.87841886,-0.9995337,1.5096859,0.47004658,-0.5763434,0.34347853,-0.05071282,-0.25226676,0.922832989,12.94426551,5.65582954,0.532123688,-0.316720904,0.009863192,0.922832989,12.94426551,5.65582954,0.532123688,-0.316720904,0.009863192,13.722527,171.64096,62.949383,5.6511536,-3.4934316,0.11313081
9.183333812,0.9293201,-2.720597,-0.1963811,-1.887757,0.87758434,-1.0036004,1.4944967,0.471499,-0.5743529,0.3444302,-0.04986936,-0.2440644,-1.286664294,12.41019869,5.378500363,0.47074837,-0.407763859,0.014234628,-1.286664294,12.41019869,5.378500363,0.47074837,-0.407763859,0.014234628,-19.132698,164.55923,59.86271,4.9993477,-4.4976354,0.16327119
9.183333812,0.9293201,-2.720597,-0.1963811,-1.887757,0.87758434,-1.0036004,1.4944967,0.471499,-0.5743529,0.3444302,-0.04986936,-0.2440644,-1.286664294,12.41019869,5.378500363,0.47074837,-0.407763859,0.014234628,-1.286664294,12.41019869,5.378500363,0.47074837,-0.407763859,0.014234628,-19.132698,164.55923,59.86271,4.9993477,-4.4976354,0.16327119
9.20000048,0.95453984,-2.712883,-0.20637661,-1.8819261,0.87675613,-1.0075257,1.5131345,0.4888158,-0.58958244,0.35686114,-0.049571972,-0.23555286,0.8538098,12.91478245,5.65430606,0.534248307,-0.320383666,0.009966915,0.8538098,12.91478245,5.65430606,0.534248307,-0.320383666,0.009966915,12.696152,171.25002,62.932426,5.673717,-3.5338318,0.11432052
9.20000048,0.95453984,-2.712883,-0.20637661,-1.8819261,0.87675613,-1.0075257,1.5131345,0.4888158,-0.58958244,0.35686114,-0.049571972,-0.23555286,0.8538098,12.91478245,5.65430606,0.534248307,-0.320383666,0.009966915,0.8538098,12.91478245,5.65430606,0.534248307,-0.320383666,0.009966915,12.696152,171.25002,62.932426,5.673717,-3.5338318,0.11432052
9.20000048,0.95453984,-2.712883,-0.20637661,-1.8819261,0.87675613,-1.0075257,1.5131345,0.4888158,-0.58958244,0.35686114,-0.049571972,-0.23555286,0.8538098,12.91478245,5.65430606,0.534248307,-0.320383666,0.009966915,0.8538098,12.91478245,5.65430606,0.534248307,-0.320383666,0.009966915,12.696152,171.25002,62.932426,5.673717,-3.5338318,0.11432052
9.216667147,0.98005766,-2.704881,-0.2166231,-1.8758926,0.8759391,-1.0113035,1.5308516,0.5060516,-0.6044542,0.36901644,-0.048884533,-0.22662094,0.768178441,12.92378582,5.65989718,0.531760268,-0.324013832,0.010180598,0.768178441,12.92378582,5.65989718,0.531760268,-0.324013832,0.010180598,11.422813,171.3694,62.994656,5.647294,-3.5738726,0.11677146
9.233333815,1.0053074,-2.6968436,-0.2268187,-1.8698944,0.8751423,-1.0149428,1.5145869,0.5068331,-0.6017682,0.36926195,-0.047601797,-0.21837951,-1.396118657,12.3629022,5.368423462,0.470922222,-0.41298983,0.014315279,-1.396118657,12.3629022,5.368423462,0.470922222,-0.41298983,0.014315279,-20.760284,163.93208,59.750553,5.001194,-4.555278,0.16419625
9.233333815,1.0053074,-2.6968436,-0.2268187,-1.8698944,0.8751423,-1.0149428,1.5145869,0.5068331,-0.6017682,0.36926195,-0.047601797,-0.21837951,-1.396118657,12.3629022,5.368423462,0.470922222,-0.41298983,0.014315279,-1.396118657,12.3629022,5.368423462,0.470922222,-0.41298983,0.014315279,-20.760284,163.93208,59.750553,5.001194,-4.555278,0.16419625
9.250000482,1.0308379,-2.6885397,-0.23727137,-1.8636615,0.87436736,-1.0184256,1.5317552,0.5239609,-0.6165259,0.38109198,-0.046359416,-0.20893654,0.697583197,12.88541101,5.656985603,0.535090315,-0.327970716,0.010277005,0.697583197,12.88541101,5.656985603,0.535090315,-0.327970716,0.010277005,10.373062,170.86055,62.96225,5.682659,-3.617517,0.117877245
9.250000482,1.0308379,-2.6885397,-0.23727137,-1.8636615,0.87436736,-1.0184256,1.5317552,0.5239609,-0.6165259,0.38109198,-0.046359416,-0.20893654,0.697583197,12.88541101,5.656985603,0.535090315,-0.327970716,0.010277005,0.697583197,12.88541101,5.656985603,0.535090315,-0.327970716,0.010277005,10.373062,170.86055,62.96225,5.682659,-3.617517,0.117877245
9.26666715,1.0566424,-2.6799498,-0.24796695,-1.8572366,0.87361944,-1.0217444,1.5479947,0.5409842,-0.6308915,0.39263096,-0.044727482,-0.19907124,0.609979585,12.89037759,5.661687311,0.533235275,-0.331829876,0.010487403,0.609979585,12.89037759,5.661687311,0.533235275,-0.331829876,0.010487403,9.070396,170.9264,63.01458,5.6629586,-3.6600835,0.12029052
9.283333817,1.0821619,-2.6713357,-0.25859922,-1.8508573,0.87289846,-1.0249258,1.5307183,0.54108316,-0.62750596,0.39218432,-0.04304424,-0.19081067,-1.501965603,12.30405805,5.357211062,0.473134352,-0.418557541,0.014374873,-1.501965603,12.30405805,5.357211062,0.473134352,-0.418557541,0.014374873,-22.334229,163.15181,59.62576,5.024687,-4.6166897,0.1648798
9.283333817,1.0821619,-2.6713357,-0.25859922,-1.8508573,0.87289846,-1.0249258,1.5307183,0.54108316,-0.62750596,0.39218432,-0.04304424,-0.19081067,-1.501965603,12.30405805,5.357211062,0.473134352,-0.418557541,0.014374873,-1.501965603,12.30405805,5.357211062,0.473134352,-0.418557541,0.014374873,-22.334229,163.15181,59.62576,5.024687,-4.6166897,0.1648798
9.283333817,1.0821619,-2.6713357,-0.25859922,-1.8508573,0.87289846,-1.0249258,1.5307183,0.54108316,-0.62750596,0.39218432,-0.04304424,-0.19081067,-1.501965603,12.30405805,5.357211062,0.473134352,-0.418557541,0.014374873,-1.501965603,12.30405805,5.357211062,0.473134352,-0.418557541,0.014374873,-22.334229,163.15181,59.62576,5.024687,-4.6166897,0.1648798
9.300000485,1.1079375,-2.6624596,-0.2694809,-1.8442549,0.8722151,-1.0279332,1.5464125,0.55797124,-0.641731,0.40338418,-0.04085952,-0.18041681,0.53835409,12.84237339,5.657505196,0.537727018,-0.336016856,0.010575995,0.53835409,12.84237339,5.657505196,0.537727018,-0.336016856,0.010575995,8.005325,170.28987,62.968033,5.710661,-3.706266,0.12130666
9.300000485,1.1079375,-2.6624596,-0.2694809,-1.8442549,0.8722151,-1.0279332,1.5464125,0.55797124,-0.641731,0.40338418,-0.04085952,-0.18041681,0.53835409,12.84237339,5.657505196,0.537727018,-0.336016856,0.010575995,0.53835409,12.84237339,5.657505196,0.537727018,-0.336016856,0.010575995,8.005325,170.28987,62.968033,5.710661,-3.706266,0.12130666
9.316667153,1.1339628,-2.6533015,-0.28059635,-1.8374707,0.8715743,-1.0307605,1.5611757,0.57473195,-0.65552896,0.41427812,-0.038290042,-0.16960351,0.449480622,12.84279457,5.661339773,0.536508075,-0.340061931,0.010781425,0.449480622,12.84279457,5.661339773,0.536508075,-0.340061931,0.010781425,6.683777,170.29546,63.01071,5.6977158,-3.750883,0.12366295
9.33333382,1.1596876,-2.64413,-0.2916359,-1.8307422,0.87096655,-1.0334499,1.5429525,0.5741424,-0.6514431,0.4131563,-0.036247075,-0.16134906,-1.603200537,12.23250859,5.345114051,0.477317408,-0.424374479,0.014411873,-1.603200537,12.23250859,5.345114051,0.477317408,-0.424374479,0.014411873,-23.839592,162.20306,59.49112,5.069111,-4.6808505,0.16530418
9.33333382,1.1596876,-2.64413,-0.2916359,-1.8307422,0.87096655,-1.0334499,1.5429525,0.5741424,-0.6514431,0.4131563,-0.036247075,-0.16134906,-1.603200537,12.23250859,5.345114051,0.477317408,-0.424374479,0.014411873,-1.603200537,12.23250859,5.345114051,0.477317408,-0.424374479,0.014411873,-23.839592,162.20306,59.49112,5.069111,-4.6808505,0.16530418
9.350000488,1.1856436,-2.6347013,-0.30291638,-1.8238034,0.8704118,-1.0359509,1.5571727,0.590743,-0.66507757,0.42369944,-0.033130594,-0.14999612,0.377435434,12.78436353,5.655977947,0.542093356,-0.3444045,0.010859478,0.377435434,12.78436353,5.655977947,0.542093356,-0.3444045,0.010859478,5.612465,169.52066,62.951035,5.7570314,-3.7987816,0.12455821
9.350000488,1.1856436,-2.6347013,-0.30291638,-1.8238034,0.8704118,-1.0359509,1.5571727,0.590743,-0.66507757,0.42369944,-0.033130594,-0.14999612,0.377435434,12.78436353,5.655977947,0.542093356,-0.3444045,0.010859478,0.377435434,12.78436353,5.655977947,0.542093356,-0.3444045,0.010859478,5.612465,169.52066,62.951035,5.7570314,-3.7987816,0.12455821
9.366667155,1.2118249,-2.6249955,-0.3144204,-1.8166941,0.8699151,-1.038255,1.5704638,0.6071905,-0.6782517,0.43392506,-0.029636767,-0.13822274,0.288017083,12.7794844,5.658867246,0.541496277,-0.348580024,0.011059535,0.288017083,12.7794844,5.658867246,0.541496277,-0.348580024,0.011059535,4.282814,169.45596,62.983192,5.7506905,-3.8448377,0.12685287
9.366667155,1.2118249,-2.6249955,-0.3144204,-1.8166941,0.8699151,-1.038255,1.5704638,0.6071905,-0.6782517,0.43392506,-0.029636767,-0.13822274,0.288017083,12.7794844,5.658867246,0.541496277,-0.348580024,0.011059535,0.288017083,12.7794844,5.658867246,0.541496277,-0.348580024,0.011059535,4.282814,169.45596,62.983192,5.7506905,-3.8448377,0.12685287
9.383333823,1.2376903,-2.615286,-0.32583615,-1.8096493,0.86945677,-1.0404217,1.5513595,0.60590667,-0.67346704,0.43215075,-0.027278885,-0.13000128,-1.698740361,12.14678205,5.332270551,0.483371623,-0.430329583,0.0144237,-1.698740361,12.14678205,5.332270551,0.483371623,-0.430329583,0.0144237,-25.26027,161.06633,59.34817,5.1334066,-4.7465353,0.16543984
9.383333823,1.2376903,-2.615286,-0.32583615,-1.8096493,0.86945677,-1.0404217,1.5513595,0.60590667,-0.67346704,0.43215075,-0.027278885,-0.13000128,-1.698740361,12.14678205,5.332270551,0.483371623,-0.430329583,0.0144237,-1.698740361,12.14678205,5.332270551,0.483371623,-0.430329583,0.0144237,-25.26027,161.06633,59.34817,5.1334066,-4.7465353,0.16543984
9.40000049,1.263764,-2.6053262,-0.3374832,-1.8024069,0.8690665,-1.0423834,1.5641149,0.62216836,-0.6864515,0.44201577,-0.023247678,-0.11767898,0.216612723,12.70974506,5.652414135,0.548102627,-0.352978901,0.0111247,0.216612723,12.70974506,5.652414135,0.548102627,-0.352978901,0.0111247,3.2210312,168.53122,62.91137,5.82085,-3.8933573,0.12760031
9.40000049,1.263764,-2.6053262,-0.3374832,-1.8024069,0.8690665,-1.0423834,1.5641149,0.62216836,-0.6864515,0.44201577,-0.023247678,-0.11767898,0.216612723,12.70974506,5.652414135,0.548102627,-0.352978901,0.0111247,0.216612723,12.70974506,5.652414135,0.548102627,-0.352978901,0.0111247,3.2210312,168.53122,62.91137,5.82085,-3.8933573,0.12760031
9.416667158,1.2900374,-2.595094,-0.34934258,-1.7950058,0.8687494,-1.0441344,1.575941,0.63825387,-0.6989462,0.45155424,-0.018850205,-0.104943536,0.126950662,12.69915597,5.654434588,0.548104737,-0.357261292,0.011317296,0.126950662,12.69915597,5.654434588,0.548104737,-0.357261292,0.011317296,1.8877563,168.39081,62.933857,5.8208723,-3.940592,0.12980938
9.433333825,1.3159814,-2.5848706,-0.36110148,-1.7876786,0.86847514,-1.045748,1.5560229,0.6362695,-0.6934691,0.4491496,-0.016222168,-0.0967802,-1.787415269,12.0452294,5.318703527,0.4911614,-0.436285335,0.014407508,-1.787415269,12.0452294,5.318703527,0.4911614,-0.436285335,0.014407508,-26.578865,159.71974,59.19717,5.216134,-4.8122272,0.16525412
9.433333825,1.3159814,-2.5848706,-0.36110148,-1.7876786,0.86847514,-1.045748,1.5560229,0.6362695,-0.6934691,0.4491496,-0.016222168,-0.0967802,-1.787415269,12.0452294,5.318703527,0.4911614,-0.436285335,0.014407508,-1.787415269,12.0452294,5.318703527,0.4911614,-0.436285335,0.014407508,-26.578865,159.71974,59.19717,5.216134,-4.8122272,0.16525412
9.450000493,1.3421093,-2.5744014,-0.37308088,-1.7801669,0.86828375,-1.0471404,1.5673237,0.65214795,-0.70574903,0.45832407,-0.011300465,-0.083487526,0.057255861,12.61758128,5.647142107,0.555667545,-0.361624914,0.011367588,0.057255861,12.61758128,5.647142107,0.555667545,-0.361624914,0.011367588,0.85139465,167.30913,62.85269,5.9011893,-3.9887228,0.13038623
9.450000493,1.3421093,-2.5744014,-0.37308088,-1.7801669,0.86828375,-1.0471404,1.5673237,0.65214795,-0.70574903,0.45832407,-0.011300465,-0.083487526,0.057255861,12.61758128,5.647142107,0.555667545,-0.361624914,0.011367588,0.057255861,12.61758128,5.647142107,0.555667545,-0.361624914,0.011367588,0.85139465,167.30913,62.85269,5.9011893,-3.9887228,0.13038623
9.450000493,1.3421093,-2.5744014,-0.37308088,-1.7801669,0.86828375,-1.0471404,1.5673237,0.65214795,-0.70574903,0.45832407,-0.011300465,-0.083487526,0.057255861,12.61758128,5.647142107,0.555667545,-0.361624914,0.011367588,0.057255861,12.61758128,5.647142107,0.555667545,-0.361624914,0.011367588,0.85139465,167.30913,62.85269,5.9011893,-3.9887228,0.13038623
9.46666716,1.3684129,-2.5636668,-0.38526073,-1.7725075,0.8681802,-1.0483038,1.5776997,0.6678204,-0.717511,0.46716282,-0.00602701,-0.069790006,-0.031746388,12.60020744,5.648060993,0.556215818,-0.365933827,0.011549686,-0.031746388,12.60020744,5.648060993,0.556215818,-0.365933827,0.011549686,-0.4720688,167.07875,62.86292,5.907012,-4.03625,0.1324749
9.483333828,1.3943745,-2.552952,-0.3973279,-1.7649304,0.8681234,-1.0493338,1.5570365,0.66513425,-0.7113495,0.46415472,-0.003177243,-0.061723314,-1.867955919,11.92679427,5.304738925,0.500563713,-0.44211494,0.014357798,-1.867955919,11.92679427,5.304738925,0.500563713,-0.44211494,0.014357798,-27.776505,158.14929,59.041744,5.3159866,-4.876528,0.16468394
9.483333828,1.3943745,-2.552952,-0.3973279,-1.7649304,0.8681234,-1.0493338,1.5570365,0.66513425,-0.7113495,0.46415472,-0.003177243,-0.061723314,-1.867955919,11.92679427,5.304738925,0.500563713,-0.44211494,0.014357798,-1.867955919,11.92679427,5.304738925,0.500563713,-0.44211494,0.014357798,-27.776505,158.14929,59.041744,5.3159866,-4.876528,0.16468394
9.500000495,1.420496,-2.5419986,-0.40960386,-1.7571819,0.8681639,-1.0501263,1.5668955,0.68058085,-0.72287387,0.47262532,0.002603374,-0.04746437,-0.098949194,12.5061553,5.640079605,0.564637831,-0.370174003,0.011581905,-0.098949194,12.5061553,5.640079605,0.564637831,-0.370174003,0.011581905,-1.4713745,165.83162,62.774086,5.996454,-4.0830193,0.13284445
9.500000495,1.420496,-2.5419986,-0.40960386,-1.7571819,0.8681639,-1.0501263,1.5668955,0.68058085,-0.72287387,0.47262532,0.002603374,-0.04746437,-0.098949194,12.5061553,5.640079605,0.564637831,-0.370174003,0.011581905,-0.098949194,12.5061553,5.640079605,0.564637831,-0.370174003,0.011581905,-1.4713745,165.83162,62.774086,5.996454,-4.0830193,0.13284445
9.516667163,1.4467696,-2.5307875,-0.42206734,-1.749298,0.86830604,-1.0506747,1.5758384,0.6957926,-0.733854,0.48075455,0.008718385,-0.032813683,-0.186436851,12.48153756,5.639971641,0.565704832,-0.374452093,0.011750949,-0.186436851,12.48153756,5.639971641,0.565704832,-0.374452093,0.011750949,-2.772316,165.50519,62.772884,6.0077853,-4.1302066,0.13478339
9.533333831,1.4726897,-2.5196073,-0.43440628,-1.7415038,0.8684977,-1.0510905,1.5544947,0.69240564,-0.7270215,0.477171,0.011741031,-0.024872854,-1.93935874,11.79016366,5.290498074,0.511417057,-0.447680274,0.014271826,-1.93935874,11.79016366,5.290498074,0.511417057,-0.447680274,0.014271826,-28.838264,156.33757,58.883244,5.431249,-4.9379134,0.16369784
9.533333831,1.4726897,-2.5196073,-0.43440628,-1.7415038,0.8684977,-1.0510905,1.5544947,0.69240564,-0.7270215,0.477171,0.011741031,-0.024872854,-1.93935874,11.79016366,5.290498074,0.511417057,-0.447680274,0.014271826,-1.93935874,11.79016366,5.290498074,0.511417057,-0.447680274,0.014271826,-28.838264,156.33757,58.883244,5.431249,-4.9379134,0.16369784
9.533333831,1.4726897,-2.5196073,-0.43440628,-1.7415038,0.8684977,-1.0510905,1.5544947,0.69240564,-0.7270215,0.477171,0.011741031,-0.024872854,-1.93935874,11.79016366,5.290498074,0.511417057,-0.447680274,0.014271826,-1.93935874,11.79016366,5.290498074,0.511417057,-0.447680274,0.014271826,-28.838264,156.33757,58.883244,5.431249,-4.9379134,0.16369784
9.550000498,1.4987469,-2.5081959,-0.44694132,-1.7335519,0.86880016,-1.0512525,1.5629299,0.7073743,-0.7377406,0.48493317,0.018343246,-0.009661606,-0.25018565,12.37447862,5.631480256,0.574892479,-0.378474082,0.011761519,-0.25018565,12.37447862,5.631480256,0.574892479,-0.378474082,0.011761519,-3.7202606,164.08559,62.678375,6.105358,-4.174569,0.13490462
9.550000498,1.4987469,-2.5081959,-0.44694132,-1.7335519,0.86880016,-1.0512525,1.5629299,0.7073743,-0.7377406,0.48493317,0.018343246,-0.009661606,-0.25018565,12.37447862,5.631480256,0.574892479,-0.378474082,0.011761519,-0.25018565,12.37447862,5.631480256,0.574892479,-0.378474082,0.011761519,-3.7202606,164.08559,62.678375,6.105358,-4.174569,0.13490462
9.566667166,1.524932,-2.4965353,-0.45965028,-1.7254765,0.8692181,-1.0511545,1.5704548,0.7220804,-0.7478935,0.49234915,0.02525954,0.005926533,-0.335612294,12.34217855,5.630385544,0.576432726,-0.382676259,0.011915795,-0.335612294,12.34217855,5.630385544,0.576432726,-0.382676259,0.011915795,-4.990555,163.65729,62.66619,6.1217155,-4.220919,0.13667417
9.583333833,1.5507528,-2.4849167,-0.47222292,-1.7174981,0.86968744,-1.0509272,1.5484987,0.71799415,-0.7404052,0.48822054,0.028404275,0.013701403,-2.000311805,11.63423978,5.276153715,0.523559746,-0.452827737,0.014141007,-2.000311805,11.63423978,5.276153715,0.523559746,-0.452827737,0.014141007,-29.744637,154.27002,58.72359,5.5602045,-4.99469,0.16219735
9.583333833,1.5507528,-2.4849167,-0.47222292,-1.7174981,0.86968744,-1.0509272,1.5484987,0.71799415,-0.7404052,0.48822054,0.028404275,0.013701403,-2.000311805,11.63423978,5.276153715,0.523559746,-0.452827737,0.014141007,-2.000311805,11.63423978,5.276153715,0.523559746,-0.452827737,0.014141007,-29.744637,154.27002,58.72359,5.5602045,-4.99469,0.16219735
9.600000501,1.5766866,-2.4730754,-0.48497844,-1.7093751,0.8702806,-1.0504313,1.5555302,0.7324409,-0.7502761,0.49527332,0.03578416,0.029846659,-0.394604394,12.2215294,5.621502063,0.586286821,-0.386360442,0.011900236,-0.394604394,12.2215294,5.621502063,0.586286821,-0.386360442,0.011900236,-5.8677673,162.05748,62.567318,6.226366,-4.2615557,0.13649571
9.600000501,1.5766866,-2.4730754,-0.48497844,-1.7093751,0.8702806,-1.0504313,1.5555302,0.7324409,-0.7502761,0.49527332,0.03578416,0.029846659,-0.394604394,12.2215294,5.621502063,0.586286821,-0.386360442,0.011900236,-0.394604394,12.2215294,5.621502063,0.586286821,-0.386360442,0.011900236,-5.8677673,162.05748,62.567318,6.226366,-4.2615557,0.13649571
9.616667168,1.602726,-2.4609926,-0.4978931,-1.7011403,0.8710017,-1.0496606,1.5616633,0.746597,-0.75955963,0.5019774,0.043454286,0.04635172,-0.477033665,12.18109361,5.619463102,0.588258018,-0.390417924,0.012035654,-0.477033665,12.18109361,5.619463102,0.588258018,-0.390417924,0.012035654,-7.0934906,161.5213,62.544624,6.2473,-4.3063097,0.13804895
9.616667168,1.602726,-2.4609926,-0.4978931,-1.7011403,0.8710017,-1.0496606,1.5616633,0.746597,-0.75955963,0.5019774,0.043454286,0.04635172,-0.477033665,12.18109361,5.619463102,0.588258018,-0.390417924,0.012035654,-0.477033665,12.18109361,5.619463102,0.588258018,-0.390417924,0.012035654,-7.0934906,161.5213,62.544624,6.2473,-4.3063097,0.13804895
9.633333836,1.6283925,-2.4489648,-0.5106603,-1.69301,0.8717756,-1.0487635,1.5391592,0.7418143,-0.75143516,0.49733412,0.046670265,0.05392406,-2.0498413,11.45805255,5.261819982,0.536813574,-0.4574084,0.013961112,-2.0498413,11.45805255,5.261819982,0.536813574,-0.4574084,0.013961112,-30.48114,151.93378,58.564056,5.70096,-5.0452147,0.16013396
9.633333836,1.6283925,-2.4489648,-0.5106603,-1.69301,0.8717756,-1.0487635,1.5391592,0.7418143,-0.75143516,0.49733412,0.046670265,0.05392406,-2.0498413,11.45805255,5.261819982,0.536813574,-0.4574084,0.013961112,-2.0498413,11.45805255,5.261819982,0.536813574,-0.4574084,0.013961112,-30.48114,151.93378,58.564056,5.70096,-5.0452147,0.16013396
9.650000503,1.6541483,-2.4367232,-0.52359587,-1.6847482,0.8726854,-1.047581,1.5448061,0.7556966,-0.76041555,0.5036821,0.054776978,0.070979886,-0.530724182,12.04664941,5.61038049,0.598673138,-0.393691413,0.011991571,-0.530724182,12.04664941,5.61038049,0.598673138,-0.393691413,0.011991571,-7.8918686,159.73857,62.443535,6.3579087,-4.3424163,0.13754332
9.650000503,1.6541483,-2.4367232,-0.52359587,-1.6847482,0.8726854,-1.047581,1.5448061,0.7556966,-0.76041555,0.5036821,0.054776978,0.070979886,-0.530724182,12.04664941,5.61038049,0.598673138,-0.393691413,0.011991571,-0.530724182,12.04664941,5.61038049,0.598673138,-0.393691413,0.011991571,-7.8918686,159.73857,62.443535,6.3579087,-4.3424163,0.13754332
9.666667171,1.6799871,-2.424249,-0.53667575,-1.6763864,0.87373465,-1.0461085,1.5495683,0.76925963,-0.768793,0.5096799,0.06314744,0.08837159,-0.609331574,11.99762221,5.607375002,0.601018036,-0.397535853,0.012104389,-0.609331574,11.99762221,5.607375002,0.601018036,-0.397535853,0.012104389,-9.0607605,159.08847,62.410084,6.3828115,-4.3848205,0.13883734
9.683333838,1.705445,-2.411842,-0.5495972,-1.6681354,0.874837,-1.0445148,1.526583,0.7637894,-0.76005536,0.504557,0.06638361,0.095696196,-2.086774342,11.26123719,5.247803625,0.551025342,-0.461273029,0.013723958,-2.086774342,11.26123719,5.247803625,0.551025342,-0.461273029,0.013723958,-31.030334,149.324,58.408054,5.851889,-5.0878415,0.1574138
9.683333838,1.705445,-2.411842,-0.5495972,-1.6681354,0.874837,-1.0445148,1.526583,0.7637894,-0.76005536,0.504557,0.06638361,0.095696196,-2.086774342,11.26123719,5.247803625,0.551025342,-0.461273029,0.013723958,-2.086774342,11.26123719,5.247803625,0.551025342,-0.461273029,0.013723958,-31.030334,149.324,58.408054,5.851889,-5.0878415,0.1574138
9.700000506,1.7309701,-2.3992305,-0.56267184,-1.6597658,0.87608635,-1.0426227,1.5308691,0.7770658,-0.76810986,0.51020825,0.07516142,0.113628894,-0.656702058,11.84921955,5.598251603,0.611889385,-0.400297402,0.012025414,-0.656702058,11.84921955,5.598251603,0.611889385,-0.400297402,0.012025414,-9.76516,157.12065,62.30854,6.4982653,-4.4152803,0.1379315
9.700000506,1.7309701,-2.3992305,-0.56267184,-1.6597658,0.87608635,-1.0426227,1.5308691,0.7770658,-0.76810986,0.51020825,0.07516142,0.113628894,-0.656702058,11.84921955,5.598251603,0.611889385,-0.400297402,0.012025414,-0.656702058,11.84921955,5.598251603,0.611889385,-0.400297402,0.012025414,-9.76516,157.12065,62.30854,6.4982653,-4.4152803,0.1379315
9.700000506,1.7309701,-2.3992305,-0.56267184,-1.6597658,0.87608635,-1.0426227,1.5308691,0.7770658,-0.76810986,0.51020825,0.07516142,0.113628894,-0.656702058,11.84921955,5.598251603,0.611889385,-0.400297402,0.012025414,-0.656702058,11.84921955,5.598251603,0.611889385,-0.400297402,0.012025414,-9.76516,157.12065,62.30854,6.4982653,-4.4152803,0.1379315
9.716667173,1.7565554,-2.3863976,-0.575875,-1.6513076,0.87748593,-1.0404254,1.534283,0.7899948,-0.77554864,0.51550907,0.08417475,0.13187645,-0.730989375,11.79137309,5.594330999,0.614555767,-0.403882024,0.012114631,-0.730989375,11.79137309,5.594330999,0.614555767,-0.403882024,0.012114631,-10.869812,156.3536,62.264904,6.5265822,-4.4548187,0.13895482
9.733333841,1.7817525,-2.3736434,-0.58890945,-1.6429653,0.8789382,-1.0381117,1.5108798,0.7838504,-0.7662243,0.50994116,0.08737952,0.13891557,-2.110442397,11.04359576,5.234337024,0.566028157,-0.464290591,0.013424473,-2.110442397,11.04359576,5.234337024,0.566028157,-0.464290591,0.013424473,-31.382278,146.43808,58.25817,6.011219,-5.121125,0.1539787
9.733333841,1.7817525,-2.3736434,-0.58890945,-1.6429653,0.8789382,-1.0381117,1.5108798,0.7838504,-0.7662243,0.50994116,0.08737952,0.13891557,-2.110442397,11.04359576,5.234337024,0.566028157,-0.464290591,0.013424473,-2.110442397,11.04359576,5.234337024,0.566028157,-0.464290591,0.013424473,-31.382278,146.43808,58.25817,6.011219,-5.121125,0.1539787
9.750000509,1.8069944,-2.3606935,-0.60208154,-1.6345179,0.8805475,-1.0354848,1.5138319,0.7964812,-0.77332133,0.5149057,0.09676707,0.15768832,-0.770990081,11.62900623,5.585308366,0.625787796,-0.406027532,0.011995644,-0.770990081,11.62900623,5.585308366,0.625787796,-0.406027532,0.011995644,-11.4646225,154.20062,62.164482,6.6458664,-4.4784837,0.13759004
9.750000509,1.8069944,-2.3606935,-0.60208154,-1.6345179,0.8805475,-1.0354848,1.5138319,0.7964812,-0.77332133,0.5149057,0.09676707,0.15768832,-0.770990081,11.62900623,5.585308366,0.625787796,-0.406027532,0.011995644,-0.770990081,11.62900623,5.585308366,0.625787796,-0.406027532,0.011995644,-11.4646225,154.20062,62.164482,6.6458664,-4.4784837,0.13759004
9.766667176,1.8322744,-2.347534,-0.61536574,-1.625993,0.8823169,-1.0325398,1.5159228,0.8087359,-0.77979285,0.5195232,0.10635942,0.17674784,-0.840387299,11.56216905,5.580501779,0.628719177,-0.409299811,0.012058072,-0.840387299,11.56216905,5.580501779,0.628719177,-0.409299811,0.012058072,-12.496559,153.31436,62.110985,6.6769977,-4.514577,0.13830608
9.783333844,1.8571602,-2.3344648,-0.62847114,-1.6175894,0.8841376,-1.029484,1.4921656,0.8019281,-0.7699099,0.51354516,0.109480925,0.18345645,-2.120198479,10.80480262,5.221419493,0.581639814,-0.466312588,0.013053344,-2.120198479,10.80480262,5.221419493,0.581639814,-0.466312588,0.013053344,-31.527351,143.27168,58.1144,6.177015,-5.143428,0.14972186
9.783333844,1.8571602,-2.3344648,-0.62847114,-1.6175894,0.8841376,-1.029484,1.4921656,0.8019281,-0.7699099,0.51354516,0.109480925,0.18345645,-2.120198479,10.80480262,5.221419493,0.581639814,-0.466312588,0.013053344,-2.120198479,10.80480262,5.221419493,0.581639814,-0.466312588,0.013053344,-31.527351,143.27168,58.1144,6.177015,-5.143428,0.14972186
9.783333844,1.8571602,-2.3344648,-0.62847114,-1.6175894,0.8841376,-1.029484,1.4921656,0.8019281,-0.7699099,0.51354516,0.109480925,0.18345645,-2.120198479,10.80480262,5.221419493,0.581639814,-0.466312588,0.013053344,-2.120198479,10.80480262,5.221419493,0.581639814,-0.466312588,0.013053344,-31.527351,143.27168,58.1144,6.177015,-5.143428,0.14972186
9.800000511,1.88207,-2.3212106,-0.64169824,-1.609093,0.8861242,-1.0261015,1.4938065,0.8138761,-0.7760235,0.5178408,0.11941163,0.20302449,-0.87252157,11.38617514,5.571758822,0.640217957,-0.410758768,0.011895099,-0.87252157,11.38617514,5.571758822,0.640217957,-0.410758768,0.011895099,-12.974396,150.98068,62.013676,6.7991147,-4.530669,0.13643679
9.800000511,1.88207,-2.3212106,-0.64169824,-1.609093,0.8861242,-1.0261015,1.4938065,0.8138761,-0.7760235,0.5178408,0.11941163,0.20302449,-0.87252157,11.38617514,5.571758822,0.640217957,-0.410758768,0.011895099,-0.87252157,11.38617514,5.571758822,0.640217957,-0.410758768,0.011895099,-12.974396,150.98068,62.013676,6.7991147,-4.530669,0.13643679
9.816667179,1.9069954,-2.3077583,-0.65502065,-1.60053,0.8882795,-1.0223887,1.4946012,0.8254216,-0.78150463,0.5217922,0.12951401,0.22285028,-0.936362723,11.31042089,5.566180384,0.643367372,-0.413663627,0.011926375,-0.936362723,11.31042089,5.566180384,0.643367372,-0.413663627,0.011926375,-13.923714,149.97618,61.951588,6.8325615,-4.56271,0.13679552
9.833333846,1.9315223,-2.2944083,-0.66815513,-1.5920929,0.8904839,-1.0185709,1.4705502,0.8179651,-0.7710955,0.5154417,0.13250263,0.22918569,-2.115790156,10.54522944,5.209205264,0.597702581,-0.467222945,0.012605603,-2.115790156,10.54522944,5.209205264,0.597702581,-0.467222945,0.012605603,-31.4618,139.82974,57.978455,6.3476014,-5.153469,0.14458627
9.833333846,1.9315223,-2.2944083,-0.66815513,-1.5920929,0.8904839,-1.0185709,1.4705502,0.8179651,-0.7710955,0.5154417,0.13250263,0.22918569,-2.115790156,10.54522944,5.209205264,0.597702581,-0.467222945,0.012605603,-2.115790156,10.54522944,5.209205264,0.597702581,-0.467222945,0.012605603,-31.4618,139.82974,57.978455,6.3476014,-5.153469,0.14458627
9.850000514,1.9560511,-2.2808852,-0.68139386,-1.5835751,0.8928623,-1.0144138,1.4709054,0.82919425,-0.77620304,0.5190869,0.14290522,0.24949852,-0.960145192,11.1211256,5.55779422,0.655035874,-0.414362066,0.011714984,-0.960145192,11.1211256,5.55779422,0.655035874,-0.414362066,0.011714984,-14.277359,147.46613,61.85825,6.956481,-4.5704136,0.13437086
9.850000514,1.9560511,-2.2808852,-0.68139386,-1.5835751,0.8928623,-1.0144138,1.4709054,0.82919425,-0.77620304,0.5190869,0.14290522,0.24949852,-0.960145192,11.1211256,5.55779422,0.655035874,-0.414362066,0.011714984,-0.960145192,11.1211256,5.55779422,0.655035874,-0.414362066,0.011714984,-14.277359,147.46613,61.85825,6.956481,-4.5704136,0.13437086
9.866667181,1.980575,-2.2671754,-0.69471127,-1.5750016,0.89541656,-1.0099142,1.4704331,0.83999854,-0.78067714,0.5223945,0.1534445,0.2700374,-1.017831521,11.0367201,5.551576229,0.658365023,-0.416849185,0.011712817,-1.017831521,11.0367201,5.551576229,0.658365023,-0.416849185,0.011712817,-15.135155,146.34691,61.789043,6.9918365,-4.5978465,0.13434601
9.866667181,1.980575,-2.2671754,-0.69471127,-1.5750016,0.89541656,-1.0099142,1.4704331,0.83999854,-0.78067714,0.5223945,0.1534445,0.2700374,-1.017831521,11.0367201,5.551576229,0.658365023,-0.416849185,0.011712817,-1.017831521,11.0367201,5.551576229,0.658365023,-0.416849185,0.011712817,-15.135155,146.34691,61.789043,6.9918365,-4.5978465,0.13434601
9.883333849,2.0046954,-2.2535799,-0.70783204,-1.5665573,0.8980168,-1.0053169,1.4461462,0.8319128,-0.7697757,0.5157091,0.15625039,0.27595234,-2.09718921,10.26566795,5.197866736,0.614068647,-0.466919161,0.01207389,-2.09718921,10.26566795,5.197866736,0.614068647,-0.466919161,0.01207389,-31.185204,136.12276,57.852257,6.521409,-5.1501184,0.13848752
9.883333849,2.0046954,-2.2535799,-0.70783204,-1.5665573,0.8980168,-1.0053169,1.4461462,0.8319128,-0.7697757,0.5157091,0.15625039,0.27595234,-2.09718921,10.26566795,5.197866736,0.614068647,-0.466919161,0.01207389,-2.09718921,10.26566795,5.197866736,0.614068647,-0.466919161,0.01207389,-31.185204,136.12276,57.852257,6.521409,-5.1501184,0.13848752
9.900000516,2.0287967,-2.2398221,-0.7210401,-1.5580446,0.90079755,-1.0003692,1.4452444,0.84239006,-0.7738621,0.5187271,0.16704969,0.29695383,-1.032949215,10.83458027,5.543560223,0.670104018,-0.416717633,0.01144789,-1.032949215,10.83458027,5.543560223,0.670104018,-0.416717633,0.01144789,-15.359955,143.66653,61.699825,7.1165047,-4.5963955,0.1313073
9.900000516,2.0287967,-2.2398221,-0.7210401,-1.5580446,0.90079755,-1.0003692,1.4452444,0.84239006,-0.7738621,0.5187271,0.16704969,0.29695383,-1.032949215,10.83458027,5.543560223,0.670104018,-0.416717633,0.01144789,-1.032949215,10.83458027,5.543560223,0.670104018,-0.416717633,0.01144789,-15.359955,143.66653,61.699825,7.1165047,-4.5963955,0.1313073
9.916667184,2.0528731,-2.2258909,-0.7343091,-1.5494863,0.9037603,-0.9950678,1.4435301,0.8524189,-0.7773148,0.52141386,0.17794931,0.31814715,-1.084331931,10.74173066,5.536732841,0.673556912,-0.418755453,0.011409919,-1.084331931,10.74173066,5.536732841,0.673556912,-0.418755453,0.011409919,-16.124016,142.43535,61.623837,7.1531744,-4.6188726,0.13087177
9.933333851,2.0765429,-2.2120852,-0.74737376,-1.5410603,0.9067651,-0.98967665,1.4190668,0.843724,-0.76595783,0.5144324,0.18052496,0.32359824,-2.064411032,9.966929394,5.187421389,0.63059101,-0.465290782,0.011451305,-2.064411032,9.966929394,5.187421389,0.63059101,-0.465290782,0.011451305,-30.697792,132.16148,57.736,6.6968765,-5.1321573,0.13134646
9.933333851,2.0765429,-2.2120852,-0.74737376,-1.5410603,0.9067651,-0.98967665,1.4190668,0.843724,-0.76595783,0.5144324,0.18052496,0.32359824,-2.064411032,9.966929394,5.187421389,0.63059101,-0.465290782,0.011451305,-2.064411032,9.966929394,5.187421389,0.63059101,-0.465290782,0.011451305,-30.697792,132.16148,57.736,6.6968765,-5.1321573,0.13134646
9.950000519,2.1001732,-2.1981301,-0.7605081,-1.5325774,0.90995574,-0.9839245,1.4169315,0.85341763,-0.76901144,0.5168488,0.19164252,0.34522644,-1.090701218,10.52764731,5.529204555,0.685290877,-0.417748388,0.011088002,-1.090701218,10.52764731,5.529204555,0.685290877,-0.417748388,0.011088002,-16.218727,139.5966,61.540047,7.277789,-4.6077647,0.12717938
9.950000519,2.1001732,-2.1981301,-0.7605081,-1.5325774,0.90995574,-0.9839245,1.4169315,0.85341763,-0.76901144,0.5168488,0.19164252,0.34522644,-1.090701218,10.52764731,5.529204555,0.685290877,-0.417748388,0.011088002,-1.090701218,10.52764731,5.529204555,0.685290877,-0.417748388,0.011088002,-16.218727,139.5966,61.540047,7.277789,-4.6077647,0.12717938
9.950000519,2.1001732,-2.1981301,-0.7605081,-1.5325774,0.90995574,-0.9839245,1.4169315,0.85341763,-0.76901144,0.5168488,0.19164252,0.34522644,-1.090701218,10.52764731,5.529204555,0.685290877,-0.417748388,0.011088002,-1.090701218,10.52764731,5.529204555,0.685290877,-0.417748388,0.011088002,-16.218727,139.5966,61.540047,7.277789,-4.6077647,0.12717938
9.966667186,2.123758,-2.1840146,-0.77368593,-1.5240581,0.913333,-0.97780865,1.4139998,0.86264366,-0.7714355,0.51894426,0.20282255,0.3670098,-1.135564828,10.42691054,5.521920642,0.688834065,-0.419309154,0.011012111,-1.135564828,10.42691054,5.521920642,0.688834065,-0.419309154,0.011012111,-16.885849,138.26083,61.458977,7.315418,-4.62498,0.12630892
9.983333854,2.1469336,-2.1700351,-0.78665227,-1.515674,0.91674787,-0.97161174,1.3894173,0.85336185,-0.75966156,0.5117017,0.20512159,0.37195188,-2.018017439,9.650304343,5.177903839,0.647136765,-0.462266433,0.010733367,-2.018017439,9.650304343,5.177903839,0.647136765,-0.462266433,0.010733367,-30.00792,127.963036,57.63007,6.8725924,-5.0987988,0.123111725
9.983333854,2.1469336,-2.1700351,-0.78665227,-1.515674,0.91674787,-0.97161174,1.3894173,0.85336185,-0.75966156,0.5117017,0.20512159,0.37195188,-2.018017439,9.650304343,5.177903839,0.647136765,-0.462266433,0.010733367,-2.018017439,9.650304343,5.177903839,0.647136765,-0.462266433,0.010733367,-30.00792,127.963036,57.63007,6.8725924,-5.0987988,0.123111725
10.00000052,2.1700509,-2.1559188,-0.79967046,-1.5072433,0.9203524,-0.9650444,1.3860744,0.86224294,-0.76167774,0.51354635,0.21647535,0.3941394,-1.133153899,10.20170416,5.514847515,0.700477018,-0.417375348,0.010629395,-1.133153899,10.20170416,5.514847515,0.700477018,-0.417375348,0.010629395,-16.849998,135.2746,61.380253,7.439066,-4.60365,0.121919155
10.00000052,2.1700509,-2.1559188,-0.79967046,-1.5072433,0.9203524,-0.9650444,1.3860744,0.86224294,-0.76167774,0.51354635,0.21647535,0.3941394,-1.133153899,10.20170416,5.514847515,0.700477018,-0.417375348,0.010629395,-1.133153899,10.20170416,5.514847515,0.700477018,-0.417375348,0.010629395,-16.849998,135.2746,61.380253,7.439066,-4.60365,0.121919155
10.01666719,2.193102,-2.1416564,-0.8127146,-1.4987861,0.924147,-0.9581046,1.3819512,0.87063694,-0.7630695,0.5150791,0.22785296,0.41644394,-1.171394251,10.09349564,5.507127637,0.704064612,-0.418428065,0.010513521,-1.171394251,10.09349564,5.507127637,0.704064612,-0.418428065,0.010513521,-17.418633,133.83975,61.29433,7.477166,-4.6152616,0.12059009
10.03333386,2.215743,-2.1275413,-0.82554084,-1.4904654,0.92797387,-0.9510932,1.3573003,0.8607926,-0.7509185,0.5076146,0.22983065,0.42083222,-1.958977623,9.31734226,5.169302091,0.663578533,-0.45780098,0.009916415,-1.958977623,9.31734226,5.169302091,0.663578533,-0.45780098,0.009916415,-29.129997,123.54796,57.534332,7.047204,-5.049545,0.11374128
10.03333386,2.215743,-2.1275413,-0.82554084,-1.4904654,0.92797387,-0.9510932,1.3573003,0.8607926,-0.7509185,0.5076146,0.22983065,0.42083222,-1.958977623,9.31734226,5.169302091,0.663578533,-0.45780098,0.009916415,-1.958977623,9.31734226,5.169302091,0.663578533,-0.45780098,0.009916415,-29.129997,123.54796,57.534332,7.047204,-5.049545,0.11374128
10.03333386,2.215743,-2.1275413,-0.82554084,-1.4904654,0.92797387,-0.9510932,1.3573003,0.8607926,-0.7509185,0.5076146,0.22983065,0.42083222,-1.958977623,9.31734226,5.169302091,0.663578533,-0.45780098,0.009916415,-1.958977623,9.31734226,5.169302091,0.663578533,-0.45780098,0.009916415,-29.129997,123.54796,57.534332,7.047204,-5.049545,0.11374128
10.05000052,2.2383058,-2.1133015,-0.838401,-1.482109,0.93199307,-0.9437031,1.3527739,0.8688358,-0.7518973,0.5089176,0.24133654,0.4435081,-1.160534036,9.85849533,5.500612833,0.715557375,-0.415551435,0.010067729,-1.160534036,9.85849533,5.500612833,0.715557375,-0.415551435,0.010067729,-17.257141,130.72365,61.22182,7.5992193,-4.5835323,0.11547685
10.05000052,2.2383058,-2.1133015,-0.838401,-1.482109,0.93199307,-0.9437031,1.3527739,0.8688358,-0.7518973,0.5089176,0.24133654,0.4435081,-1.160534036,9.85849533,5.500612833,0.715557375,-0.415551435,0.010067729,-1.160534036,9.85849533,5.500612833,0.715557375,-0.415551435,0.010067729,-17.257141,130.72365,61.22182,7.5992193,-4.5835323,0.11547685
10.06666719,2.2607837,-2.0989304,-0.85127,-1.4737341,0.9362041,-0.93593305,1.3474871,0.87637347,-0.75225997,0.50992113,0.25282583,0.46625915,-1.192016191,9.743409998,5.492516626,0.71915314,-0.416063852,0.009909628,-1.192016191,9.743409998,5.492516626,0.71915314,-0.416063852,0.009909628,-17.72528,129.19762,61.13171,7.6374063,-4.5891843,0.113663435
10.08333386,2.282852,-2.0847163,-0.8639152,-1.4654977,0.94044125,-0.9281015,1.3228179,0.86599237,-0.7397736,0.5022718,0.2544416,0.47005132,-1.888252058,8.969821038,5.161561649,0.679803478,-0.451853312,0.008997942,-1.888252058,8.969821038,5.161561649,0.679803478,-0.451853312,0.008997942,-28.078308,118.93983,57.44818,7.219513,-4.983942,0.103206396
10.08333386,2.282852,-2.0847163,-0.8639152,-1.4654977,0.94044125,-0.9281015,1.3228179,0.86599237,-0.7397736,0.5022718,0.2544416,0.47005132,-1.888252058,8.969821038,5.161561649,0.679803478,-0.451853312,0.008997942,-1.888252058,8.969821038,5.161561649,0.679803478,-0.451853312,0.008997942,-28.078308,118.93983,57.44818,7.219513,-4.983942,0.103206396
10.10000053,2.3048215,-2.0703924,-0.8765766,-1.4572346,0.9448717,-0.9198842,1.3171294,0.8731718,-0.7397192,0.50306773,0.26601344,0.49313867,-1.173413706,9.499788356,5.486484058,0.73042073,-0.412245696,0.009399782,-1.173413706,9.499788356,5.486484058,0.73042073,-0.412245696,0.009399782,-17.448662,125.96719,61.064568,7.757068,-4.54707,0.107815504
10.10000053,2.3048215,-2.0703924,-0.8765766,-1.4572346,0.9448717,-0.9198842,1.3171294,0.8731718,-0.7397192,0.50306773,0.26601344,0.49313867,-1.173413706,9.499788356,5.486484058,0.73042073,-0.412245696,0.009399782,-1.173413706,9.499788356,5.486484058,0.73042073,-0.412245696,0.009399782,-17.448662,125.96719,61.064568,7.757068,-4.54707,0.107815504
10.11666719,2.3266864,-2.0559516,-0.88922924,-1.4489615,0.94949466,-0.91128075,1.3106972,0.8798329,-0.73905927,0.5035765,0.2775282,0.5162584,-1.19845423,9.378818149,5.47819249,0.73400316,-0.41222568,0.009199798,-1.19845423,9.378818149,5.47819249,0.73400316,-0.41222568,0.009199798,-17.821014,124.36313,60.972282,7.7951136,-4.5468493,0.10552168
10.11666719,2.3266864,-2.0559516,-0.88922924,-1.4489615,0.94949466,-0.91128075,1.3106972,0.8798329,-0.73905927,0.5035765,0.2775282,0.5162584,-1.19845423,9.378818149,5.47819249,0.73400316,-0.41222568,0.009199798,-1.19845423,9.378818149,5.47819249,0.73400316,-0.41222568,0.009199798,-17.821014,124.36313,60.972282,7.7951136,-4.5468493,0.10552168
10.13333386,2.3481412,-2.0416775,-0.9016531,-1.4408276,0.9541371,-0.90262663,1.2860612,0.86894417,-0.7262826,0.4957773,0.2787431,0.519412,-1.807035178,8.609721096,5.154576948,0.695706761,-0.444399954,0.007976837,-1.807035178,8.609721096,5.154576948,0.695706761,-0.444399954,0.007976837,-26.870613,114.1649,57.37044,7.388406,-4.9017315,0.09149432
10.13333386,2.3481412,-2.0416775,-0.9016531,-1.4408276,0.9541371,-0.90262663,1.2860612,0.86894417,-0.7262826,0.4957773,0.2787431,0.519412,-1.807035178,8.609721096,5.154576948,0.695706761,-0.444399954,0.007976837,-1.807035178,8.609721096,5.154576948,0.695706761,-0.444399954,0.007976837,-26.870613,114.1649,57.37044,7.388406,-4.9017315,0.09149432
10.15000053,2.3694813,-2.027307,-0.9140759,-1.4326766,0.9589723,-0.8935812,1.2792385,0.8752383,-0.7252063,0.49610195,0.29029256,0.5428302,-1.172289563,9.127760437,5.472522883,0.744982089,-0.40742977,0.008623176,-1.172289563,9.127760437,5.472522883,0.744982089,-0.40742977,0.008623176,-17.431946,121.0341,60.90918,7.91171,-4.4939504,0.09890783
10.15000053,2.3694813,-2.027307,-0.9140759,-1.4326766,0.9589723,-0.8935812,1.2792385,0.8752383,-0.7252063,0.49610195,0.29029256,0.5428302,-1.172289563,9.127760437,5.472522883,0.744982089,-0.40742977,0.008623176,-1.172289563,9.127760437,5.472522883,0.744982089,-0.40742977,0.008623176,-17.431946,121.0341,60.90918,7.91171,-4.4939504,0.09890783
10.1666672,2.3906968,-2.012835,-0.9264728,-1.4245229,0.96399915,-0.8841447,1.2716814,0.88100076,-0.7235354,0.49615324,0.30174544,0.5662384,-1.191443602,9.001651033,5.464038009,0.748510325,-0.406892194,0.008382554,-1.191443602,9.001651033,5.464038009,0.748510325,-0.406892194,0.008382554,-17.716766,119.36189,60.814743,7.9491796,-4.488021,0.096147895
10.18333386,2.4115038,-1.9985387,-0.93863696,-1.4165086,0.969038,-0.874669,1.2471251,0.8696321,-0.71051407,0.48824242,0.30252263,0.5687112,-1.716851835,8.239123544,5.14817662,0.711185874,-0.435451281,0.00685363,-1.716851835,8.239123544,5.14817662,0.711185874,-0.435451281,0.00685363,-25.529587,109.25078,57.299206,7.552794,-4.8030276,0.078611135
10.18333386,2.4115038,-1.9985387,-0.93863696,-1.4165086,0.969038,-0.874669,1.2471251,0.8696321,-0.71051407,0.48824242,0.30252263,0.5687112,-1.716851835,8.239123544,5.14817662,0.711185874,-0.435451281,0.00685363,-1.716851835,8.239123544,5.14817662,0.711185874,-0.435451281,0.00685363,-25.529587,109.25078,57.299206,7.552794,-4.8030276,0.078611135
10.20000053,2.4321756,-1.9841605,-0.95078236,-1.4084855,0.9742679,-0.8647979,1.2391845,0.8750201,-0.7084296,0.4881318,0.31396237,0.59237784,-1.158626174,8.744672197,5.458690578,0.75914972,-0.401144512,0.007740695,-1.158626174,8.744672197,5.458690578,0.75914972,-0.401144512,0.007740695,-17.228771,115.95435,60.755226,8.06217,-4.424624,0.08878577
10.20000053,2.4321756,-1.9841605,-0.95078236,-1.4084855,0.9742679,-0.8647979,1.2391845,0.8750201,-0.7084296,0.4881318,0.31396237,0.59237784,-1.158626174,8.744672197,5.458690578,0.75914972,-0.401144512,0.007740695,-1.158626174,8.744672197,5.458690578,0.75914972,-0.401144512,0.007740695,-17.228771,115.95435,60.755226,8.06217,-4.424624,0.08878577
10.20000053,2.4321756,-1.9841605,-0.95078236,-1.4084855,0.9742679,-0.8647979,1.2391845,0.8750201,-0.7084296,0.4881318,0.31396237,0.59237784,-1.158626174,8.744672197,5.458690578,0.75914972,-0.401144512,0.007740695,-1.158626174,8.744672197,5.458690578,0.75914972,-0.401144512,0.007740695,-17.228771,115.95435,60.755226,8.06217,-4.424624,0.08878577
10.2166672,2.452706,-1.9696969,-0.962885,-1.4004663,0.9796868,-0.8545323,1.2305311,0.8798668,-0.705767,0.48776397,0.32526442,0.6159877,-1.171813431,8.614214153,5.450030907,0.762594891,-0.400056562,0.007456972,-1.171813431,8.614214153,5.450030907,0.762594891,-0.400056562,0.007456972,-17.424866,114.22448,60.658844,8.098758,-4.412624,0.08553147
10.23333387,2.4728303,-1.9554176,-0.9747517,-1.3925865,0.9851101,-0.84423953,1.2060988,0.8680487,-0.69254565,0.47977352,0.32557303,0.61774343,-1.619348994,7.860389698,5.142230079,0.726155058,-0.425040365,0.005632114,-1.619348994,7.860389698,5.142230079,0.726155058,-0.425040365,0.005632114,-24.07972,104.22877,57.23302,7.7117667,-4.688195,0.06460035
10.23333387,2.4728303,-1.9554176,-0.9747517,-1.3925865,0.9851101,-0.84423953,1.2060988,0.8680487,-0.69254565,0.47977352,0.32557303,0.61774343,-1.619348994,7.860389698,5.142230079,0.726155058,-0.425040365,0.005632114,-1.619348994,7.860389698,5.142230079,0.726155058,-0.425040365,0.005632114,-24.07972,104.22877,57.23302,7.7117667,-4.688195,0.06460035
10.25000053,2.492801,-1.9410715,-0.9865828,-1.3847058,0.9907212,-0.83354855,1.1970586,0.8725148,-0.68947554,0.479267,0.33681458,0.64157057,-1.133577184,8.352978737,5.444940531,0.772840963,-0.393416983,0.006753399,-1.133577184,8.352978737,5.444940531,0.772840963,-0.393416983,0.006753399,-16.856293,110.7605,60.60219,8.207571,-4.3393893,0.07746148
10.25000053,2.492801,-1.9410715,-0.9865828,-1.3847058,0.9907212,-0.83354855,1.1970586,0.8725148,-0.68947554,0.479267,0.33681458,0.64157057,-1.133577184,8.352978737,5.444940531,0.772840963,-0.393416983,0.006753399,-1.133577184,8.352978737,5.444940531,0.772840963,-0.393416983,0.006753399,-16.856293,110.7605,60.60219,8.207571,-4.3393893,0.07746148
10.2666672,2.512612,-1.926655,-0.99835455,-1.3768351,0.99651736,-0.8224611,1.187325,0.8764315,-0.6858437,0.47851834,0.34787777,0.6652974,-1.141355883,8.21913292,5.436173239,0.776183134,-0.391798417,0.006428956,-1.141355883,8.21913292,5.436173239,0.776183134,-0.391798417,0.006428956,-16.971962,108.9857,60.50461,8.243065,-4.3215365,0.073740125
10.28333387,2.5320196,-1.9124311,-1.009888,-1.3691032,1.0023097,-0.8113593,1.1630586,0.8641949,-0.67247033,0.4704841,0.34768733,0.66629755,-1.516236983,7.475770976,5.136484727,0.740528331,-0.413214933,0.004317746,-1.516236983,7.475770976,5.136484727,0.740528331,-0.413214933,0.004317746,-22.546444,99.12872,57.169075,7.864411,-4.5577607,0.049524546
10.28333387,2.5320196,-1.9124311,-1.009888,-1.3691032,1.0023097,-0.8113593,1.1630586,0.8641949,-0.67247033,0.4704841,0.34768733,0.66629755,-1.516236983,7.475770976,5.136484727,0.740528331,-0.413214933,0.004317746,-1.516236983,7.475770976,5.136484727,0.740528331,-0.413214933,0.004317746,-22.546444,99.12872,57.169075,7.864411,-4.5577607,0.049524546
10.28333387,2.5320196,-1.9124311,-1.009888,-1.3691032,1.0023097,-0.8113593,1.1630586,0.8641949,-0.67247033,0.4704841,0.34768733,0.66629755,-1.516236983,7.475770976,5.136484727,0.740528331,-0.413214933,0.004317746,-1.516236983,7.475770976,5.136484727,0.740528331,-0.413214933,0.004317746,-22.546444,99.12872,57.169075,7.864411,-4.5577607,0.049524546
10.30000054,2.5512562,-1.8981549,-1.0213693,-1.3613772,1.008285,-0.79985785,1.1529386,0.86772317,-0.6684398,0.46961996,0.35864204,0.6901973,-1.098479917,7.954962545,5.431139073,0.785981374,-0.384288081,0.005665746,-1.098479917,7.954962545,5.431139073,0.785981374,-0.384288081,0.005665746,-16.334396,105.4828,60.448578,8.347122,-4.2386975,0.06498611
10.30000054,2.5512562,-1.8981549,-1.0213693,-1.3613772,1.008285,-0.79985785,1.1529386,0.86772317,-0.6684398,0.46961996,0.35864204,0.6901973,-1.098479917,7.954962545,5.431139073,0.785981374,-0.384288081,0.005665746,-1.098479917,7.954962545,5.431139073,0.785981374,-0.384288081,0.005665746,-16.334396,105.4828,60.448578,8.347122,-4.2386975,0.06498611
10.3166672,2.5703144,-1.883825,-1.0327754,-1.353667,1.0144401,-0.7879596,1.1421406,0.8706939,-0.6638663,0.46853015,0.36937892,0.7139485,-1.101462923,7.818491319,5.422178133,0.789178877,-0.382159087,0.005302911,-1.101462923,7.818491319,5.422178133,0.789178877,-0.382159087,0.005302911,-16.378754,103.673195,60.348843,8.38108,-4.2152147,0.060824394
10.33333387,2.588972,-1.8696941,-1.0439413,-1.3460945,1.0205823,-0.7760602,1.1180844,0.858071,-0.65038985,0.46048212,0.36866522,0.71416056,-1.409144809,7.087628694,5.130719153,0.754228958,-0.400035941,0.002917728,-1.409144809,7.087628694,5.130719153,0.754228958,-0.400035941,0.002917728,-20.953983,93.98196,57.104904,8.009912,-4.4123964,0.03346634
10.33333387,2.588972,-1.8696941,-1.0439413,-1.3460945,1.0205823,-0.7760602,1.1180844,0.858071,-0.65038985,0.46048212,0.36866522,0.71416056,-1.409144809,7.087628694,5.130719153,0.754228958,-0.400035941,0.002917728,-1.409144809,7.087628694,5.130719153,0.754228958,-0.400035941,0.002917728,-20.953983,93.98196,57.104904,8.009912,-4.4123964,0.03346634
10.35000054,2.6074412,-1.855527,-1.0550389,-1.3385342,1.0269012,-0.76376146,1.1069026,0.86064684,-0.64543015,0.45929977,0.37924656,0.73804265,-1.054887445,7.552944661,5.417094612,0.798490402,-0.373826758,0.004485283,-1.054887445,7.552944661,5.417094612,0.798490402,-0.373826758,0.004485283,-15.686176,100.15205,60.292263,8.479968,-4.123309,0.0514462
10.35000054,2.6074412,-1.855527,-1.0550389,-1.3385342,1.0269012,-0.76376146,1.1069026,0.86064684,-0.64543015,0.45929977,0.37924656,0.73804265,-1.054887445,7.552944661,5.417094612,0.798490402,-0.373826758,0.004485283,-1.054887445,7.552944661,5.417094612,0.798490402,-0.373826758,0.004485283,-15.686176,100.15205,60.292263,8.479968,-4.123309,0.0514462
10.36666721,2.6257153,-1.8413221,-1.0660462,-1.3309942,1.0333929,-0.75106627,1.0950601,0.86266166,-0.63994867,0.4579092,0.38957188,0.7617286,-1.053638112,7.414905554,5.408007544,0.801526176,-0.371214356,0.004085963,-1.053638112,7.414905554,5.408007544,0.801526176,-0.371214356,0.004085963,-15.667599,98.32165,60.191124,8.512208,-4.0944943,0.046866
10.36666721,2.6257153,-1.8413221,-1.0660462,-1.3309942,1.0333929,-0.75106627,1.0950601,0.86266166,-0.63994867,0.4579092,0.38957188,0.7617286,-1.053638112,7.414905554,5.408007544,0.801526176,-0.371214356,0.004085963,-1.053638112,7.414905554,5.408007544,0.801526176,-0.371214356,0.004085963,-15.667599,98.32165,60.191124,8.512208,-4.0944943,0.046866
10.38333387,2.6435916,-1.8273238,-1.0768125,-1.3235909,1.0398625,-0.73838425,1.0712498,0.84968483,-0.6264176,0.4498773,0.38831344,0.76111907,-1.299963915,6.698276986,5.124664649,0.76718043,-0.385606927,0.001442895,-1.299963915,6.698276986,5.124664649,0.76718043,-0.385606927,0.001442895,-19.330463,88.81915,57.037518,8.147456,-4.2532444,0.016550004
10.38333387,2.6435916,-1.8273238,-1.0768125,-1.3235909,1.0398625,-0.73838425,1.0712498,0.84968483,-0.6264176,0.4498773,0.38831344,0.76111907,-1.299963915,6.698276986,5.124664649,0.76718043,-0.385606927,0.001442895,-1.299963915,6.698276986,5.124664649,0.76718043,-0.385606927,0.001442895,-19.330463,88.81915,57.037518,8.147456,-4.2532444,0.016550004
10.40000054,2.661264,-1.8133048,-1.0874957,-1.3162055,1.0465016,-0.7253046,1.0590223,0.8512994,-0.6205644,0.44841722,0.39843857,0.7848913,-1.004477259,7.14952863,5.402744427,0.810309049,-0.362133742,0.003221062,-1.004477259,7.14952863,5.402744427,0.810309049,-0.362133742,0.003221062,-14.936577,94.80275,60.132545,8.605482,-3.9943352,0.03694558
10.40000054,2.661264,-1.8133048,-1.0874957,-1.3162055,1.0465016,-0.7253046,1.0590223,0.8512994,-0.6205644,0.44841722,0.39843857,0.7848913,-1.004477259,7.14952863,5.402744427,0.810309049,-0.362133742,0.003221062,-1.004477259,7.14952863,5.402744427,0.810309049,-0.362133742,0.003221062,-14.936577,94.80275,60.132545,8.605482,-3.9943352,0.03694558
10.41666721,2.678723,-1.7992638,-1.0980731,-1.3088446,1.0533055,-0.7118311,1.0461472,0.8523508,-0.6142125,0.44676545,0.4082682,0.8084201,-0.999719021,7.010785271,5.393484618,0.813154626,-0.359079174,0.002790511,-0.999719021,7.010785271,5.393484618,0.813154626,-0.359079174,0.002790511,-14.865822,92.96301,60.029484,8.635702,-3.9606433,0.032007158
10.43333388,2.6957889,-1.785436,-1.1084098,-1.3016186,1.060078,-0.6983851,1.0226218,0.8390536,-0.6006756,0.4387791,0.4064478,0.8069623,-1.19025199,6.309983381,5.118072729,0.779317867,-0.37002745,-9.41E-05,-1.19025199,6.309983381,5.118072729,0.779317867,-0.37002745,-9.41E-05,-17.699047,83.67038,56.96415,8.276356,-4.081403,-0.001079679
10.43333388,2.6957889,-1.785436,-1.1084098,-1.3016186,1.060078,-0.6983851,1.0226218,0.8390536,-0.6006756,0.4387791,0.4064478,0.8069623,-1.19025199,6.309983381,5.118072729,0.779317867,-0.37002745,-9.41E-05,-1.19025199,6.309983381,5.118072729,0.779317867,-0.37002745,-9.41E-05,-17.699047,83.67038,56.96415,8.276356,-4.081403,-0.001079679
10.45000055,2.712633,-1.7716027,-1.1186479,-1.2944154,1.0670103,-0.68454486,1.0093613,0.83969885,-0.59397024,0.43708035,0.41603065,0.83053136,-0.948927622,6.746880717,5.387816039,0.821359099,-0.349318279,0.001884889,-0.948927622,6.746880717,5.387816039,0.821359099,-0.349318279,0.001884889,-14.110554,89.46364,59.966393,8.722834,-3.8529806,0.021619678
10.45000055,2.712633,-1.7716027,-1.1186479,-1.2944154,1.0670103,-0.68454486,1.0093613,0.83969885,-0.59397024,0.43708035,0.41603065,0.83053136,-0.948927622,6.746880717,5.387816039,0.821359099,-0.349318279,0.001884889,-0.948927622,6.746880717,5.387816039,0.821359099,-0.349318279,0.001884889,-14.110554,89.46364,59.966393,8.722834,-3.8529806,0.021619678
10.45000055,2.712633,-1.7716027,-1.1186479,-1.2944154,1.0670103,-0.68454486,1.0093613,0.83969885,-0.59397024,0.43708035,0.41603065,0.83053136,-0.948927622,6.746880717,5.387816039,0.821359099,-0.349318279,0.001884889,-0.948927622,6.746880717,5.387816039,0.821359099,-0.349318279,0.001884889,-14.110554,89.46364,59.966393,8.722834,-3.8529806,0.021619678
10.46666721,2.7292476,-1.7577642,-1.1287678,-1.2872409,1.0740978,-0.6703152,0.9954701,0.83977854,-0.58679295,0.43520698,0.42528453,0.85381067,-0.941125835,6.608068889,5.378239881,0.823974609,-0.345835811,0.001427134,-0.941125835,6.608068889,5.378239881,0.823974609,-0.345835811,0.001427134,-13.994541,87.62299,59.85981,8.75061,-3.814569,0.016369224
10.48333388,2.745474,-1.7441443,-1.1386473,-1.2801981,1.0811443,-0.65612733,0.97226477,0.8261962,-0.5732982,0.42729375,0.42289063,0.8514812,-1.081617262,5.92498319,5.110721297,0.790584604,-0.353426903,-0.0016787,-1.081617262,5.92498319,5.110721297,0.790584604,-0.353426903,-0.0016787,-16.083649,78.56528,56.882328,8.3960085,-3.8982987,-0.019254684
10.48333388,2.745474,-1.7441443,-1.1386473,-1.2801981,1.0811443,-0.65612733,0.97226477,0.8261962,-0.5732982,0.42729375,0.42289063,0.8514812,-1.081617262,5.92498319,5.110721297,0.790584604,-0.353426903,-0.0016787,-1.081617262,5.92498319,5.110721297,0.790584604,-0.353426903,-0.0016787,-16.083649,78.56528,56.882328,8.3960085,-3.8982987,-0.019254684
10.50000055,2.761462,-1.730535,-1.1484146,-1.2731829,1.088341,-0.64155,0.95798236,0.82586527,-0.5657854,0.42539373,0.4318538,0.874755,-0.889822646,6.347096991,5.372069188,0.831571137,-0.33550029,0.000491141,-0.889822646,6.347096991,5.372069188,0.831571137,-0.33550029,0.000491141,-13.231663,84.162506,59.79113,8.831285,-3.7005682,0.005633384
10.50000055,2.761462,-1.730535,-1.1484146,-1.2731829,1.088341,-0.64155,0.95798236,0.82586527,-0.5657854,0.42539373,0.4318538,0.874755,-0.889822646,6.347096991,5.372069188,0.831571137,-0.33550029,0.000491141,-0.889822646,6.347096991,5.372069188,0.831571137,-0.33550029,0.000491141,-13.231663,84.162506,59.79113,8.831285,-3.7005682,0.005633384
10.51666722,2.777203,-1.716937,-1.1580496,-1.2661986,1.0956808,-0.62658876,0.94308776,0.8249694,-0.55782723,0.42333752,0.44045138,0.8976932,-0.879573245,6.209133833,5.362215068,0.833944278,-0.331634494,1.09E-05,-0.879573245,6.209133833,5.362215068,0.833944278,-0.331634494,1.09E-05,-13.079254,82.333115,59.681454,8.856488,-3.6579285,0.000124723
10.53333388,2.7925615,-1.7035617,-1.1674463,-1.2593445,1.1029706,-0.6116845,0.92023635,0.81113744,-0.54442704,0.41551867,0.43747658,0.894469,-0.975451697,5.545150964,5.102230596,0.800898205,-0.335937095,-0.003294619,-0.975451697,5.545150964,5.102230596,0.800898205,-0.335937095,-0.003294619,-14.504967,73.5287,56.787827,8.505539,-3.7053862,-0.037789285
10.53333388,2.7925615,-1.7035617,-1.1674463,-1.2593445,1.1029706,-0.6116845,0.92023635,0.81113744,-0.54442704,0.41551867,0.43747658,0.894469,-0.975451697,5.545150964,5.102230596,0.800898205,-0.335937095,-0.003294619,-0.975451697,5.545150964,5.102230596,0.800898205,-0.335937095,-0.003294619,-14.504967,73.5287,56.787827,8.505539,-3.7053862,-0.037789285
10.53333388,2.7925615,-1.7035617,-1.1674463,-1.2593445,1.1029706,-0.6116845,0.92023635,0.81113744,-0.54442704,0.41551867,0.43747658,0.894469,-0.975451697,5.545150964,5.102230596,0.800898205,-0.335937095,-0.003294619,-0.975451697,5.545150964,5.102230596,0.800898205,-0.335937095,-0.003294619,-14.504967,73.5287,56.787827,8.505539,-3.7053862,-0.037789285
10.55000055,2.807665,-1.6902137,-1.1767181,-1.2525214,1.1103979,-0.59639716,0.90494645,0.8098258,-0.5361569,0.41345683,0.44574353,0.91735685,-0.828556607,5.95212968,5.35524819,0.840877993,-0.320800823,-0.000945087,-0.828556607,5.95212968,5.35524819,0.840877993,-0.320800823,-0.000945087,-12.320637,78.92524,59.603912,8.930124,-3.538433,-0.010840148
10.55000055,2.807665,-1.6902137,-1.1767181,-1.2525214,1.1103979,-0.59639716,0.90494645,0.8098258,-0.5361569,0.41345683,0.44574353,0.91735685,-0.828556607,5.95212968,5.35524819,0.840877993,-0.320800823,-0.000945087,-0.828556607,5.95212968,5.35524819,0.840877993,-0.320800823,-0.000945087,-12.320637,78.92524,59.603912,8.930124,-3.538433,-0.010840148
10.56666722,2.8225055,-1.6768931,-1.1858454,-1.2457315,1.1179584,-0.5807331,0.8890587,0.80795324,-0.5274703,0.4112551,0.4536143,0.9398625,-0.816526586,5.815829339,5.345071208,0.842982721,-0.316606817,-0.001441598,-0.816526586,5.815829339,5.345071208,0.842982721,-0.316606817,-0.001441598,-12.14175,77.1179,59.490643,8.9524765,-3.4921732,-0.016535133
10.58333389,2.8369687,-1.6638001,-1.1947364,-1.2390691,1.1254581,-0.56514126,0.8665942,0.79390705,-0.51421106,0.4035553,0.45005083,0.9357272,-0.873001807,5.172419368,5.09244331,0.810224188,-0.317714091,-0.00492192,-0.873001807,5.172419368,5.09244331,0.810224188,-0.317714091,-0.00492192,-12.981537,68.58628,56.678894,8.604581,-3.5043864,-0.05645442
10.58333389,2.8369687,-1.6638001,-1.1947364,-1.2390691,1.1254581,-0.56514126,0.8665942,0.79390705,-0.51421106,0.4035553,0.45005083,0.9357272,-0.873001807,5.172419368,5.09244331,0.810224188,-0.317714091,-0.00492192,-0.873001807,5.172419368,5.09244331,0.810224188,-0.317714091,-0.00492192,-12.981537,68.58628,56.678894,8.604581,-3.5043864,-0.05645442
10.60000055,2.851162,-1.65075,-1.2034906,-1.2324401,1.1330833,-0.54917425,0.85030645,0.7916157,-0.50523865,0.4013677,0.45754877,0.95813745,-0.766608438,5.563966685,5.337160081,0.849218512,-0.305377324,-0.002406578,-0.766608438,5.563966685,5.337160081,0.849218512,-0.305377324,-0.002406578,-11.399467,73.7782,59.40259,9.018701,-3.368312,-0.027603447
10.60000055,2.851162,-1.65075,-1.2034906,-1.2324401,1.1330833,-0.54917425,0.85030645,0.7916157,-0.50523865,0.4013677,0.45754877,0.95813745,-0.766608438,5.563966685,5.337160081,0.849218512,-0.305377324,-0.002406578,-0.766608438,5.563966685,5.337160081,0.849218512,-0.305377324,-0.002406578,-11.399467,73.7782,59.40259,9.018701,-3.368312,-0.027603447
10.61666722,2.865075,-1.6377442,-1.2120888,-1.2258472,1.1408275,-0.5328397,0.8334358,0.78876686,-0.49587923,0.39905524,0.46461815,0.98012066,-0.753323184,5.429875185,5.32654405,0.851024567,-0.300900502,-0.002912203,-0.753323184,5.429875185,5.32654405,0.851024567,-0.300900502,-0.002912203,-11.201916,72.000145,59.284435,9.037881,-3.3189325,-0.033402972
10.61666722,2.865075,-1.6377442,-1.2120888,-1.2258472,1.1408275,-0.5328397,0.8334358,0.78876686,-0.49587923,0.39905524,0.46461815,0.98012066,-0.753323184,5.429875185,5.32654405,0.851024567,-0.300900502,-0.002912203,-0.753323184,5.429875185,5.32654405,0.851024567,-0.300900502,-0.002912203,-11.201916,72.000145,59.284435,9.037881,-3.3189325,-0.033402972
10.63333389,2.8786175,-1.624969,-1.2204542,-1.2193786,1.1485016,-0.51659244,0.81138873,0.7745434,-0.48281103,0.39149484,0.4604701,0.9750617,-0.775288734,4.808429643,5.081050629,0.818495472,-0.29890855,-0.006541867,-0.775288734,4.808429643,5.081050629,0.818495472,-0.29890855,-0.006541867,-11.528543,63.759777,56.552094,8.692422,-3.2969613,-0.075035214
10.63333389,2.8786175,-1.624969,-1.2204542,-1.2193786,1.1485016,-0.51659244,0.81138873,0.7745434,-0.48281103,0.39149484,0.4604701,0.9750617,-0.775288734,4.808429643,5.081050629,0.818495472,-0.29890855,-0.006541867,-0.775288734,4.808429643,5.081050629,0.818495472,-0.29890855,-0.006541867,-11.528543,63.759777,56.552094,8.692422,-3.2969613,-0.075035214
10.65000056,2.8918731,-1.6122532,-1.2286719,-1.2129459,1.1562871,-0.49997926,0.79411197,0.7712726,-0.47319308,0.38921648,0.4671294,0.9969057,-0.705192581,5.184123527,5.317521417,0.856529746,-0.289377989,-0.003873557,-0.705192581,5.184123527,5.317521417,0.856529746,-0.289377989,-0.003873557,-10.486214,68.74148,59.184013,9.096346,-3.1918392,-0.044429693
10.65000056,2.8918731,-1.6122532,-1.2286719,-1.2129459,1.1562871,-0.49997926,0.79411197,0.7712726,-0.47319308,0.38921648,0.4671294,0.9969057,-0.705192581,5.184123527,5.317521417,0.856529746,-0.289377989,-0.003873557,-0.705192581,5.184123527,5.317521417,0.856529746,-0.289377989,-0.003873557,-10.486214,68.74148,59.184013,9.096346,-3.1918392,-0.044429693
10.66666722,2.9048321,-1.5995979,-1.2367228,-1.20655,1.1641766,-0.4830078,0.77626973,0.7674505,-0.4632202,0.38682997,0.47333413,1.0182792,-0.691081536,5.052868597,5.30641698,0.858016741,-0.284661667,-0.004382083,-0.691081536,5.052868597,5.30641698,0.858016741,-0.284661667,-0.004382083,-10.276382,67.00104,59.06042,9.112138,-3.1398182,-0.050262496
10.68333389,2.9174278,-1.5871767,-1.2445453,-1.2002748,1.1719863,-0.46614015,0.75467443,0.7530873,-0.45039076,0.3794253,0.468607,1.0122858,-0.683062848,4.454665954,5.067859934,0.825671647,-0.279675758,-0.008134115,-0.683062848,4.454665954,5.067859934,0.825671647,-0.279675758,-0.008134115,-10.157145,59.06887,56.40528,8.768633,-3.0848236,-0.0932983
10.68333389,2.9174278,-1.5871767,-1.2445453,-1.2002748,1.1719863,-0.46614015,0.75467443,0.7530873,-0.45039076,0.3794253,0.468607,1.0122858,-0.683062848,4.454665954,5.067859934,0.825671647,-0.279675758,-0.008134115,-0.683062848,4.454665954,5.067859934,0.825671647,-0.279675758,-0.008134115,-10.157145,59.06887,56.40528,8.768633,-3.0848236,-0.0932983
10.70000056,2.9297202,-1.5748298,-1.2522098,-1.1940376,1.179892,-0.44891736,0.73641855,0.74884313,-0.44018865,0.37708843,0.47436705,1.0334765,-0.645350576,4.814163772,5.296141289,0.862758622,-0.272957758,-0.005326512,-0.645350576,4.814163772,5.296141289,0.862758622,-0.272957758,-0.005326512,-9.596363,63.83581,58.946053,9.162497,-3.010724,-0.06109509
10.70000056,2.9297202,-1.5748298,-1.2522098,-1.1940376,1.179892,-0.44891736,0.73641855,0.74884313,-0.44018865,0.37708843,0.47436705,1.0334765,-0.645350576,4.814163772,5.296141289,0.862758622,-0.272957758,-0.005326512,-0.645350576,4.814163772,5.296141289,0.862758622,-0.272957758,-0.005326512,-9.596363,63.83581,58.946053,9.162497,-3.010724,-0.06109509
10.70000056,2.9297202,-1.5748298,-1.2522098,-1.1940376,1.179892,-0.44891736,0.73641855,0.74884313,-0.44018865,0.37708843,0.47436705,1.0334765,-0.645350576,4.814163772,5.296141289,0.862758622,-0.272957758,-0.005326512,-0.645350576,4.814163772,5.296141289,0.862758622,-0.272957758,-0.005326512,-9.596363,63.83581,58.946053,9.162497,-3.010724,-0.06109509
10.71666723,2.9417002,-1.5625603,-1.2596986,-1.1878381,1.1878875,-0.43134782,0.71761656,0.74405307,-0.42966622,0.37465897,0.47964826,1.0541551,-0.630795467,4.686065029,5.284374336,0.863887227,-0.2680456,-0.005831593,-0.630795467,4.686065029,5.284374336,0.863887227,-0.2680456,-0.005831593,-9.379929,62.137222,58.815086,9.174482,-2.956543,-0.06688838
10.73333389,2.953324,-1.5505271,-1.2669641,-1.1817563,1.1957929,-0.41389784,0.6964997,0.72958654,-0.41712046,0.36742577,0.47434905,1.0472229,-0.597071952,4.112456539,5.052707737,0.83171778,-0.260202169,-0.009676404,-0.597071952,4.112456539,5.052707737,0.83171778,-0.260202169,-0.009676404,-8.87846,54.531174,56.236637,8.832843,-2.87003,-0.11098835
10.73333389,2.953324,-1.5505271,-1.2669641,-1.1817563,1.1957929,-0.41389784,0.6964997,0.72958654,-0.41712046,0.36742577,0.47434905,1.0472229,-0.597071952,4.112456539,5.052707737,0.83171778,-0.260202169,-0.009676404,-0.597071952,4.112456539,5.052707737,0.83171778,-0.260202169,-0.009676404,-8.87846,54.531174,56.236637,8.832843,-2.87003,-0.11098835
10.75000056,2.9646294,-1.5385841,-1.2740626,-1.1757133,1.2037784,-0.39610502,0.6772761,0.72437537,-0.40639922,0.36506218,0.4791536,1.0676774,-0.587909496,4.455172854,5.272725629,0.867840485,-0.256269624,-0.006746661,-0.587909496,4.455172854,5.272725629,0.867840485,-0.256269624,-0.006746661,-8.742214,59.075592,58.685436,9.216466,-2.826654,-0.0773842
10.75000056,2.9646294,-1.5385841,-1.2740626,-1.1757133,1.2037784,-0.39610502,0.6772761,0.72437537,-0.40639922,0.36506218,0.4791536,1.0676774,-0.587909496,4.455172854,5.272725629,0.867840485,-0.256269624,-0.006746661,-0.587909496,4.455172854,5.272725629,0.867840485,-0.256269624,-0.006746661,-8.742214,59.075592,58.685436,9.216466,-2.826654,-0.0773842
10.76666723,2.9756064,-1.5267344,-1.2809771,-1.1697087,1.2118368,-0.37797853,0.6575218,0.7186257,-0.39539114,0.36261964,0.4834558,1.0875797,-0.573370035,4.330837313,5.260320837,0.868604682,-0.251229417,-0.007239358,-0.573370035,4.330837313,5.260320837,0.868604682,-0.251229417,-0.007239358,-8.526012,57.426903,58.54737,9.224582,-2.7710605,-0.08303544
10.7833339,2.9862335,-1.5151225,-1.2876736,-1.163818,1.2197971,-0.3599871,0.6369126,0.70409375,-0.38317436,0.35557237,0.4776036,1.07971,-0.517653906,3.782904094,5.035429866,0.836598132,-0.240642335,-0.011148342,-0.517653906,3.782904094,5.035429866,0.836598132,-0.240642335,-0.011148342,-7.6975136,50.16131,56.044334,8.884672,-2.654285,-0.12787148
10.7833339,2.9862335,-1.5151225,-1.2876736,-1.163818,1.2197971,-0.3599871,0.6369126,0.70409375,-0.38317436,0.35557237,0.4776036,1.07971,-0.517653906,3.782904094,5.035429866,0.836598132,-0.240642335,-0.011148342,-0.517653906,3.782904094,5.035429866,0.836598132,-0.240642335,-0.011148342,-7.6975136,50.16131,56.044334,8.884672,-2.654285,-0.12787148
10.7833339,2.9862335,-1.5151225,-1.2876736,-1.163818,1.2197971,-0.3599871,0.6369126,0.70409375,-0.38317436,0.35557237,0.4776036,1.07971,-0.517653906,3.782904094,5.035429866,0.836598132,-0.240642335,-0.011148342,-0.517653906,3.782904094,5.035429866,0.836598132,-0.240642335,-0.011148342,-7.6975136,50.16131,56.044334,8.884672,-2.654285,-0.12787148
10.80000056,2.9965281,-1.5036172,-1.2941955,-1.1579667,1.2278209,-0.34166646,0.61673295,0.69792426,-0.37200108,0.35321033,0.4813983,1.099347,-0.533571224,4.108233617,5.247086956,0.871732679,-0.239474495,-0.008112922,-0.533571224,4.108233617,5.247086956,0.871732679,-0.239474495,-0.008112922,-7.934204,54.475178,58.400078,9.257801,-2.6414037,-0.09305522
10.80000056,2.9965281,-1.5036172,-1.2941955,-1.1579667,1.2278209,-0.34166646,0.61673295,0.69792426,-0.37200108,0.35321033,0.4813983,1.099347,-0.533571224,4.108233617,5.247086956,0.871732679,-0.239474495,-0.008112922,-0.533571224,4.108233617,5.247086956,0.871732679,-0.239474495,-0.008112922,-7.934204,54.475178,58.400078,9.257801,-2.6414037,-0.09305522
10.81666723,3.0064774,-1.492221,-1.3005265,-1.1521533,1.2359009,-0.32302627,0.5960369,0.6912274,-0.36057702,0.35078305,0.48467162,1.118395,-0.519392325,3.988111792,5.234005252,0.872115855,-0.234366414,-0.008586543,-0.519392325,3.988111792,5.234005252,0.872115855,-0.234366414,-0.008586543,-7.723364,52.882362,58.25448,9.26187,-2.5850616,-0.098487645
10.8333339,3.0160854,-1.4810638,-1.3066456,-1.1464505,1.243873,-0.3045369,0.57596624,0.67666906,-0.34873235,0.3439303,0.47828093,1.1095903,-0.445010346,3.46699624,5.015951947,0.840296808,-0.221160316,-0.012530538,-0.445010346,3.46699624,5.015951947,0.840296808,-0.221160316,-0.012530538,-6.617304,45.97237,55.827545,8.923952,-2.4393983,-0.14372528
10.8333339,3.0160854,-1.4810638,-1.3066456,-1.1464505,1.243873,-0.3045369,0.57596624,0.67666906,-0.34873235,0.3439303,0.47828093,1.1095903,-0.445010346,3.46699624,5.015951947,0.840296808,-0.221160316,-0.012530538,-0.445010346,3.46699624,5.015951947,0.840296808,-0.221160316,-0.012530538,-6.617304,45.97237,55.827545,8.923952,-2.4393983,-0.14372528
10.85000057,3.0253456,-1.4700283,-1.3125837,-1.1407877,1.2518909,-0.28573298,0.5548383,0.66955423,-0.33717674,0.3415955,0.48102173,1.128335,-0.482934645,3.774343465,5.219104284,0.874400543,-0.222742352,-0.009405709,-0.482934645,3.774343465,5.219104284,0.874400543,-0.222742352,-0.009405709,-7.181238,50.047794,58.08863,9.286134,-2.4568481,-0.10788348
10.85000057,3.0253456,-1.4700283,-1.3125837,-1.1407877,1.2518909,-0.28573298,0.5548383,0.66955423,-0.33717674,0.3415955,0.48102173,1.128335,-0.482934645,3.774343465,5.219104284,0.874400543,-0.222742352,-0.009405709,-0.482934645,3.774343465,5.219104284,0.874400543,-0.222742352,-0.009405709,-7.181238,50.047794,58.08863,9.286134,-2.4568481,-0.10788348
10.86666723,3.0342462,-1.4591173,-1.3183247,-1.135162,1.2599459,-0.26662517,0.5332137,0.6619229,-0.32540694,0.33920863,0.48322478,1.1464549,-0.469259328,3.658658311,5.205267866,0.874385187,-0.21760535,-0.00985382,-0.469259328,3.658658311,5.205267866,0.874385187,-0.21760535,-0.00985382,-6.977886,48.51381,57.93463,9.285971,-2.400187,-0.11302331
10.86666723,3.0342462,-1.4591173,-1.3183247,-1.135162,1.2599459,-0.26662517,0.5332137,0.6619229,-0.32540694,0.33920863,0.48322478,1.1464549,-0.469259328,3.658658311,5.205267866,0.874385187,-0.21760535,-0.00985382,-0.469259328,3.658658311,5.205267866,0.874385187,-0.21760535,-0.00985382,-6.977886,48.51381,57.93463,9.285971,-2.400187,-0.11302331
10.8833339,3.0428133,-1.4484454,-1.323861,-1.1296436,1.2678857,-0.24768353,0.5137046,0.647376,-0.31397623,0.3325603,0.4763234,1.1367246,-0.379275185,3.165482396,4.994187265,0.842797644,-0.201928691,-0.013803357,-0.379275185,3.165482396,4.994187265,0.842797644,-0.201928691,-0.013803357,-5.639822,41.974297,55.585304,8.950511,-2.2272735,-0.15832451
10.8833339,3.0428133,-1.4484454,-1.323861,-1.1296436,1.2678857,-0.24768353,0.5137046,0.647376,-0.31397623,0.3325603,0.4763234,1.1367246,-0.379275185,3.165482396,4.994187265,0.842797644,-0.201928691,-0.013803357,-0.379275185,3.165482396,4.994187265,0.842797644,-0.201928691,-0.013803357,-5.639822,41.974297,55.585304,8.950511,-2.2272735,-0.15832451
10.90000057,3.051017,-1.4379104,-1.3292109,-1.1241637,1.2758528,-0.22844344,0.49163935,0.6393288,-0.30210984,0.3302776,0.4779717,1.1545047,-0.436279128,3.454075751,5.18858602,0.875808604,-0.206219015,-0.010607369,-0.436279128,3.454075751,5.18858602,0.875808604,-0.206219015,-0.010607369,-6.4874706,45.801044,57.748962,9.301087,-2.2745957,-0.12166652
10.90000057,3.051017,-1.4379104,-1.3292109,-1.1241637,1.2758528,-0.22844344,0.49163935,0.6393288,-0.30210984,0.3302776,0.4779717,1.1545047,-0.436279128,3.454075751,5.18858602,0.875808604,-0.206219015,-0.010607369,-0.436279128,3.454075751,5.18858602,0.875808604,-0.206219015,-0.010607369,-6.4874706,45.801044,57.748962,9.301087,-2.2745957,-0.12166652
10.91666724,3.0588455,-1.4275159,-1.3343592,-1.1187204,1.2838391,-0.20891593,0.46909693,0.630778,-0.2900668,0.32795167,0.47907072,1.1716268,-0.423303,3.343094528,5.173957187,0.875382055,-0.201106396,-0.011023216,-0.423303,3.343094528,5.173957187,0.875382055,-0.201106396,-0.011023216,-6.2945156,44.329433,57.586143,9.296557,-2.2182035,-0.1264363
10.9333339,3.06635,-1.4173598,-1.3393108,-1.113381,1.2917018,-0.18956994,0.45018017,0.6162812,-0.27908748,0.32151285,0.4716829,1.1609839,-0.320240885,2.879052141,4.970205398,0.844115097,-0.183086707,-0.014950687,-0.320240885,2.879052141,4.970205398,0.844115097,-0.183086707,-0.014950687,-4.761982,38.17623,55.318386,8.964502,-2.0194464,-0.17148438
10.9333339,3.06635,-1.4173598,-1.3393108,-1.113381,1.2917018,-0.18956994,0.45018017,0.6162812,-0.27908748,0.32151285,0.4716829,1.1609839,-0.320240885,2.879052141,4.970205398,0.844115097,-0.183086707,-0.014950687,-0.320240885,2.879052141,4.970205398,0.844115097,-0.183086707,-0.014950687,-4.761982,38.17623,55.318386,8.964502,-2.0194464,-0.17148438
10.95000057,3.0734766,-1.407356,-1.3440715,-1.1080799,1.2995735,-0.16994266,0.42719012,0.6073194,-0.26698342,0.3193011,0.4722077,1.1777321,-0.393800537,3.148106824,5.155496863,0.875946357,-0.19005376,-0.011700914,-0.393800537,3.148106824,5.155496863,0.875946357,-0.19005376,-0.011700914,-5.855814,41.743896,57.38068,9.30255,-2.096293,-0.13420948
10.95000057,3.0734766,-1.407356,-1.3440715,-1.1080799,1.2995735,-0.16994266,0.42719012,0.6073194,-0.26698342,0.3193011,0.4722077,1.1777321,-0.393800537,3.148106824,5.155496863,0.875946357,-0.19005376,-0.011700914,-0.393800537,3.148106824,5.155496863,0.875946357,-0.19005376,-0.011700914,-5.855814,41.743896,57.38068,9.30255,-2.096293,-0.13420948
10.95000057,3.0734766,-1.407356,-1.3440715,-1.1080799,1.2995735,-0.16994266,0.42719012,0.6073194,-0.26698342,0.3193011,0.4722077,1.1777321,-0.393800537,3.148106824,5.155496863,0.875946357,-0.19005376,-0.011700914,-0.393800537,3.148106824,5.155496863,0.875946357,-0.19005376,-0.011700914,-5.855814,41.743896,57.38068,9.30255,-2.096293,-0.13420948
10.96666724,3.0802126,-1.3975077,-1.3486271,-1.1028146,1.3074455,-0.15004562,0.40374276,0.5978693,-0.25474024,0.31705642,0.4721723,1.1937933,-0.38167393,3.042146271,5.140117429,0.875112835,-0.185020296,-0.012078957,-0.38167393,3.042146271,5.140117429,0.875112835,-0.185020296,-0.012078957,-5.6754913,40.33886,57.209507,9.293698,-2.0407739,-0.13854563
10.98333391,3.0866337,-1.3878968,-1.352994,-1.0976491,1.3151858,-0.13034508,0.3854442,0.58346134,-0.24424914,0.31083354,0.46432957,1.1822554,-0.267739158,2.608290337,4.944073522,0.844267937,-0.164788091,-0.0159573,-0.267739158,2.608290337,4.944073522,0.844267937,-0.164788091,-0.0159573,-3.9812813,34.58593,55.02754,8.9661255,-1.8176126,-0.18303023
10.98333391,3.0866337,-1.3878968,-1.352994,-1.0976491,1.3151858,-0.13034508,0.3854442,0.58346134,-0.24424914,0.31083354,0.46432957,1.1822554,-0.267739158,2.608290337,4.944073522,0.844267937,-0.164788091,-0.0159573,-0.267739158,2.608290337,4.944073522,0.844267937,-0.164788091,-0.0159573,-3.9812813,34.58593,55.02754,8.9661255,-1.8176126,-0.18303023
11.00000057,3.0926633,-1.3784523,-1.3571674,-1.09252,1.3229164,-0.110381424,0.3615443,0.5736052,-0.23198262,0.30871236,0.4637057,1.1979109,-0.355553002,2.856925458,5.119810764,0.87481021,-0.174386266,-0.012672505,-0.355553002,2.856925458,5.119810764,0.87481021,-0.174386266,-0.012672505,-5.287073,37.88283,56.983494,9.290484,-1.9234805,-0.14535363
11.00000057,3.0926633,-1.3784523,-1.3571674,-1.09252,1.3229164,-0.110381424,0.3615443,0.5736052,-0.23198262,0.30871236,0.4637057,1.1979109,-0.355553002,2.856925458,5.119810764,0.87481021,-0.174386266,-0.012672505,-0.355553002,2.856925458,5.119810764,0.87481021,-0.174386266,-0.012672505,-5.287073,37.88283,56.983494,9.290484,-1.9234805,-0.14535363
11.01666724,3.0982873,-1.369178,-1.3611337,-1.0874258,1.330628,-0.09016663,0.33720475,0.56327635,-0.21961357,0.3065638,0.46251523,1.2128514,-0.344384943,2.756129706,5.103666335,0.873568098,-0.169485132,-0.013007215,-0.344384943,2.756129706,5.103666335,0.873568098,-0.169485132,-0.013007215,-5.121004,36.54628,56.803806,9.277293,-1.869421,-0.14919275
11.03333391,3.103606,-1.3601396,-1.3649205,-1.0824283,1.3382006,-0.070162944,0.31955066,0.548995,-0.209644,0.30055788,0.45425317,1.2004402,-0.221416753,2.353566229,4.915879722,0.843280947,-0.147162582,-0.01681166,-0.221416753,2.353566229,4.915879722,0.843280947,-0.147162582,-0.01681166,-3.292467,31.208288,54.71374,8.955644,-1.6232033,-0.19282974
11.03333391,3.103606,-1.3601396,-1.3649205,-1.0824283,1.3382006,-0.070162944,0.31955066,0.548995,-0.209644,0.30055788,0.45425317,1.2004402,-0.221416753,2.353566229,4.915879722,0.843280947,-0.147162582,-0.01681166,-0.221416753,2.353566229,4.915879722,0.843280947,-0.147162582,-0.01681166,-3.292467,31.208288,54.71374,8.955644,-1.6232033,-0.19282974
11.03333391,3.103606,-1.3601396,-1.3649205,-1.0824283,1.3382006,-0.070162944,0.31955066,0.548995,-0.209644,0.30055788,0.45425317,1.2004402,-0.221416753,2.353566229,4.915879722,0.843280947,-0.147162582,-0.01681166,-0.221416753,2.353566229,4.915879722,0.843280947,-0.147162582,-0.01681166,-3.292467,31.208288,54.71374,8.955644,-1.6232033,-0.19282974
11.05000058,3.1085184,-1.3512815,-1.3685113,-1.0774665,1.3457444,-0.04991527,0.29475474,0.5382666,-0.19728751,0.2985401,0.45246392,1.2149473,-0.321508175,2.580916288,5.081581191,0.872419469,-0.159353401,-0.013509119,-0.321508175,2.580916288,5.081581191,0.872419469,-0.159353401,-0.013509119,-4.7808266,34.22295,56.558,9.265095,-1.757668,-0.15494959
11.05000058,3.1085184,-1.3512815,-1.3685113,-1.0774665,1.3457444,-0.04991527,0.29475474,0.5382666,-0.19728751,0.2985401,0.45246392,1.2149473,-0.321508175,2.580916288,5.081581191,0.872419469,-0.159353401,-0.013509119,-0.321508175,2.580916288,5.081581191,0.872419469,-0.159353401,-0.013509119,-4.7808266,34.22295,56.558,9.265095,-1.757668,-0.15494959
11.06666724,3.1130104,-1.3426083,-1.3718941,-1.0725362,1.35325,-0.029435981,0.2695428,0.52708226,-0.18486777,0.29650506,0.45010546,1.2287139,-0.311270575,2.485366752,5.064663197,0.870769846,-0.154617993,-0.013796877,-0.311270575,2.485366752,5.064663197,0.870769846,-0.154617993,-0.013796877,-4.6285934,32.955963,56.3697,9.247576,-1.7054365,-0.15825018
11.08333391,3.1172087,-1.3341688,-1.3751074,-1.0676998,1.36061,-0.009181973,0.25256193,0.512966,-0.17545179,0.2907141,0.44146234,1.2154573,-0.180842304,2.115248052,4.885809077,0.841201272,-0.130326469,-0.017504823,-0.180842304,2.115248052,4.885809077,0.841201272,-0.130326469,-0.017504823,-2.689125,28.04819,54.379055,8.9335575,-1.437501,-0.20078032
11.08333391,3.1172087,-1.3341688,-1.3751074,-1.0676998,1.36061,-0.009181973,0.25256193,0.512966,-0.17545179,0.2907141,0.44146234,1.2154573,-0.180842304,2.115248052,4.885809077,0.841201272,-0.130326469,-0.017504823,-0.180842304,2.115248052,4.885809077,0.841201272,-0.130326469,-0.017504823,-2.689125,28.04819,54.379055,8.9335575,-1.437501,-0.20078032
11.10000058,3.1209867,-1.3259231,-1.3781242,-1.0628961,1.3679211,0.011296092,0.22688721,0.5013911,-0.16308089,0.28881112,0.43849754,1.2287656,-0.291515856,2.320435612,5.040903426,0.868800355,-0.14507455,-0.014202256,-0.291515856,2.320435612,5.040903426,0.868800355,-0.14507455,-0.014202256,-4.334841,30.768976,56.105255,9.22666,-1.6001723,-0.16289988
11.10000058,3.1209867,-1.3259231,-1.3781242,-1.0628961,1.3679211,0.011296092,0.22688721,0.5013911,-0.16308089,0.28881112,0.43849754,1.2287656,-0.291515856,2.320435612,5.040903426,0.868800355,-0.14507455,-0.014202256,-0.291515856,2.320435612,5.040903426,0.868800355,-0.14507455,-0.014202256,-4.334841,30.768976,56.105255,9.22666,-1.6001723,-0.16289988
11.11666725,3.1243289,-1.3178768,-1.3809332,-1.0581231,1.3751737,0.031985477,0.20081991,0.4893781,-0.15068331,0.28689456,0.43496478,1.2413132,-0.282228338,2.230270524,5.023271504,0.866757499,-0.140550498,-0.014439584,-0.282228338,2.230270524,5.023271504,0.866757499,-0.140550498,-0.014439584,-4.1967354,29.573387,55.90901,9.204965,-1.550272,-0.16562203
11.11666725,3.1243289,-1.3178768,-1.3809332,-1.0581231,1.3751737,0.031985477,0.20081991,0.4893781,-0.15068331,0.28689456,0.43496478,1.2413132,-0.282228338,2.230270524,5.023271504,0.866757499,-0.140550498,-0.014439584,-0.282228338,2.230270524,5.023271504,0.866757499,-0.140550498,-0.014439584,-4.1967354,29.573387,55.90901,9.204965,-1.550272,-0.16562203
11.13333391,3.1273887,-1.3100605,-1.3835824,-1.0534407,1.3822758,0.05243594,0.18453918,0.47546613,-0.14184715,0.2813172,0.42598614,1.2272412,-0.145586497,1.893811636,4.854214266,0.838110092,-0.114391764,-0.018030849,-0.145586497,1.893811636,4.854214266,0.838110092,-0.114391764,-0.018030849,-2.1648712,25.111942,54.027405,8.900729,-1.2617412,-0.20681384
11.13333391,3.1273887,-1.3100605,-1.3835824,-1.0534407,1.3822758,0.05243594,0.18453918,0.47546613,-0.14184715,0.2813172,0.42598614,1.2272412,-0.145586497,1.893811636,4.854214266,0.838110092,-0.114391764,-0.018030849,-0.145586497,1.893811636,4.854214266,0.838110092,-0.114391764,-0.018030849,-2.1648712,25.111942,54.027405,8.900729,-1.2617412,-0.20681384
11.15000058,3.1300144,-1.3024521,-1.3860356,-1.0487897,1.3893089,0.07308977,0.15800837,0.46307126,-0.12953593,0.2795375,0.42184365,1.2393064,-0.265310271,2.075645539,4.997878576,0.863991394,-0.131651865,-0.014745372,-0.265310271,2.075645539,4.997878576,0.863991394,-0.131651865,-0.014745372,-3.9451637,27.52306,55.62639,9.175589,-1.4521201,-0.16912942
11.15000058,3.1300144,-1.3024521,-1.3860356,-1.0487897,1.3893089,0.07308977,0.15800837,0.46307126,-0.12953593,0.2795375,0.42184365,1.2393064,-0.265310271,2.075645539,4.997878576,0.863991394,-0.131651865,-0.014745372,-0.265310271,2.075645539,4.997878576,0.863991394,-0.131651865,-0.014745372,-3.9451637,27.52306,55.62639,9.175589,-1.4521201,-0.16912942
11.16666725,3.1321914,-1.295056,-1.3882824,-1.0441667,1.3962656,0.09393394,0.13110837,0.45025995,-0.11723584,0.27774808,0.41713998,1.2505939,-0.25698438,1.991134028,4.979668109,0.861582603,-0.127381837,-0.014930563,-0.25698438,1.991134028,4.979668109,0.861582603,-0.127381837,-0.014930563,-3.8213577,26.402437,55.423706,9.150007,-1.4050217,-0.17125356
11.18333392,3.1340978,-1.2878864,-1.3903804,-1.0396311,1.4030663,0.11452616,0.11555294,0.43658912,-0.1090049,0.27238116,0.40786725,1.2357413,-0.115180513,1.689440668,4.821319786,0.834074218,-0.099457034,-0.018386716,-0.115180513,1.689440668,4.821319786,0.834074218,-0.099457034,-0.018386716,-1.7127342,22.401983,53.66129,8.857868,-1.0970111,-0.21089563
11.18333392,3.1340978,-1.2878864,-1.3903804,-1.0396311,1.4030663,0.11452616,0.11555294,0.43658912,-0.1090049,0.27238116,0.40786725,1.2357413,-0.115180513,1.689440668,4.821319786,0.834074218,-0.099457034,-0.018386716,-0.115180513,1.689440668,4.821319786,0.834074218,-0.099457034,-0.018386716,-1.7127342,22.401983,53.66129,8.857868,-1.0970111,-0.21089563
11.20000058,3.1355565,-1.2809367,-1.3922842,-1.0351243,1.4097786,0.13530046,0.08818691,0.42340535,-0.096826255,0.27072844,0.4025522,1.246528,-0.242701712,1.846991693,4.95282162,0.858068466,-0.119193943,-0.015135368,-0.242701712,1.846991693,4.95282162,0.858068466,-0.119193943,-0.015135368,-3.6089745,24.49111,55.124905,9.112687,-1.3147092,-0.17360267
11.20000058,3.1355565,-1.2809367,-1.3922842,-1.0351243,1.4097786,0.13530046,0.08818691,0.42340535,-0.096826255,0.27072844,0.4025522,1.246528,-0.242701712,1.846991693,4.95282162,0.858068466,-0.119193943,-0.015135368,-0.242701712,1.846991693,4.95282162,0.858068466,-0.119193943,-0.015135368,-3.6089745,24.49111,55.124905,9.112687,-1.3147092,-0.17360267
11.20000058,3.1355565,-1.2809367,-1.3922842,-1.0351243,1.4097786,0.13530046,0.08818691,0.42340535,-0.096826255,0.27072844,0.4025522,1.246528,-0.242701712,1.846991693,4.95282162,0.858068466,-0.119193943,-0.015135368,-0.242701712,1.846991693,4.95282162,0.858068466,-0.119193943,-0.015135368,-3.6089745,24.49111,55.124905,9.112687,-1.3147092,-0.17360267
11.21666725,3.1365516,-1.274212,-1.3939846,-1.0306438,1.4163927,0.15624353,0.060478408,0.40982485,-0.08469512,0.26906946,0.39668396,1.2565218,-0.235252919,1.768073058,4.934055229,0.855309635,-0.115207013,-0.015266829,-0.235252919,1.768073058,4.934055229,0.855309635,-0.115207013,-0.015266829,-3.498211,23.444649,54.916035,9.083388,-1.2707334,-0.17511053
11.23333392,3.1372886,-1.2677101,-1.3955469,-1.0262483,1.4228477,0.17692229,0.045677617,0.39643142,-0.07708834,0.26390496,0.38717142,1.2409266,-0.089069718,1.50241521,4.787534524,0.829193956,-0.085587514,-0.018573101,-0.089069718,1.50241521,4.787534524,0.829193956,-0.085587514,-0.018573101,-1.3244667,19.922026,53.28526,8.80604,-0.9440303,-0.21303347
11.23333392,3.1372886,-1.2677101,-1.3955469,-1.0262483,1.4228477,0.17692229,0.045677617,0.39643142,-0.07708834,0.26390496,0.38717142,1.2409266,-0.089069718,1.50241521,4.787534524,0.829193956,-0.085587514,-0.018573101,-0.089069718,1.50241521,4.787534524,0.829193956,-0.085587514,-0.018573101,-1.3244667,19.922026,53.28526,8.80604,-0.9440303,-0.21303347
11.25000059,3.1375654,-1.261441,-1.3969182,-1.02188,1.4291947,0.19776128,0.01750665,0.38249052,-0.06511405,0.2623832,0.3806988,1.2504041,-0.223316534,1.634602525,4.905976247,0.851106644,-0.107771315,-0.015371518,-0.223316534,1.634602525,4.905976247,0.851106644,-0.107771315,-0.015371518,-3.3207169,21.67483,54.603516,9.038753,-1.1887176,-0.17631131
11.25000059,3.1375654,-1.261441,-1.3969182,-1.02188,1.4291947,0.19776128,0.01750665,0.38249052,-0.06511405,0.2623832,0.3806988,1.2504041,-0.223316534,1.634602525,4.905976247,0.851106644,-0.107771315,-0.015371518,-0.223316534,1.634602525,4.905976247,0.851106644,-0.107771315,-0.015371518,-3.3207169,21.67483,54.603516,9.038753,-1.1887176,-0.17631131
11.26666725,3.1373653,-1.2554088,-1.3980901,-1.0175352,1.4354268,0.21874706,-0.010981053,0.36817676,-0.05322145,0.2608573,0.37368655,1.2590774,-0.216739452,1.56160602,4.886882881,0.848047073,-0.10410624,-0.015450207,-0.216739452,1.56160602,4.886882881,0.848047073,-0.10410624,-0.015450207,-3.2229156,20.706896,54.391006,9.00626,-1.1482918,-0.17721388
11.28333392,3.1369214,-1.2495949,-1.3991348,-1.0132722,1.4414954,0.23945685,-0.02500017,0.3550987,-0.046256077,0.2558903,0.36397836,1.2427831,-0.066836215,1.333214255,4.753349284,0.823592242,-0.07286182,-0.01859382,-0.066836215,1.333214255,4.753349284,0.823592242,-0.07286182,-0.01859382,-0.9938545,17.678421,52.904778,8.74655,-0.8036659,-0.21327111
11.28333392,3.1369214,-1.2495949,-1.3991348,-1.0132722,1.4414954,0.23945685,-0.02500017,0.3550987,-0.046256077,0.2558903,0.36397836,1.2427831,-0.066836215,1.333214255,4.753349284,0.823592242,-0.07286182,-0.01859382,-0.066836215,1.333214255,4.753349284,0.823592242,-0.07286182,-0.01859382,-0.9938545,17.678421,52.904778,8.74655,-0.8036659,-0.21327111
11.28333392,3.1369214,-1.2495949,-1.3991348,-1.0132722,1.4414954,0.23945685,-0.02500017,0.3550987,-0.046256077,0.2558903,0.36397836,1.2427831,-0.066836215,1.333214255,4.753349284,0.823592242,-0.07286182,-0.01859382,-0.066836215,1.333214255,4.753349284,0.823592242,-0.07286182,-0.01859382,-0.9938545,17.678421,52.904778,8.74655,-0.8036659,-0.21327111
11.30000059,3.1360044,-1.2440256,-1.3999921,-1.0090334,1.4474375,0.26030466,-0.053949602,0.34043676,-0.03455568,0.25449646,0.3563675,1.2509274,-0.206948481,1.438951852,4.857752372,0.843210364,-0.097472108,-0.015457454,-0.206948481,1.438951852,4.857752372,0.843210364,-0.097472108,-0.015457454,-3.077324,19.080502,54.066784,8.954894,-1.0751173,-0.177297
11.30000059,3.1360044,-1.2440256,-1.3999921,-1.0090334,1.4474375,0.26030466,-0.053949602,0.34043676,-0.03455568,0.25449646,0.3563675,1.2509274,-0.206948481,1.438951852,4.857752372,0.843210364,-0.097472108,-0.015457454,-0.206948481,1.438951852,4.857752372,0.843210364,-0.097472108,-0.015457454,-3.077324,19.080502,54.066784,8.954894,-1.0751173,-0.177297
11.31666726,3.1345987,-1.2387047,-1.4006547,-1.0048171,1.4532453,0.2812769,-0.08318569,0.3254263,-0.022971286,0.2530973,0.34823155,1.2582607,-0.201149474,1.37192998,4.838422174,0.839878431,-0.094150459,-0.015483798,-0.201149474,1.37192998,4.838422174,0.839878431,-0.094150459,-0.015483798,-2.9910927,18.191792,53.85164,8.919509,-1.0384796,-0.17759916
11.33333392,3.1329618,-1.2335958,-1.4012026,-1.0006791,1.4588869,0.3019623,-0.09639868,0.31270096,-0.016663475,0.24831928,0.3383836,1.2413123,-0.04803004,1.182162744,4.719196604,0.817382672,-0.061327116,-0.018454876,-0.04803004,1.182162744,4.719196604,0.817382672,-0.061327116,-0.018454876,-0.7142067,15.675478,52.52466,8.680604,-0.6764381,-0.21167743
11.33333392,3.1329618,-1.2335958,-1.4012026,-1.0006791,1.4588869,0.3019623,-0.09639868,0.31270096,-0.016663475,0.24831928,0.3383836,1.2413123,-0.04803004,1.182162744,4.719196604,0.817382672,-0.061327116,-0.018454876,-0.04803004,1.182162744,4.719196604,0.817382672,-0.061327116,-0.018454876,-0.7142067,15.675478,52.52466,8.680604,-0.6764381,-0.21167743
11.35000059,3.1308389,-1.2287428,-1.4015679,-0.99656355,1.4643835,0.3227633,-0.1260899,0.29735383,-0.005303921,0.24704859,0.32966372,1.248108,-0.193215827,1.260222353,4.808515016,0.834485142,-0.088338428,-0.015397792,-0.193215827,1.260222353,4.808515016,0.834485142,-0.088338428,-0.015397792,-2.8731194,16.710548,53.518772,8.862232,-0.97437286,-0.17661268
11.35000059,3.1308389,-1.2287428,-1.4015679,-0.99656355,1.4643835,0.3227633,-0.1260899,0.29735383,-0.005303921,0.24704859,0.32966372,1.248108,-0.193215827,1.260222353,4.808515016,0.834485142,-0.088338428,-0.015397792,-0.193215827,1.260222353,4.808515016,0.834485142,-0.088338428,-0.015397792,-2.8731194,16.710548,53.518772,8.862232,-0.97437286,-0.17661268
11.36666726,3.1282158,-1.2241497,-1.4017448,-0.9924685,1.4697273,0.34366614,-0.1560365,0.2816837,0.005907101,0.2457723,0.3204376,1.2540879,-0.188139997,1.199342331,4.78913135,0.830927272,-0.085385064,-0.015374291,-0.188139997,1.199342331,4.78913135,0.830927272,-0.085385064,-0.015374291,-2.7976418,15.903279,53.303032,8.824448,-0.94179726,-0.17634311
11.36666726,3.1282158,-1.2241497,-1.4017448,-0.9924685,1.4697273,0.34366614,-0.1560365,0.2816837,0.005907101,0.2457723,0.3204376,1.2540879,-0.188139997,1.199342331,4.78913135,0.830927272,-0.085385064,-0.015374291,-0.188139997,1.199342331,4.78913135,0.830927272,-0.085385064,-0.015374291,-2.7976418,15.903279,53.303032,8.824448,-0.94179726,-0.17634311
11.38333393,3.1253746,-1.2197622,-1.401819,-0.9884498,1.4749064,0.364272,-0.16841179,0.26934612,0.011549493,0.24117264,0.31050593,1.2365341,-0.03216249,1.049603596,4.685649889,0.810711263,-0.051007483,-0.018165607,-0.03216249,1.049603596,4.685649889,0.810711263,-0.051007483,-0.018165607,-0.47825623,13.917744,52.151283,8.609754,-0.56261253,-0.20835951
11.38333393,3.1253746,-1.2197622,-1.401819,-0.9884498,1.4749064,0.364272,-0.16841179,0.26934612,0.011549493,0.24117264,0.31050593,1.2365341,-0.03216249,1.049603596,4.685649889,0.810711263,-0.051007483,-0.018165607,-0.03216249,1.049603596,4.685649889,0.810711263,-0.051007483,-0.018165607,-0.47825623,13.917744,52.151283,8.609754,-0.56261253,-0.20835951
11.40000059,3.1220372,-1.215641,-1.4017165,-0.98445123,1.4799213,0.38497084,-0.19880411,0.2533542,0.022504607,0.24001917,0.3007069,1.2419703,-0.181877429,1.098967246,4.758830726,0.82507358,-0.08042211,-0.015201627,-0.181877429,1.098967246,4.758830726,0.82507358,-0.08042211,-0.015201627,-2.7045174,14.572306,52.965786,8.762281,-0.8870559,-0.17436266
11.40000059,3.1220372,-1.215641,-1.4017165,-0.98445123,1.4799213,0.38497084,-0.19880411,0.2533542,0.022504607,0.24001917,0.3007069,1.2419703,-0.181877429,1.098967246,4.758830726,0.82507358,-0.08042211,-0.015201627,-0.181877429,1.098967246,4.758830726,0.82507358,-0.08042211,-0.015201627,-2.7045174,14.572306,52.965786,8.762281,-0.8870559,-0.17436266
11.41666726,3.1181877,-1.2117901,-1.4014329,-0.9804714,1.4847652,0.40574884,-0.22942084,0.23706542,0.03327929,0.23885879,0.2904274,1.2465917,-0.177485268,1.04440341,4.739566333,0.821336829,-0.077857608,-0.015130371,-0.177485268,1.04440341,4.739566333,0.821336829,-0.077857608,-0.015130371,-2.639206,13.848789,52.751373,8.722597,-0.8587694,-0.17354536
11.43333393,3.1141357,-1.2081382,-1.4010586,-0.97656465,1.4894418,0.4262207,-0.24092901,0.2251501,0.038250793,0.23442721,0.28046584,1.2284847,-0.018894937,0.936028321,4.653280829,0.803725913,-0.041931235,-0.017736134,-0.018894937,0.936028321,4.653280829,0.803725913,-0.041931235,-0.017736134,-0.2809677,12.411736,51.791016,8.535569,-0.46250153,-0.20343345
11.43333393,3.1141357,-1.2081382,-1.4010586,-0.97656465,1.4894418,0.4262207,-0.24092901,0.2251501,0.038250793,0.23442721,0.28046584,1.2284847,-0.018894937,0.936028321,4.653280829,0.803725913,-0.041931235,-0.017736134,-0.018894937,0.936028321,4.653280829,0.803725913,-0.041931235,-0.017736134,-0.2809677,12.411736,51.791016,8.535569,-0.46250153,-0.20343345
11.4500006,3.1095757,-1.2047623,-1.4005142,-0.97267634,1.4939384,0.44676268,-0.27198163,0.20855536,0.048739962,0.233381,0.26963854,1.23256,-0.17271369,0.955662936,4.709212585,0.81511352,-0.073755079,-0.01487786,-0.17271369,0.955662936,4.709212585,0.81511352,-0.073755079,-0.01487786,-2.5682526,12.672091,52.413536,8.656506,-0.8135185,-0.17064905
11.4500006,3.1095757,-1.2047623,-1.4005142,-0.97267634,1.4939384,0.44676268,-0.27198163,0.20855536,0.048739962,0.233381,0.26963854,1.23256,-0.17271369,0.955662936,4.709212585,0.81511352,-0.073755079,-0.01487786,-0.17271369,0.955662936,4.709212585,0.81511352,-0.073755079,-0.01487786,-2.5682526,12.672091,52.413536,8.656506,-0.8135185,-0.17064905
11.4500006,3.1095757,-1.2047623,-1.4005142,-0.97267634,1.4939384,0.44676268,-0.27198163,0.20855536,0.048739962,0.233381,0.26963854,1.23256,-0.17271369,0.955662936,4.709212585,0.81511352,-0.073755079,-0.01487786,-0.17271369,0.955662936,4.709212585,0.81511352,-0.073755079,-0.01487786,-2.5682526,12.672091,52.413536,8.656506,-0.8135185,-0.17064905
11.46666726,3.1044939,-1.2016661,-1.3997973,-0.9688051,1.498248,0.46736133,-0.3032225,0.19169118,0.059019648,0.23232374,0.2583534,1.2358233,-0.168941064,0.907620837,4.690280308,0.811251768,-0.071593814,-0.014763535,-0.168941064,0.907620837,4.690280308,0.811251768,-0.071593814,-0.014763535,-2.5121536,12.035052,52.20282,8.615494,-0.78967977,-0.16933775
11.48333393,3.0992255,-1.198763,-1.3990021,-0.96500427,1.5023907,0.4876455,-0.3138352,0.18023157,0.063317865,0.22804786,0.24841915,1.2172172,-0.007925438,0.841974673,4.622692646,0.796578923,-0.034110501,-0.017180174,-0.007925438,0.841974673,4.622692646,0.796578923,-0.034110501,-0.017180174,-0.11785126,11.164584,51.45057,8.459668,-0.37623882,-0.19705659
11.48333393,3.0992255,-1.198763,-1.3990021,-0.96500427,1.5023907,0.4876455,-0.3138352,0.18023157,0.063317865,0.22804786,0.24841915,1.2172172,-0.007925438,0.841974673,4.622692646,0.796578923,-0.034110501,-0.017180174,-0.007925438,0.841974673,4.622692646,0.796578923,-0.034110501,-0.017180174,-0.11785126,11.164584,51.45057,8.459668,-0.37623882,-0.19705659
11.5000006,3.0934389,-1.1961434,-1.3980443,-0.96121985,1.5063376,0.50797725,-0.34550032,0.16307977,0.073284954,0.22709563,0.23660864,1.2199358,-0.165550422,0.831019501,4.660337162,0.80477217,-0.068362172,-0.014439955,-0.165550422,0.831019501,4.660337162,0.80477217,-0.068362172,-0.014439955,-2.4617348,11.019319,51.869553,8.54668,-0.75403476,-0.16562629
11.5000006,3.0934389,-1.1961434,-1.3980443,-0.96121985,1.5063376,0.50797725,-0.34550032,0.16307977,0.073284954,0.22709563,0.23660864,1.2199358,-0.165550422,0.831019501,4.660337162,0.80477217,-0.068362172,-0.014439955,-0.165550422,0.831019501,4.660337162,0.80477217,-0.068362172,-0.014439955,-2.4617348,11.019319,51.869553,8.54668,-0.75403476,-0.16562629
11.51666727,3.08712,-1.1938131,-1.3969231,-0.9574514,1.5100805,0.528343,-0.37731698,0.14568391,0.08301467,0.22612722,0.22436753,1.221848,-0.162360647,0.789586739,4.641882664,0.800829149,-0.066616594,-0.014285945,-0.162360647,0.789586739,4.641882664,0.800829149,-0.066616594,-0.014285945,-2.4143028,10.46992,51.664154,8.504806,-0.734781,-0.16385978
11.53333393,3.0806305,-1.1916671,-1.3957359,-0.95375144,1.5136583,0.54838717,-0.38700384,0.13471434,0.086641304,0.22199441,0.21452,1.2028016,0.000990744,0.768148557,4.594581446,0.789444056,-0.027539443,-0.016511287,0.000990744,0.768148557,4.594581446,0.789444056,-0.027539443,-0.016511287,0.014732361,10.18565,51.13769,8.383896,-0.30376005,-0.18938446
11.53333393,3.0806305,-1.1916671,-1.3957359,-0.95375144,1.5136583,0.54838717,-0.38700384,0.13471434,0.086641304,0.22199441,0.21452,1.2028016,0.000990744,0.768148557,4.594581446,0.789444056,-0.027539443,-0.016511287,0.000990744,0.768148557,4.594581446,0.789444056,-0.027539443,-0.016511287,0.014732361,10.18565,51.13769,8.383896,-0.30376005,-0.18938446
11.53333393,3.0806305,-1.1916671,-1.3957359,-0.95375144,1.5136583,0.54838717,-0.38700384,0.13471434,0.086641304,0.22199441,0.21452,1.2028016,0.000990744,0.768148557,4.594581446,0.789444056,-0.027539443,-0.016511287,0.000990744,0.768148557,4.594581446,0.789444056,-0.027539443,-0.016511287,0.014732361,10.18565,51.13769,8.383896,-0.30376005,-0.18938446
11.5500006,3.073613,-1.1898146,-1.3943949,-0.95006686,1.5170251,0.5684563,-0.41922668,0.11704805,0.096033074,0.22112142,0.20178209,1.2041744,-0.160196762,0.725385111,4.61268772,0.794187284,-0.064243669,-0.01390026,-0.160196762,0.725385111,4.61268772,0.794187284,-0.064243669,-0.01390026,-2.3821259,9.618607,51.339214,8.434269,-0.7086077,-0.15943599
11.5500006,3.073613,-1.1898146,-1.3943949,-0.95006686,1.5170251,0.5684563,-0.41922668,0.11704805,0.096033074,0.22112142,0.20178209,1.2041744,-0.160196762,0.725385111,4.61268772,0.794187284,-0.064243669,-0.01390026,-0.160196762,0.725385111,4.61268772,0.794187284,-0.064243669,-0.01390026,-2.3821259,9.618607,51.339214,8.434269,-0.7086077,-0.15943599
11.56666727,3.0660558,-1.188259,-1.3929002,-0.9463963,1.5201725,0.5885373,-0.4515609,0.09917009,0.10516256,0.220229,0.18864526,1.2047505,-0.157629345,0.691199267,4.595143197,0.790257553,-0.062923808,-0.013711641,-0.157629345,0.691199267,4.595143197,0.790257553,-0.062923808,-0.013711641,-2.3439484,9.165302,51.143944,8.392535,-0.6940496,-0.15727252
11.58333394,3.0583434,-1.1868793,-1.391352,-0.9427932,1.5231582,0.60829,-0.46029335,0.088722676,0.10812384,0.2162262,0.17894143,1.1853204,0.007998037,0.715264943,4.569628939,0.782490675,-0.022213046,-0.015745053,0.007998037,0.715264943,4.569628939,0.782490675,-0.022213046,-0.015745053,0.11893082,9.484413,50.85997,8.310051,-0.2450099,-0.18059576
11.58333394,3.0583434,-1.1868793,-1.391352,-0.9427932,1.5231582,0.60829,-0.46029335,0.088722676,0.10812384,0.2162262,0.17894143,1.1853204,0.007998037,0.715264943,4.569628939,0.782490675,-0.022213046,-0.015745053,0.007998037,0.715264943,4.569628939,0.782490675,-0.022213046,-0.015745053,0.11893082,9.484413,50.85997,8.310051,-0.2450099,-0.18059576
11.6000006,3.0500944,-1.1858002,-1.3896592,-0.93920314,1.525917,0.62804633,-0.49301496,0.070591874,0.116892144,0.2154176,0.16533688,1.185366,-0.156669129,0.639897414,4.567131735,0.783563603,-0.061404954,-0.013273731,-0.156669129,0.639897414,4.567131735,0.783563603,-0.061404954,-0.013273731,-2.32967,8.48504,50.832176,8.321445,-0.67729664,-0.1522497
11.6000006,3.0500944,-1.1858002,-1.3896592,-0.93920314,1.525917,0.62804633,-0.49301496,0.070591874,0.116892144,0.2154176,0.16533688,1.185366,-0.156669129,0.639897414,4.567131735,0.783563603,-0.061404954,-0.013273731,-0.156669129,0.639897414,4.567131735,0.783563603,-0.061404954,-0.013273731,-2.32967,8.48504,50.832176,8.321445,-0.67729664,-0.1522497
11.61666727,3.0412984,-1.1850258,-1.3878229,-0.935627,1.5284435,0.6477919,-0.5258065,0.052278537,0.12537552,0.21458128,0.15137073,1.1846265,-0.154718683,0.6130604,4.550631884,0.779688381,-0.060515002,-0.013055808,-0.154718683,0.6130604,4.550631884,0.779688381,-0.060515002,-0.013055808,-2.3006668,8.129181,50.648533,8.280291,-0.66748047,-0.14975011
11.61666727,3.0412984,-1.1850258,-1.3878229,-0.935627,1.5284435,0.6477919,-0.5258065,0.052278537,0.12537552,0.21458128,0.15137073,1.1846265,-0.154718683,0.6130604,4.550631884,0.779688381,-0.060515002,-0.013055808,-0.154718683,0.6130604,4.550631884,0.779688381,-0.060515002,-0.013055808,-2.3006668,8.129181,50.648533,8.280291,-0.66748047,-0.14975011
11.63333394,3.0323641,-1.1844187,-1.3859453,-0.9321156,1.5308113,0.6672042,-0.5335525,0.042383946,0.12767981,0.2106969,0.14186847,1.164874,0.013215476,0.684043257,4.548474335,0.775882933,-0.018104681,-0.014896921,0.013215476,0.684043257,4.548474335,0.775882933,-0.018104681,-0.014896921,0.19651413,9.070414,50.62452,8.239877,-0.19969463,-0.17086768
11.63333394,3.0323641,-1.1844187,-1.3859453,-0.9321156,1.5308113,0.6672042,-0.5335525,0.042383946,0.12767981,0.2106969,0.14186847,1.164874,0.013215476,0.684043257,4.548474335,0.775882933,-0.018104681,-0.014896921,0.013215476,0.684043257,4.548474335,0.775882933,-0.018104681,-0.014896921,0.19651413,9.070414,50.62452,8.239877,-0.19969463,-0.17086768
11.65000061,3.0228863,-1.1841176,-1.3839338,-0.92861676,1.5329388,0.6865981,-0.56670856,0.023838472,0.13578063,0.20993188,0.12746696,1.1636151,-0.154988046,0.575303168,4.524303618,0.773063128,-0.059833639,-0.012576003,-0.154988046,0.575303168,4.524303618,0.773063128,-0.059833639,-0.012576003,-2.3046722,7.62852,50.3555,8.20993,-0.65996504,-0.14424676
11.65000061,3.0228863,-1.1841176,-1.3839338,-0.92861676,1.5329388,0.6865981,-0.56670856,0.023838472,0.13578063,0.20993188,0.12746696,1.1636151,-0.154988046,0.575303168,4.524303618,0.773063128,-0.059833639,-0.012576003,-0.154988046,0.575303168,4.524303618,0.773063128,-0.059833639,-0.012576003,-2.3046722,7.62852,50.3555,8.20993,-0.65996504,-0.14424676
11.66666728,3.0128555,-1.1841283,-1.3817908,-0.9251306,1.5348219,0.70595986,-0.5998931,0.00513879,0.14357747,0.20913348,0.11274068,1.1615881,-0.153728452,0.556146253,4.509121603,0.769309405,-0.059381962,-0.01233389,-0.153728452,0.556146253,4.509121603,0.769309405,-0.059381962,-0.01233389,-2.285942,7.3744993,50.186523,8.170066,-0.65498304,-0.14146972
11.68333394,3.0027034,-1.1842971,-1.3796184,-0.92170894,1.5365497,0.72498393,-0.6066239,-0.004174399,0.14524126,0.20535167,0.10349721,1.1415749,0.016598166,0.675423652,4.5318864,0.769802586,-0.015194548,-0.013983,0.016598166,0.675423652,4.5318864,0.769802586,-0.015194548,-0.013983,0.24681473,8.956118,50.439896,8.175303,-0.16759586,-0.16038501
11.68333394,3.0027034,-1.1842971,-1.3796184,-0.92170894,1.5365497,0.72498393,-0.6066239,-0.004174399,0.14524126,0.20535167,0.10349721,1.1415749,0.016598166,0.675423652,4.5318864,0.769802586,-0.015194548,-0.013983,0.016598166,0.675423652,4.5318864,0.769802586,-0.015194548,-0.013983,0.24681473,8.956118,50.439896,8.175303,-0.16759586,-0.16038501
11.70000061,2.9920013,-1.1847777,-1.3773217,-0.91829896,1.5380254,0.7439678,-0.6401466,-0.023084598,0.1526385,0.20461252,0.08837279,1.1390421,-0.155312308,0.53259546,4.484996813,0.762877671,-0.059515373,-0.011821908,-0.155312308,0.53259546,4.484996813,0.762877671,-0.059515373,-0.011821908,-2.309494,7.062216,49.918015,8.101761,-0.65645456,-0.13559729
11.70000061,2.9920013,-1.1847777,-1.3773217,-0.91829896,1.5380254,0.7439678,-0.6401466,-0.023084598,0.1526385,0.20461252,0.08837279,1.1390421,-0.155312308,0.53259546,4.484996813,0.762877671,-0.059515373,-0.011821908,-0.155312308,0.53259546,4.484996813,0.762877671,-0.059515373,-0.011821908,-2.309494,7.062216,49.918015,8.101761,-0.65645456,-0.13559729
11.70000061,2.9920013,-1.1847777,-1.3773217,-0.91829896,1.5380254,0.7439678,-0.6401466,-0.023084598,0.1526385,0.20461252,0.08837279,1.1390421,-0.155312308,0.53259546,4.484996813,0.762877671,-0.059515373,-0.011821908,-0.155312308,0.53259546,4.484996813,0.762877671,-0.059515373,-0.011821908,-2.309494,7.062216,49.918015,8.101761,-0.65645456,-0.13559729
11.71666728,2.980741,-1.1855755,-1.3749055,-0.9149015,1.5392449,0.7628992,-0.6736518,-0.042117607,0.15971264,0.20383191,0.072961874,1.1357627,-0.154838485,0.521565455,4.471395172,0.759308486,-0.059500069,-0.011560926,-0.154838485,0.521565455,4.471395172,0.759308486,-0.059500069,-0.011560926,-2.3024483,6.915958,49.76663,8.063856,-0.65628576,-0.13260382
11.73333395,2.969378,-1.1865222,-1.3724723,-0.91156584,1.5403156,0.78148973,-0.6793351,-0.05082154,0.1607507,0.20014244,0.06403655,1.1155508,0.018079664,0.690287307,4.520464929,0.764403999,-0.013443652,-0.013019759,0.018079664,0.690287307,4.520464929,0.764403999,-0.013443652,-0.013019759,0.2688446,9.15321,50.312775,8.11797,-0.14828348,-0.14933664
11.73333395,2.969378,-1.1865222,-1.3724723,-0.91156584,1.5403156,0.78148973,-0.6793351,-0.05082154,0.1607507,0.20014244,0.06403655,1.1155508,0.018079664,0.690287307,4.520464929,0.764403999,-0.013443652,-0.013019759,0.018079664,0.690287307,4.520464929,0.764403999,-0.013443652,-0.013019759,0.2688446,9.15321,50.312775,8.11797,-0.14828348,-0.14933664
11.75000061,2.9574602,-1.1877853,-1.3699263,-0.9082421,1.5411232,0.8000196,-0.7131518,-0.0700435,0.16741124,0.19940484,0.04826408,1.1117799,-0.157910766,0.512858825,4.44992559,0.753179468,-0.060428713,-0.011028091,-0.157910766,0.512858825,4.44992559,0.753179468,-0.060428713,-0.011028091,-2.348133,6.800508,49.52767,7.998766,-0.6665287,-0.1264922
11.75000061,2.9574602,-1.1877853,-1.3699263,-0.9082421,1.5411232,0.8000196,-0.7131518,-0.0700435,0.16741124,0.19940484,0.04826408,1.1117799,-0.157910766,0.512858825,4.44992559,0.753179468,-0.060428713,-0.011028091,-0.157910766,0.512858825,4.44992559,0.753179468,-0.060428713,-0.011028091,-2.348133,6.800508,49.52767,7.998766,-0.6665287,-0.1264922
11.76666728,2.9449787,-1.1893698,-1.3672733,-0.9049311,1.5416638,0.81847656,-0.7469031,-0.089357175,0.1737352,0.19861859,0.032248426,1.1072848,-0.158366375,0.510419979,4.438233011,0.749870613,-0.060847923,-0.010753182,-0.158366375,0.510419979,4.438233011,0.749870613,-0.060847923,-0.010753182,-2.354908,6.768169,49.397533,7.963626,-0.6711526,-0.123339
11.78333395,2.932413,-1.1910938,-1.3646141,-0.90168136,1.5420628,0.8365904,-0.75150764,-0.09742583,0.17417027,0.19500798,0.02369528,1.0869374,0.017444736,0.729716274,4.51496018,0.759862372,-0.012820132,-0.012022304,0.017444736,0.729716274,4.51496018,0.759862372,-0.012820132,-0.012022304,0.25940323,9.676038,50.251507,8.069738,-0.14140606,-0.13789582
11.78333395,2.932413,-1.1910938,-1.3646141,-0.90168136,1.5420628,0.8365904,-0.75150764,-0.09742583,0.17417027,0.19500798,0.02369528,1.0869374,0.017444736,0.729716274,4.51496018,0.759862372,-0.012820132,-0.012022304,0.017444736,0.729716274,4.51496018,0.759862372,-0.012820132,-0.012022304,0.25940323,9.676038,50.251507,8.069738,-0.14140606,-0.13789582
11.78333395,2.932413,-1.1910938,-1.3646141,-0.90168136,1.5420628,0.8365904,-0.75150764,-0.09742583,0.17417027,0.19500798,0.02369528,1.0869374,0.017444736,0.729716274,4.51496018,0.759862372,-0.012820132,-0.012022304,0.017444736,0.729716274,4.51496018,0.759862372,-0.012820132,-0.012022304,0.25940323,9.676038,50.251507,8.069738,-0.14140606,-0.13789582
11.80000062,2.9192889,-1.1931378,-1.3618536,-0.89844334,1.5421885,0.85462356,-0.7855362,-0.11690661,0.18006739,0.19425163,0.007358529,1.0819705,-0.163114608,0.517158918,4.419822042,0.74414713,-0.062534708,-0.010208618,-0.163114608,0.517158918,4.419822042,0.74414713,-0.062534708,-0.010208618,-2.4255142,6.8575273,49.19262,7.9028425,-0.6897578,-0.11709285
11.80000062,2.9192889,-1.1931378,-1.3618536,-0.89844334,1.5421885,0.85462356,-0.7855362,-0.11690661,0.18006739,0.19425163,0.007358529,1.0819705,-0.163114608,0.517158918,4.419822042,0.74414713,-0.062534708,-0.010208618,-0.163114608,0.517158918,4.419822042,0.74414713,-0.062534708,-0.010208618,-2.4255142,6.8575273,49.19262,7.9028425,-0.6897578,-0.11709285
11.81666728,2.9055986,-1.1955076,-1.3589989,-0.8952187,1.5420386,0.8725641,-0.81944823,-0.13644707,0.18561569,0.1934384,-0.009177994,1.0763038,-0.164678967,0.523756784,4.410278786,0.741156257,-0.063384714,-0.009925561,-0.164678967,0.523756784,4.410278786,0.741156257,-0.063384714,-0.009925561,-2.4487762,6.945015,49.086403,7.8710794,-0.6991334,-0.11384618
11.83333395,2.8918436,-1.1980058,-1.35615,-0.89205456,1.5417539,0.89016044,-0.8229455,-0.143854,0.18547048,0.18989457,-0.017305544,1.0558851,0.014374508,0.794827273,4.515992513,0.75632803,-0.01328975,-0.011005922,0.014374508,0.794827273,4.515992513,0.75632803,-0.01328975,-0.011005922,0.21374893,10.53941,50.262997,8.032204,-0.14658594,-0.12623793
11.83333395,2.8918436,-1.1980058,-1.35615,-0.89205456,1.5417539,0.89016044,-0.8229455,-0.143854,0.18547048,0.18989457,-0.017305544,1.0558851,0.014374508,0.794827273,4.515992513,0.75632803,-0.01328975,-0.011005922,0.014374508,0.794827273,4.515992513,0.75632803,-0.01328975,-0.011005922,0.21374893,10.53941,50.262997,8.032204,-0.14658594,-0.12623793
11.85000062,2.8775284,-1.2008271,-1.353211,-0.8889025,1.5411884,0.90765655,-0.8571013,-0.16353945,0.19058506,0.18909743,-0.034118306,1.0497694,-0.17144486,0.54674857,4.395443624,0.735956801,-0.065804436,-0.009378913,-0.17144486,0.54674857,4.395443624,0.735956801,-0.065804436,-0.009378913,-2.549385,7.249886,48.921288,7.815861,-0.7258229,-0.10757613
11.85000062,2.8775284,-1.2008271,-1.353211,-0.8889025,1.5411884,0.90765655,-0.8571013,-0.16353945,0.19058506,0.18909743,-0.034118306,1.0497694,-0.17144486,0.54674857,4.395443624,0.735956801,-0.065804436,-0.009378913,-0.17144486,0.54674857,4.395443624,0.735956801,-0.065804436,-0.009378913,-2.549385,7.249886,48.921288,7.815861,-0.7258229,-0.10757613
11.86666729,2.862646,-1.2039773,-1.3501923,-0.8857648,1.5403402,0.92504185,-0.8910922,-0.18325198,0.19534059,0.1882336,-0.051087815,1.0429817,-0.174387462,0.562881596,4.38829955,0.733342727,-0.067088438,-0.009092811,-0.174387462,0.562881596,4.38829955,0.733342727,-0.067088438,-0.009092811,-2.5931416,7.46381,48.841774,7.7881,-0.73998547,-0.10429454
11.86666729,2.862646,-1.2039773,-1.3501923,-0.8857648,1.5403402,0.92504185,-0.8910922,-0.18325198,0.19534059,0.1882336,-0.051087815,1.0429817,-0.174387462,0.562881596,4.38829955,0.733342727,-0.067088438,-0.009092811,-0.174387462,0.562881596,4.38829955,0.733342727,-0.067088438,-0.009092811,-2.5931416,7.46381,48.841774,7.7881,-0.73998547,-0.10429454
11.88333395,2.8477173,-1.2072455,-1.3471892,-0.8826865,1.5393648,0.942083,-0.8934549,-0.18997468,0.19464567,0.18474641,-0.058737494,1.022553,0.008487509,0.886690203,4.524186058,0.753950938,-0.01481671,-0.009985727,0.008487509,0.886690203,4.524186058,0.753950938,-0.01481671,-0.009985727,0.12620926,11.757512,50.35419,8.006959,-0.1634283,-0.114536285
11.88333395,2.8477173,-1.2072455,-1.3471892,-0.8826865,1.5393648,0.942083,-0.8934549,-0.18997468,0.19464567,0.18474641,-0.058737494,1.022553,0.008487509,0.886690203,4.524186058,0.753950938,-0.01481671,-0.009985727,0.008487509,0.886690203,4.524186058,0.753950938,-0.01481671,-0.009985727,0.12620926,11.757512,50.35419,8.006959,-0.1634283,-0.114536285
11.90000062,2.8322282,-1.2108383,-1.3441082,-0.8796214,1.5381023,0.9590056,-0.92764825,-0.20980814,0.19896252,0.18388282,-0.075937696,1.0153404,-0.183513618,0.60285328,4.377449426,0.728763519,-0.070199897,-0.008552679,-0.183513618,0.60285328,4.377449426,0.728763519,-0.070199897,-0.008552679,-2.7288475,7.9938345,48.721012,7.7394686,-0.77430487,-0.09809923
11.90000062,2.8322282,-1.2108383,-1.3441082,-0.8796214,1.5381023,0.9590056,-0.92764825,-0.20980814,0.19896252,0.18388282,-0.075937696,1.0153404,-0.183513618,0.60285328,4.377449426,0.728763519,-0.070199897,-0.008552679,-0.183513618,0.60285328,4.377449426,0.728763519,-0.070199897,-0.008552679,-2.7288475,7.9938345,48.721012,7.7394686,-0.77430487,-0.09809923
11.91666729,2.8161724,-1.2147616,-1.3409606,-0.8765714,1.5365516,0.9757994,-0.9616235,-0.22963667,0.20291501,0.18294527,-0.09324839,1.0074829,-0.188090229,0.629001289,4.372967757,0.726589016,-0.071907562,-0.008268915,-0.188090229,0.629001289,4.372967757,0.726589016,-0.071907562,-0.008268915,-2.7969017,8.340557,48.67113,7.7163754,-0.7931404,-0.09484446
11.93333396,2.800091,-1.218793,-1.3378388,-0.87357914,1.5348824,0.9922497,-0.9628225,-0.23565522,0.20169866,0.17950255,-0.10037146,0.9871075,-0.00062441,1.006163803,4.539878413,0.752822917,-0.017357651,-0.008975264,-0.00062441,1.006163803,4.539878413,0.752822917,-0.017357651,-0.008975264,-0.009284973,13.341732,50.528847,7.9949794,-0.19145489,-0.10294628
11.93333396,2.800091,-1.218793,-1.3378388,-0.87357914,1.5348824,0.9922497,-0.9628225,-0.23565522,0.20169866,0.17950255,-0.10037146,0.9871075,-0.00062441,1.006163803,4.539878413,0.752822917,-0.017357651,-0.008975264,-0.00062441,1.006163803,4.539878413,0.752822917,-0.017357651,-0.008975264,-0.009284973,13.341732,50.528847,7.9949794,-0.19145489,-0.10294628
11.95000062,2.7834496,-1.2231494,-1.3346517,-0.87060326,1.5329211,1.0085652,-0.9969623,-0.25557986,0.20521006,0.17854711,-0.11786713,0.9788525,-0.200072919,0.686684201,4.366444727,0.722712671,-0.075688842,-0.007743667,-0.200072919,0.686684201,4.366444727,0.722712671,-0.075688842,-0.007743667,-2.9750843,9.1054325,48.59853,7.6752086,-0.8348479,-0.08881986
11.95000062,2.7834496,-1.2231494,-1.3346517,-0.87060326,1.5329211,1.0085652,-0.9969623,-0.25557986,0.20521006,0.17854711,-0.11786713,0.9788525,-0.200072919,0.686684201,4.366444727,0.722712671,-0.075688842,-0.007743667,-0.200072919,0.686684201,4.366444727,0.722712671,-0.075688842,-0.007743667,-2.9750843,9.1054325,48.59853,7.6752086,-0.8348479,-0.08881986
11.95000062,2.7834496,-1.2231494,-1.3346517,-0.87060326,1.5329211,1.0085652,-0.9969623,-0.25557986,0.20521006,0.17854711,-0.11786713,0.9788525,-0.200072919,0.686684201,4.366444727,0.722712671,-0.075688842,-0.007743667,-0.200072919,0.686684201,4.366444727,0.722712671,-0.075688842,-0.007743667,-2.9750843,9.1054325,48.59853,7.6752086,-0.8348479,-0.08881986
11.96666729,2.766244,-1.2278382,-1.3314114,-0.86764395,1.5306671,1.0247339,-1.0308286,-0.27546826,0.2083545,0.17751244,-0.13542697,0.96998286,-0.206577273,0.723279547,4.364816369,0.7210243,-0.077810313,-0.007466513,-0.206577273,0.723279547,4.364816369,0.7210243,-0.077810313,-0.007466513,-3.071804,9.590687,48.580406,7.657278,-0.85824776,-0.08564091
11.98333396,2.7490313,-1.2326229,-1.3282069,-0.86474276,1.5283047,1.0405611,-1.0308386,-0.28076062,0.20665069,0.17410553,-0.14197466,0.9497227,-0.013526655,1.154554016,4.56365258,0.753079835,-0.020882355,-0.007987282,-0.013526655,1.154554016,4.56365258,0.753079835,-0.020882355,-0.007987282,-0.20114136,15.309386,50.793453,7.997708,-0.23033237,-0.09161413
11.98333396,2.7490313,-1.2326229,-1.3282069,-0.86474276,1.5283047,1.0405611,-1.0308386,-0.28076062,0.20665069,0.17410553,-0.14197466,0.9497227,-0.013526655,1.154554016,4.56365258,0.753079835,-0.020882355,-0.007987282,-0.013526655,1.154554016,4.56365258,0.753079835,-0.020882355,-0.007987282,-0.20114136,15.309386,50.793453,7.997708,-0.23033237,-0.09161413
12.00000063,2.731263,-1.2377323,-1.324949,-0.86185855,1.5256469,1.0562357,-1.0648228,-0.3007211,0.20935631,0.17303902,-0.15967144,0.9404852,-0.221847606,0.799243375,4.362913133,0.717927327,-0.082216885,-0.006963943,-0.221847606,0.799243375,4.362913133,0.717927327,-0.082216885,-0.006963943,-3.298874,10.597967,48.559223,7.624388,-0.90685225,-0.07987642
12.00000063,2.731263,-1.2377323,-1.324949,-0.86185855,1.5256469,1.0562357,-1.0648228,-0.3007211,0.20935631,0.17303902,-0.15967144,0.9404852,-0.221847606,0.799243375,4.362913133,0.717927327,-0.082216885,-0.006963943,-0.221847606,0.799243375,4.362913133,0.717927327,-0.082216885,-0.006963943,-3.298874,10.597967,48.559223,7.624388,-0.90685225,-0.07987642
12.01666729,2.712933,-1.243174,-1.3216511,-0.85899335,1.5226933,1.071749,-1.0984793,-0.32061297,0.21169437,0.17188267,-0.17738456,0.9306686,-0.23065104,0.846767354,4.364292662,0.716763073,-0.084748013,-0.006697172,-0.23065104,0.846767354,4.364292662,0.716763073,-0.084748013,-0.006697172,-3.429781,11.228135,48.574577,7.612024,-0.9347706,-0.07681656
12.03333396,2.6946166,-1.2487006,-1.3183987,-0.8561855,1.5196416,1.0869238,-1.0972753,-0.32516405,0.20953864,0.16850387,-0.18331416,0.91058415,-0.030694332,1.332397231,4.59559253,0.75476659,-0.025356367,-0.007034128,-0.030694332,1.332397231,4.59559253,0.75476659,-0.025356367,-0.007034128,-0.4564247,17.667587,51.148945,8.015621,-0.27968073,-0.08068144
12.03333396,2.6946166,-1.2487006,-1.3183987,-0.8561855,1.5196416,1.0869238,-1.0972753,-0.32516405,0.20953864,0.16850387,-0.18331416,0.91058415,-0.030694332,1.332397231,4.59559253,0.75476659,-0.025356367,-0.007034128,-0.030694332,1.332397231,4.59559253,0.75476659,-0.025356367,-0.007034128,-0.4564247,17.667587,51.148945,8.015621,-0.27968073,-0.08068144
12.03333396,2.6946166,-1.2487006,-1.3183987,-0.8561855,1.5196416,1.0869238,-1.0972753,-0.32516405,0.20953864,0.16850387,-0.18331416,0.91058415,-0.030694332,1.332397231,4.59559253,0.75476659,-0.025356367,-0.007034128,-0.030694332,1.332397231,4.59559253,0.75476659,-0.025356367,-0.007034128,-0.4564247,17.667587,51.148945,8.015621,-0.27968073,-0.08068144
12.05000063,2.6757493,-1.2545505,-1.3151047,-0.8533967,1.516293,1.1019309,-1.1310017,-0.3451032,0.21144302,0.16730125,-0.2011146,0.9004264,-0.249727989,0.941568982,4.36720801,0.714498814,-0.089747195,-0.006224544,-0.249727989,0.941568982,4.36720801,0.714498814,-0.089747195,-0.006224544,-3.7134552,12.485205,48.607025,7.5879774,-0.98991156,-0.07139552
12.05000063,2.6757493,-1.2545505,-1.3151047,-0.8533967,1.516293,1.1019309,-1.1310017,-0.3451032,0.21144302,0.16730125,-0.2011146,0.9004264,-0.249727989,0.941568982,4.36720801,0.714498814,-0.089747195,-0.006224544,-0.249727989,0.941568982,4.36720801,0.714498814,-0.089747195,-0.006224544,-3.7134552,12.485205,48.607025,7.5879774,-0.98991156,-0.07139552
12.0666673,2.6563263,-1.2607315,-1.3117844,-0.85062903,1.5126479,1.1167618,-1.1643431,-0.3649425,0.21298237,0.16600011,-0.21888475,0.8897241,-0.261151815,1.000355883,4.371691735,0.713887727,-0.092673756,-0.0059733,-0.261151815,1.000355883,4.371691735,0.713887727,-0.092673756,-0.0059733,-3.8833275,13.264719,48.65693,7.5814877,-1.0221915,-0.06851375
12.08333396,2.6369371,-1.2669854,-1.3085178,-0.84791833,1.5089158,1.131258,-1.1619015,-0.36873713,0.21041454,0.16263968,-0.22415517,0.8698734,-0.052671298,1.540545497,4.635881971,0.757939578,-0.030753187,-0.006127451,-0.052671298,1.540545497,4.635881971,0.757939578,-0.030753187,-0.006127451,-0.7832222,20.427633,51.597366,8.049318,-0.33920765,-0.07028186
12.08333396,2.6369371,-1.2669854,-1.3085178,-0.84791833,1.5089158,1.131258,-1.1619015,-0.36873713,0.21041454,0.16263968,-0.22415517,0.8698734,-0.052671298,1.540545497,4.635881971,0.757939578,-0.030753187,-0.006127451,-0.052671298,1.540545497,4.635881971,0.757939578,-0.030753187,-0.006127451,-0.7832222,20.427633,51.597366,8.049318,-0.33920765,-0.07028186
12.10000063,2.6170044,-1.2735615,-1.3052216,-0.8452307,1.5048864,1.1455739,-1.1952655,-0.38860032,0.21152876,0.16127744,-0.24196318,0.8588614,-0.284562691,1.114327659,4.379468508,0.712481641,-0.098238527,-0.005536518,-0.284562691,1.114327659,4.379468508,0.712481641,-0.098238527,-0.005536518,-4.231447,14.775985,48.743484,7.566555,-1.083571,-0.06350386
12.10000063,2.6170044,-1.2735615,-1.3052216,-0.8452307,1.5048864,1.1455739,-1.1952655,-0.38860032,0.21152876,0.16127744,-0.24196318,0.8588614,-0.284562691,1.114327659,4.379468508,0.712481641,-0.098238527,-0.005536518,-0.284562691,1.114327659,4.379468508,0.712481641,-0.098238527,-0.005536518,-4.231447,14.775985,48.743484,7.566555,-1.083571,-0.06350386
12.1166673,2.5965233,-1.280467,-1.3019129,-0.8425664,1.5005614,1.1596984,-1.2281861,-0.40832913,0.21228397,0.15981087,-0.25969255,0.84733725,-0.298978373,1.184918618,4.387224031,0.712465656,-0.101548504,-0.005304283,-0.298978373,1.184918618,4.387224031,0.712465656,-0.101548504,-0.005304283,-4.4458084,15.712021,48.829803,7.5663853,-1.12008,-0.06084013
12.1166673,2.5965233,-1.280467,-1.3019129,-0.8425664,1.5005614,1.1596984,-1.2281861,-0.40832913,0.21228397,0.15981087,-0.25969255,0.84733725,-0.298978373,1.184918618,4.387224031,0.712465656,-0.101548504,-0.005304283,-0.298978373,1.184918618,4.387224031,0.712465656,-0.101548504,-0.005304283,-4.4458084,15.712021,48.829803,7.5663853,-1.12008,-0.06084013
12.13333397,2.5760965,-1.2874334,-1.2986658,-0.8399586,1.4961605,1.1734939,-1.224489,-0.4113533,0.20934553,0.1564647,-0.2642683,0.8277768,-0.079947281,1.779552103,4.684477032,0.762617341,-0.037054138,-0.005278623,-0.079947281,1.779552103,4.684477032,0.762617341,-0.037054138,-0.005278623,-1.1888161,23.59686,52.13823,8.098996,-0.40870714,-0.060545802
12.13333397,2.5760965,-1.2874334,-1.2986658,-0.8399586,1.4961605,1.1734939,-1.224489,-0.4113533,0.20934553,0.1564647,-0.2642683,0.8277768,-0.079947281,1.779552103,4.684477032,0.762617341,-0.037054138,-0.005278623,-0.079947281,1.779552103,4.684477032,0.762617341,-0.037054138,-0.005278623,-1.1888161,23.59686,52.13823,8.098996,-0.40870714,-0.060545802
12.15000063,2.5551338,-1.2947181,-1.2954001,-0.8373766,1.4914639,1.1870939,-1.2573794,-0.43108177,0.20968899,0.15492158,-0.2819866,0.81597596,-0.327156339,1.318318092,4.39986977,0.711935882,-0.107637407,-0.004908928,-0.327156339,1.318318092,4.39986977,0.711935882,-0.107637407,-0.004908928,-4.8648148,17.480898,48.97055,7.560759,-1.1872406,-0.05630541
12.15000063,2.5551338,-1.2947181,-1.2954001,-0.8373766,1.4914639,1.1870939,-1.2573794,-0.43108177,0.20968899,0.15492158,-0.2819866,0.81597596,-0.327156339,1.318318092,4.39986977,0.711935882,-0.107637407,-0.004908928,-0.327156339,1.318318092,4.39986977,0.711935882,-0.107637407,-0.004908928,-4.8648148,17.480898,48.97055,7.560759,-1.1872406,-0.05630541
12.1666673,2.533633,-1.3023301,-1.2921345,-0.83482283,1.4864734,1.2004915,-1.2897652,-0.4506453,0.2096807,0.15326665,-0.29957828,0.80370355,-0.344825673,1.400693258,4.410732574,0.712496009,-0.111311474,-0.004698031,-0.344825673,1.400693258,4.410732574,0.712496009,-0.111311474,-0.004698031,-5.1275578,18.573193,49.091454,7.5667076,-1.2277656,-0.053886414
12.18333397,2.512207,-1.3099912,-1.2889373,-0.832324,1.48142,1.2135645,-1.2847936,-0.4528887,0.20641267,0.14993155,-0.30342332,0.78448755,-0.112807037,2.049372171,4.74093935,0.768745372,-0.044229046,-0.004496477,-0.112807037,2.049372171,4.74093935,0.768745372,-0.044229046,-0.004496477,-1.6774406,27.174675,52.766655,8.164076,-0.48784637,-0.051574588
12.18333397,2.512207,-1.3099912,-1.2889373,-0.832324,1.48142,1.2135645,-1.2847936,-0.4528887,0.20641267,0.14993155,-0.30342332,0.78448755,-0.112807037,2.049372171,4.74093935,0.768745372,-0.044229046,-0.004496477,-0.112807037,2.049372171,4.74093935,0.768745372,-0.044229046,-0.004496477,-1.6774406,27.174675,52.766655,8.164076,-0.48784637,-0.051574588
12.20000064,2.4902573,-1.3179661,-1.2857332,-0.829855,1.4760741,1.2264315,-1.3170971,-0.47242564,0.20600726,0.14818788,-0.32095447,0.7719706,-0.378181057,1.553634425,4.428092017,0.712833476,-0.117895718,-0.004350557,-0.378181057,1.553634425,4.428092017,0.712833476,-0.117895718,-0.004350557,-5.6235523,20.601192,49.284664,7.5702915,-1.3003898,-0.04990089
12.20000064,2.4902573,-1.3179661,-1.2857332,-0.829855,1.4760741,1.2264315,-1.3170971,-0.47242564,0.20600726,0.14818788,-0.32095447,0.7719706,-0.378181057,1.553634425,4.428092017,0.712833476,-0.117895718,-0.004350557,-0.378181057,1.553634425,4.428092017,0.712833476,-0.117895718,-0.004350557,-5.6235523,20.601192,49.284664,7.5702915,-1.3003898,-0.04990089
12.20000064,2.4902573,-1.3179661,-1.2857332,-0.829855,1.4760741,1.2264315,-1.3170971,-0.47242564,0.20600726,0.14818788,-0.32095447,0.7719706,-0.378181057,1.553634425,4.428092017,0.712833476,-0.117895718,-0.004350557,-0.378181057,1.553634425,4.428092017,0.712833476,-0.117895718,-0.004350557,-5.6235523,20.601192,49.284664,7.5702915,-1.3003898,-0.04990089
12.2166673,2.4677787,-1.3262655,-1.2825419,-0.82741684,1.4704378,1.239084,-1.3488406,-0.49176762,0.20526236,0.14632636,-0.33831218,0.7590172,-0.399415222,1.647981439,4.44201412,0.713972991,-0.121927867,-0.004164967,-0.399415222,1.647981439,4.44201412,0.713972991,-0.121927867,-0.004164967,-5.9393044,21.852234,49.439617,7.582393,-1.3448644,-0.04777217
12.23333397,2.445396,-1.3346012,-1.2794251,-0.82503396,1.4647516,1.2514207,-1.342577,-0.49322072,0.20170991,0.1429951,-0.34139952,0.7401989,-0.151425267,2.349881421,4.804785318,0.776258027,-0.052261525,-0.003791209,-0.151425267,2.349881421,4.804785318,0.776258027,-0.052261525,-0.003791209,-2.2516937,31.159428,53.47726,8.24386,-0.5764446,-0.043485165
12.23333397,2.445396,-1.3346012,-1.2794251,-0.82503396,1.4647516,1.2514207,-1.342577,-0.49322072,0.20170991,0.1429951,-0.34139952,0.7401989,-0.151425267,2.349881421,4.804785318,0.776258027,-0.052261525,-0.003791209,-0.151425267,2.349881421,4.804785318,0.776258027,-0.052261525,-0.003791209,-2.2516937,31.159428,53.47726,8.24386,-0.5764446,-0.043485165
12.25000064,2.4225013,-1.3432459,-1.2763128,-0.8226857,1.4587773,1.2635397,-1.3741782,-0.5125109,0.20058638,0.14103267,-0.35864764,0.72703075,-0.438126062,1.820100666,4.463716423,0.715126919,-0.128960631,-0.003868835,-0.438126062,1.820100666,4.463716423,0.715126919,-0.128960631,-0.003868835,-6.5149345,24.134535,49.681164,7.594648,-1.4224358,-0.04437554
12.25000064,2.4225013,-1.3432459,-1.2763128,-0.8226857,1.4587773,1.2635397,-1.3741782,-0.5125109,0.20058638,0.14103267,-0.35864764,0.72703075,-0.438126062,1.820100666,4.463716423,0.715126919,-0.128960631,-0.003868835,-0.438126062,1.820100666,4.463716423,0.715126919,-0.128960631,-0.003868835,-6.5149345,24.134535,49.681164,7.594648,-1.4224358,-0.04437554
12.26666731,2.3990915,-1.3522094,-1.2732247,-0.8203722,1.452519,1.2754331,-1.4051584,-0.53157437,0.1991391,0.13894752,-0.37567627,0.713466,-0.463036522,1.926454771,4.480563812,0.71683361,-0.133319908,-0.003711483,-0.463036522,1.926454771,4.480563812,0.71683361,-0.133319908,-0.003711483,-6.885353,25.54479,49.868675,7.612773,-1.4705186,-0.04257071
12.28333397,2.3757985,-1.3611974,-1.270217,-0.8181128,1.4462235,1.2870183,-1.3975906,-0.53223395,0.19534753,0.13562185,-0.3779817,0.6950938,-0.195721676,2.680186449,4.875085425,0.785018001,-0.061137873,-0.003171217,-0.195721676,2.680186449,4.875085425,0.785018001,-0.061137873,-0.003171217,-2.9103813,35.539272,54.2597,8.336891,-0.67435074,-0.036373854
12.28333397,2.3757985,-1.3611974,-1.270217,-0.8181128,1.4462235,1.2870183,-1.3975906,-0.53223395,0.19534753,0.13562185,-0.3779817,0.6950938,-0.195721676,2.680186449,4.875085425,0.785018001,-0.061137873,-0.003171217,-0.195721676,2.680186449,4.875085425,0.785018001,-0.061137873,-0.003171217,-2.9103813,35.539272,54.2597,8.336891,-0.67435074,-0.036373854
12.28333397,2.3757985,-1.3611974,-1.270217,-0.8181128,1.4462235,1.2870183,-1.3975906,-0.53223395,0.19534753,0.13562185,-0.3779817,0.6950938,-0.195721676,2.680186449,4.875085425,0.785018001,-0.061137873,-0.003171217,-0.195721676,2.680186449,4.875085425,0.785018001,-0.061137873,-0.003171217,-2.9103813,35.539272,54.2597,8.336891,-0.67435074,-0.036373854
12.30000064,2.3520083,-1.3704886,-1.267223,-0.81589246,1.4396459,1.2983748,-1.4283715,-0.5512227,0.19354299,0.13342293,-0.3948523,0.6813488,-0.50716413,2.117042196,4.506025974,0.718718599,-0.140767949,-0.003470591,-0.50716413,2.117042196,4.506025974,0.718718599,-0.140767949,-0.003470591,-7.5415306,28.07198,50.15207,7.6327915,-1.5526705,-0.039807677
12.30000064,2.3520083,-1.3704886,-1.267223,-0.81589246,1.4396459,1.2983748,-1.4283715,-0.5512227,0.19354299,0.13342293,-0.3948523,0.6813488,-0.50716413,2.117042196,4.506025974,0.718718599,-0.140767949,-0.003470591,-0.50716413,2.117042196,4.506025974,0.718718599,-0.140767949,-0.003470591,-7.5415306,28.07198,50.15207,7.6327915,-1.5526705,-0.039807677
12.31666731,2.3277166,-1.3800936,-1.2642647,-0.81371117,1.4327909,1.309498,-1.4584725,-0.5699547,0.19143009,0.13109568,-0.4114585,0.6672482,-0.535786032,2.2350458,4.525399358,0.720931806,-0.145432177,-0.003343254,-0.535786032,2.2350458,4.525399358,0.720931806,-0.145432177,-0.003343254,-7.9671383,29.636707,50.367695,7.656296,-1.6041169,-0.038347125
12.33333398,2.3035634,-1.3897107,-1.2613914,-0.81158364,1.4259123,1.3203202,-1.4495883,-0.56981546,0.18744539,0.12777387,-0.4129602,0.64936835,-0.245300426,3.039219944,4.950799111,0.794862129,-0.07083496,-0.002644451,-0.245300426,3.039219944,4.950799111,0.794862129,-0.07083496,-0.002644451,-3.6476173,40.300056,55.102394,8.441436,-0.7813096,-0.03033185
12.33333398,2.3035634,-1.3897107,-1.2613914,-0.81158364,1.4259123,1.3203202,-1.4495883,-0.56981546,0.18744539,0.12777387,-0.4129602,0.64936835,-0.245300426,3.039219944,4.950799111,0.794862129,-0.07083496,-0.002644451,-0.245300426,3.039219944,4.950799111,0.794862129,-0.07083496,-0.002644451,-3.6476173,40.300056,55.102394,8.441436,-0.7813096,-0.03033185
12.35000064,2.2789288,-1.3996241,-1.2585416,-0.8095006,1.4187595,1.3309065,-1.4794282,-0.5884471,0.18499997,0.12532382,-0.42936078,0.63511914,-0.585112992,2.443339203,4.554033922,0.72346268,-0.153247335,-0.003161468,-0.585112992,2.443339203,4.554033922,0.72346268,-0.153247335,-0.003161468,-8.70063,32.398678,50.686398,7.6831737,-1.6903181,-0.036262035
12.35000064,2.2789288,-1.3996241,-1.2585416,-0.8095006,1.4187595,1.3309065,-1.4794282,-0.5884471,0.18499997,0.12532382,-0.42936078,0.63511914,-0.585112992,2.443339203,4.554033922,0.72346268,-0.153247335,-0.003161468,-0.585112992,2.443339203,4.554033922,0.72346268,-0.153247335,-0.003161468,-8.70063,32.398678,50.686398,7.6831737,-1.6903181,-0.036262035
12.36666731,2.25381,-1.4098445,-1.2557379,-0.807461,1.4113379,1.3412513,-1.5085268,-0.60679346,0.18226601,0.12274283,-0.44545233,0.6205509,-0.617281895,2.572534311,4.575553202,0.72612987,-0.158181714,-0.003066516,-0.617281895,2.572534311,4.575553202,0.72612987,-0.158181714,-0.003066516,-9.178982,34.111805,50.925907,7.711499,-1.7447443,-0.03517294
12.36666731,2.25381,-1.4098445,-1.2557379,-0.807461,1.4113379,1.3412513,-1.5085268,-0.60679346,0.18226601,0.12274283,-0.44545233,0.6205509,-0.617281895,2.572534311,4.575553202,0.72612987,-0.158181714,-0.003066516,-0.617281895,2.572534311,4.575553202,0.72612987,-0.158181714,-0.003066516,-9.178982,34.111805,50.925907,7.711499,-1.7447443,-0.03517294
12.38333398,2.2288506,-1.4200641,-1.253023,-0.80547374,1.4039062,1.3513055,-1.4983218,-0.60585505,0.17813511,0.1194265,-0.4461344,0.6032067,-0.299457327,3.425074559,5.03048584,0.805561242,-0.081342886,-0.002218,-0.299457327,3.425074559,5.03048584,0.805561242,-0.081342886,-0.002218,-4.4529305,45.41649,55.989307,8.55506,-0.897212,-0.025440454
12.38333398,2.2288506,-1.4200641,-1.253023,-0.80547374,1.4039062,1.3513055,-1.4983218,-0.60585505,0.17813511,0.1194265,-0.4461344,0.6032067,-0.299457327,3.425074559,5.03048584,0.805561242,-0.081342886,-0.002218,-0.299457327,3.425074559,5.03048584,0.805561242,-0.081342886,-0.002218,-4.4529305,45.41649,55.989307,8.55506,-0.897212,-0.025440454
12.40000065,2.203428,-1.4305732,-1.2503397,-0.80353665,1.39621,1.3611157,-1.5270996,-0.6240787,0.17509598,0.11671246,-0.46197563,0.5885206,-0.671326817,2.797045643,4.606410093,0.729155002,-0.166322098,-0.002946704,-0.671326817,2.797045643,4.606410093,0.729155002,-0.166322098,-0.002946704,-9.98263,37.088825,51.269344,7.743626,-1.8345327,-0.033798695
12.40000065,2.203428,-1.4305732,-1.2503397,-0.80353665,1.39621,1.3611157,-1.5270996,-0.6240787,0.17509598,0.11671246,-0.46197563,0.5885206,-0.671326817,2.797045643,4.606410093,0.729155002,-0.166322098,-0.002946704,-0.671326817,2.797045643,4.606410093,0.729155002,-0.166322098,-0.002946704,-9.98263,37.088825,51.269344,7.743626,-1.8345327,-0.033798695
12.41666731,2.177539,-1.4413819,-1.2477125,-0.80164814,1.3882544,1.3706774,-1.5550786,-0.6419878,0.17178957,0.11386412,-0.4774647,0.57355404,-0.706749501,2.93683042,4.629593033,0.732203616,-0.171496624,-0.002886486,-0.706749501,2.93683042,4.629593033,0.732203616,-0.171496624,-0.002886486,-10.509365,38.94237,51.52737,7.7760024,-1.8916078,-0.033107996
12.43333398,2.1518307,-1.4521765,-1.2451767,-0.7998106,1.3803034,1.3799585,-1.543549,-0.64025044,0.16755846,0.11055632,-0.4773177,0.5567834,-0.357020005,3.835340934,5.112494291,0.816852404,-0.092633421,-0.001898348,-0.357020005,3.835340934,5.112494291,0.816852404,-0.092633421,-0.001898348,-5.3088875,50.85662,56.90206,8.674973,-1.0217466,-0.021774054
12.43333398,2.1518307,-1.4521765,-1.2451767,-0.7998106,1.3803034,1.3799585,-1.543549,-0.64025044,0.16755846,0.11055632,-0.4773177,0.5567834,-0.357020005,3.835340934,5.112494291,0.816852404,-0.092633421,-0.001898348,-0.357020005,3.835340934,5.112494291,0.816852404,-0.092633421,-0.001898348,-5.3088875,50.85662,56.90206,8.674973,-1.0217466,-0.021774054
12.45000065,2.1256802,-1.4632523,-1.2426811,-0.7980296,1.3720983,1.3889886,-1.5711416,-0.6580147,0.1639762,0.107568316,-0.49251127,0.54173124,-0.764606555,3.175782366,4.661636147,0.73556222,-0.179893238,-0.002829947,-0.764606555,3.175782366,4.661636147,0.73556222,-0.179893238,-0.002829947,-11.3696995,42.110874,51.88401,7.811671,-1.9842224,-0.032459497
12.45000065,2.1256802,-1.4632523,-1.2426811,-0.7980296,1.3720983,1.3889886,-1.5711416,-0.6580147,0.1639762,0.107568316,-0.49251127,0.54173124,-0.764606555,3.175782366,4.661636147,0.73556222,-0.179893238,-0.002829947,-0.764606555,3.175782366,4.661636147,0.73556222,-0.179893238,-0.002829947,-11.3696995,42.110874,51.88401,7.811671,-1.9842224,-0.032459497
12.45000065,2.1256802,-1.4632523,-1.2426811,-0.7980296,1.3720983,1.3889886,-1.5711416,-0.6580147,0.1639762,0.107568316,-0.49251127,0.54173124,-0.764606555,3.175782366,4.661636147,0.73556222,-0.179893238,-0.002829947,-0.764606555,3.175782366,4.661636147,0.73556222,-0.179893238,-0.002829947,-11.3696995,42.110874,51.88401,7.811671,-1.9842224,-0.032459497
12.46666732,2.099083,-1.4746202,-1.2402495,-0.79630184,1.3636469,1.3977648,-1.5978793,-0.67543703,0.16015227,0.10444398,-0.50731534,0.52643734,-0.802734929,3.325196233,4.685884666,0.738900709,-0.18526801,-0.002805149,-0.802734929,3.325196233,4.685884666,0.738900709,-0.18526801,-0.002805149,-11.936668,44.092102,52.153896,7.8471255,-2.0435061,-0.032175064
12.48333398,2.0726886,-1.4859613,-1.2379123,-0.7946233,1.3552122,1.4062707,-1.5850261,-0.67290485,0.15586708,0.10114895,-0.5063339,0.5102784,-0.416424103,4.266821745,5.194865019,0.828419432,-0.104677991,-0.001690194,-0.416424103,4.266821745,5.194865019,0.828419432,-0.104677991,-0.001690194,-6.1922264,56.578056,57.818848,8.797814,-1.1545982,-0.01938653
12.48333398,2.0726886,-1.4859613,-1.2379123,-0.7946233,1.3552122,1.4062707,-1.5850261,-0.67290485,0.15586708,0.10114895,-0.5063339,0.5102784,-0.416424103,4.266821745,5.194865019,0.828419432,-0.104677991,-0.001690194,-0.416424103,4.266821745,5.194865019,0.828419432,-0.104677991,-0.001690194,-6.1922264,56.578056,57.818848,8.797814,-1.1545982,-0.01938653
12.50000065,2.0458727,-1.4975742,-1.2356215,-0.79300815,1.3465358,1.4145213,-1.6113175,-0.6901587,0.15179956,0.09787791,-0.52079993,0.49492803,-0.863331921,3.576686911,4.718059735,0.74242899,-0.193877579,-0.002813713,-0.863331921,3.576686911,4.718059735,0.74242899,-0.193877579,-0.002813713,-12.837746,47.42687,52.512005,7.884596,-2.1384697,-0.032273293
12.50000065,2.0458727,-1.4975742,-1.2356215,-0.79300815,1.3465358,1.4145213,-1.6113175,-0.6901587,0.15179956,0.09787791,-0.52079993,0.49492803,-0.863331921,3.576686911,4.718059735,0.74242899,-0.193877579,-0.002813713,-0.863331921,3.576686911,4.718059735,0.74242899,-0.193877579,-0.002813713,-12.837746,47.42687,52.512005,7.884596,-2.1384697,-0.032273293
12.51666732,2.0186327,-1.5094706,-1.2334028,-0.7914516,1.337624,1.4225134,-1.6366942,-0.70704514,0.14751606,0.09447053,-0.5348363,0.47937256,-0.903302996,3.734426944,4.742615692,0.745939086,-0.199390128,-0.002824751,-0.903302996,3.734426944,4.742615692,0.745939086,-0.199390128,-0.002824751,-13.432116,49.5185,52.785313,7.921873,-2.199273,-0.032399893
12.53333399,1.9916166,-1.521328,-1.2312799,-0.78994215,1.3287443,1.4302458,-1.6225246,-0.7037252,0.14322466,0.091194786,-0.53301305,0.46385637,-0.475673765,4.715851889,5.275544666,0.839932221,-0.117435611,-0.001596552,-0.475673765,4.715851889,5.275544666,0.839932221,-0.117435611,-0.001596552,-7.073269,62.532196,58.716812,8.92008,-1.2953148,-0.018312454
12.53333399,1.9916166,-1.521328,-1.2312799,-0.78994215,1.3287443,1.4302458,-1.6225246,-0.7037252,0.14322466,0.091194786,-0.53301305,0.46385637,-0.475673765,4.715851889,5.275544666,0.839932221,-0.117435611,-0.001596552,-0.475673765,4.715851889,5.275544666,0.839932221,-0.117435611,-0.001596552,-7.073269,62.532196,58.716812,8.92008,-1.2953148,-0.018312454
12.53333399,1.9916166,-1.521328,-1.2312799,-0.78994215,1.3287443,1.4302458,-1.6225246,-0.7037252,0.14322466,0.091194786,-0.53301305,0.46385637,-0.475673765,4.715851889,5.275544666,0.839932221,-0.117435611,-0.001596552,-0.475673765,4.715851889,5.275544666,0.839932221,-0.117435611,-0.001596552,-7.073269,62.532196,58.716812,8.92008,-1.2953148,-0.018312454
12.55000065,1.9642029,-1.5334477,-1.2292088,-0.78850263,1.319637,1.4377187,-1.6473906,-0.7204195,0.1387326,0.08763516,-0.54667044,0.4482748,-0.965006815,3.995968745,4.773695707,0.749443525,-0.20812952,-0.002898625,-0.965006815,3.995968745,4.773695707,0.749443525,-0.20812952,-0.002898625,-14.349651,52.986546,53.131233,7.95909,-2.2956686,-0.033247232
12.55000065,1.9642029,-1.5334477,-1.2292088,-0.78850263,1.319637,1.4377187,-1.6473906,-0.7204195,0.1387326,0.08763516,-0.54667044,0.4482748,-0.965006815,3.995968745,4.773695707,0.749443525,-0.20812952,-0.002898625,-0.965006815,3.995968745,4.773695707,0.749443525,-0.20812952,-0.002898625,-14.349651,52.986546,53.131233,7.95909,-2.2956686,-0.033247232
12.56666732,1.9363892,-1.5458404,-1.2272161,-0.78712696,1.3103083,1.44493,-1.6712903,-0.7367209,0.13405249,0.08393926,-0.55986506,0.4325236,-1.005919251,4.160769133,4.797875678,0.753019669,-0.213744223,-0.002946371,-1.005919251,4.160769133,4.797875678,0.753019669,-0.213744223,-0.002946371,-14.958019,55.1718,53.400356,7.997069,-2.3575988,-0.03379488
12.58333399,1.9088206,-1.5581806,-1.22532,-0.7857964,1.3010261,1.4518918,-1.6558131,-0.73262227,0.12979788,0.080690324,-0.5572085,0.4176787,-0.532339592,5.177978585,5.352195061,0.851014419,-0.130848872,-0.00161923,-0.532339592,5.177978585,5.352195061,0.851014419,-0.130848872,-0.00161923,-7.9158897,68.659996,59.56993,9.037773,-1.443263,-0.018572569
12.58333399,1.9088206,-1.5581806,-1.22532,-0.7857964,1.3010261,1.4518918,-1.6558131,-0.73262227,0.12979788,0.080690324,-0.5572085,0.4176787,-0.532339592,5.177978585,5.352195061,0.851014419,-0.130848872,-0.00161923,-0.532339592,5.177978585,5.352195061,0.851014419,-0.130848872,-0.00161923,-7.9158897,68.659996,59.56993,9.037773,-1.443263,-0.018572569
12.60000066,1.8808798,-1.5707728,-1.2234801,-0.784543,1.2915298,1.4585923,-1.6791406,-0.7487124,0.12494443,0.07683912,-0.5699854,0.401932,-1.066845379,4.429262832,4.82640365,0.756269211,-0.222538259,-0.003083914,-1.066845379,4.429262832,4.82640365,0.756269211,-0.222538259,-0.003083914,-15.863991,58.732025,53.717873,8.031579,-2.454597,-0.035372496
12.60000066,1.8808798,-1.5707728,-1.2234801,-0.784543,1.2915298,1.4585923,-1.6791406,-0.7487124,0.12494443,0.07683912,-0.5699854,0.401932,-1.066845379,4.429262832,4.82640365,0.756269211,-0.222538259,-0.003083914,-1.066845379,4.429262832,4.82640365,0.756269211,-0.222538259,-0.003083914,-15.863991,58.732025,53.717873,8.031579,-2.454597,-0.035372496
12.61666732,1.8525649,-1.5836287,-1.2217247,-0.7833581,1.2818276,1.4650289,-1.7014492,-0.76438797,0.11993344,0.07285299,-0.5822657,0.3860479,-1.107379936,4.599326696,4.84936278,0.759779038,-0.228180976,-0.003167953,-1.107379936,4.599326696,4.84936278,0.759779038,-0.228180976,-0.003167953,-16.46674,60.987072,53.973408,8.068853,-2.5168362,-0.036336422
12.61666732,1.8525649,-1.5836287,-1.2217247,-0.7833581,1.2818276,1.4650289,-1.7014492,-0.76438797,0.11993344,0.07285299,-0.5822657,0.3860479,-1.107379936,4.599326696,4.84936278,0.759779038,-0.228180976,-0.003167953,-1.107379936,4.599326696,4.84936278,0.759779038,-0.228180976,-0.003167953,-16.46674,60.987072,53.973408,8.068853,-2.5168362,-0.036336422
12.63333399,1.824517,-1.5964185,-1.2200658,-0.78221655,1.2721854,1.4712278,-1.6846774,-0.7595196,0.115761474,0.069638155,-0.5787828,0.3718985,-0.58369178,5.648559754,5.422669965,0.861324878,-0.144848862,-0.00175669,-0.58369178,5.648559754,5.422669965,0.861324878,-0.144848862,-0.00175669,-8.679497,74.8999,60.354317,9.14727,-1.597683,-0.020149231
12.63333399,1.824517,-1.5964185,-1.2200658,-0.78221655,1.2721854,1.4712278,-1.6846774,-0.7595196,0.115761474,0.069638155,-0.5787828,0.3718985,-0.58369178,5.648559754,5.422669965,0.861324878,-0.144848862,-0.00175669,-0.58369178,5.648559754,5.422669965,0.861324878,-0.144848862,-0.00175669,-8.679497,74.8999,60.354317,9.14727,-1.597683,-0.020149231
12.65000066,1.7961235,-1.6094501,-1.2184666,-0.7811588,1.262346,1.4771636,-1.706354,-0.774963,0.1106168,0.065494984,-0.5906108,0.35604364,-1.165376162,4.8719409,4.874201155,0.762598214,-0.236950803,-0.003367221,-1.165376162,4.8719409,4.874201155,0.762598214,-0.236950803,-0.003367221,-17.329144,64.60194,54.24986,8.098793,-2.6135674,-0.03862202
12.65000066,1.7961235,-1.6094501,-1.2184666,-0.7811588,1.262346,1.4771636,-1.706354,-0.774963,0.1106168,0.065494984,-0.5906108,0.35604364,-1.165376162,4.8719409,4.874201155,0.762598214,-0.236950803,-0.003367221,-1.165376162,4.8719409,4.874201155,0.762598214,-0.236950803,-0.003367221,-17.329144,64.60194,54.24986,8.098793,-2.6135674,-0.03862202
12.66666733,1.7673846,-1.6227337,-1.2169559,-0.78017473,1.2523161,1.482834,-1.7269633,-0.7899673,0.10534586,0.061219174,-0.6019119,0.34008592,-1.204186281,5.04571043,4.895266647,0.765941552,-0.242566673,-0.003485567,-1.204186281,5.04571043,4.895266647,0.765941552,-0.242566673,-0.003485567,-17.90625,66.90612,54.484318,8.134299,-2.6755104,-0.039979458
12.68333399,1.7389334,-1.6359386,-1.2155403,-0.77923167,1.2423605,1.4882792,-1.708921,-0.7843449,0.10129839,0.058048103,-0.5976151,0.32665375,-0.626821204,6.122115583,5.484573282,0.870481498,-0.159359843,-0.002005813,-0.626821204,6.122115583,5.484573282,0.870481498,-0.159359843,-0.002005813,-9.320831,81.17925,61.0433,9.2445135,-1.7577391,-0.023006678
12.68333399,1.7389334,-1.6359386,-1.2155403,-0.77923167,1.2423605,1.4882792,-1.708921,-0.7843449,0.10129839,0.058048103,-0.5976151,0.32665375,-0.626821204,6.122115583,5.484573282,0.870481498,-0.159359843,-0.002005813,-0.626821204,6.122115583,5.484573282,0.870481498,-0.159359843,-0.002005813,-9.320831,81.17925,61.0433,9.2445135,-1.7577391,-0.023006678
12.70000066,1.7101653,-1.6493739,-1.214187,-0.77837974,1.2322239,1.4934599,-1.728838,-0.7990992,0.095932625,0.053614005,-0.6084321,0.31074804,-1.256772665,5.318958403,4.915053718,0.768116055,-0.251211044,-0.003743192,-1.256772665,5.318958403,4.915053718,0.768116055,-0.251211044,-0.003743192,-18.68821,70.52939,54.704548,8.1573925,-2.7708578,-0.042934418
12.70000066,1.7101653,-1.6493739,-1.214187,-0.77837974,1.2322239,1.4934599,-1.728838,-0.7990992,0.095932625,0.053614005,-0.6084321,0.31074804,-1.256772665,5.318958403,4.915053718,0.768116055,-0.251211044,-0.003743192,-1.256772665,5.318958403,4.915053718,0.768116055,-0.251211044,-0.003743192,-18.68821,70.52939,54.704548,8.1573925,-2.7708578,-0.042934418
12.70000066,1.7101653,-1.6493739,-1.214187,-0.77837974,1.2322239,1.4934599,-1.728838,-0.7990992,0.095932625,0.053614005,-0.6084321,0.31074804,-1.256772665,5.318958403,4.915053718,0.768116055,-0.251211044,-0.003743192,-1.256772665,5.318958403,4.915053718,0.768116055,-0.251211044,-0.003743192,-18.68821,70.52939,54.704548,8.1573925,-2.7708578,-0.042934418
12.71666733,1.6810808,-1.6630496,-1.2129251,-0.77760655,1.2219155,1.498375,-1.7476422,-0.8133943,0.090473406,0.04905255,-0.6186942,0.29477265,-1.292246528,5.494319979,4.933408821,0.771163323,-0.256724198,-0.003893696,-1.292246528,5.494319979,4.933408821,0.771163323,-0.256724198,-0.003893696,-19.215706,72.85468,54.90884,8.1897545,-2.831668,-0.044660687
12.733334,1.6523058,-1.6766342,-1.211757,-0.7768718,1.2116934,1.5030779,-1.7283529,-0.8070324,0.08659074,0.0459371,-0.61360425,0.28207317,-0.658624543,6.593298013,5.535886615,0.878167018,-0.174273995,-0.002359949,-0.658624543,6.593298013,5.535886615,0.878167018,-0.174273995,-0.002359949,-9.793747,87.42713,61.614418,9.326134,-1.9222422,-0.027068615
12.733334,1.6523058,-1.6766342,-1.211757,-0.7768718,1.2116934,1.5030779,-1.7283529,-0.8070324,0.08659074,0.0459371,-0.61360425,0.28207317,-0.658624543,6.593298013,5.535886615,0.878167018,-0.174273995,-0.002359949,-0.658624543,6.593298013,5.535886615,0.878167018,-0.174273995,-0.002359949,-9.793747,87.42713,61.614418,9.326134,-1.9222422,-0.027068615
12.75000066,1.6232435,-1.690437,-1.2106521,-0.7762346,1.201309,1.5075158,-1.746407,-0.8210586,0.081078775,0.04121771,-0.6233536,0.2661709,-1.336909783,5.765050137,4.947160582,0.772544803,-0.265153278,-0.004203993,-1.336909783,5.765050137,4.947160582,0.772544803,-0.265153278,-0.004203993,-19.879848,76.444565,55.061897,8.204426,-2.9246407,-0.0482198
12.75000066,1.6232435,-1.690437,-1.2106521,-0.7762346,1.201309,1.5075158,-1.746407,-0.8210586,0.081078775,0.04121771,-0.6233536,0.2661709,-1.336909783,5.765050137,4.947160582,0.772544803,-0.265153278,-0.004203993,-1.336909783,5.765050137,4.947160582,0.772544803,-0.265153278,-0.004203993,-19.879848,76.444565,55.061897,8.204426,-2.9246407,-0.0482198
12.76666733,1.5938963,-1.704467,-1.2096398,-0.77568144,1.1907686,1.5116882,-1.763302,-0.8346062,0.07550744,0.036374234,-0.63252497,0.25022942,-1.367314486,5.940010105,4.962146893,0.775194168,-0.270481317,-0.004383067,-1.367314486,5.940010105,4.962146893,0.775194168,-0.270481317,-0.004383067,-20.331966,78.764534,55.228695,8.232562,-2.983409,-0.050273776
12.783334,1.5648794,-1.7183939,-1.2087194,-0.77516395,1.1803293,1.5156606,-1.7428013,-0.8275244,0.07182745,0.03332734,-0.6266586,0.23827608,-0.676180103,7.056382699,5.574668,0.884076745,-0.189484538,-0.002809556,-0.676180103,7.056382699,5.574668,0.884076745,-0.189484538,-0.002809556,-10.054798,93.567635,62.046055,9.388895,-2.0900145,-0.03222561
12.783334,1.5648794,-1.7183939,-1.2087194,-0.77516395,1.1803293,1.5156606,-1.7428013,-0.8275244,0.07182745,0.03332734,-0.6266586,0.23827608,-0.676180103,7.056382699,5.574668,0.884076745,-0.189484538,-0.002809556,-0.676180103,7.056382699,5.574668,0.884076745,-0.189484538,-0.002809556,-10.054798,93.567635,62.046055,9.388895,-2.0900145,-0.03222561
12.783334,1.5648794,-1.7183939,-1.2087194,-0.77516395,1.1803293,1.5156606,-1.7428013,-0.8275244,0.07182745,0.03332734,-0.6266586,0.23827608,-0.676180103,7.056382699,5.574668,0.884076745,-0.189484538,-0.002809556,-0.676180103,7.056382699,5.574668,0.884076745,-0.189484538,-0.002809556,-10.054798,93.567635,62.046055,9.388895,-2.0900145,-0.03222561
12.80000067,1.5356072,-1.7325264,-1.207862,-0.7747508,1.1697462,1.5193695,-1.7588953,-0.8407877,0.06624576,0.028328873,-0.6352914,0.22242881,-1.401566465,6.204755274,4.968857744,0.775627003,-0.27860804,-0.004739697,-1.401566465,6.204755274,4.968857744,0.775627003,-0.27860804,-0.004739697,-20.841293,82.275055,55.303387,8.237159,-3.0730467,-0.054364324
12.80000067,1.5356072,-1.7325264,-1.207862,-0.7747508,1.1697462,1.5193695,-1.7588953,-0.8407877,0.06624576,0.028328873,-0.6352914,0.22242881,-1.401566465,6.204755274,4.968857744,0.775627003,-0.27860804,-0.004739697,-1.401566465,6.204755274,4.968857744,0.775627003,-0.27860804,-0.004739697,-20.841293,82.275055,55.303387,8.237159,-3.0730467,-0.054364324
12.81666734,1.5060834,-1.7468735,-1.2070978,-0.7744266,1.1590266,1.5228146,-1.7737937,-0.85355407,0.060638815,0.02321216,-0.6433251,0.20656899,-1.425394342,6.377371764,4.97993339,0.777794682,-0.283699779,-0.004943787,-1.425394342,6.377371764,4.97993339,0.777794682,-0.283699779,-0.004943787,-21.195614,84.56395,55.42666,8.2601795,-3.1292086,-0.056705236
12.833334,1.4769102,-1.7611052,-1.2064223,-0.77413523,1.1484199,1.5260724,-1.7521175,-0.84577286,0.057198476,0.020247394,-0.6367137,0.19536933,-0.676626989,7.50600835,5.599497121,0.8879913,-0.204853393,-0.003342017,-0.676626989,7.50600835,5.599497121,0.8879913,-0.204853393,-0.003342017,-10.061443,99.52967,62.322403,9.430468,-2.259533,-0.03833294
12.833334,1.4769102,-1.7611052,-1.2064223,-0.77413523,1.1484199,1.5260724,-1.7521175,-0.84577286,0.057198476,0.020247394,-0.6367137,0.19536933,-0.676626989,7.50600835,5.599497121,0.8879913,-0.204853393,-0.003342017,-0.676626989,7.50600835,5.599497121,0.8879913,-0.204853393,-0.003342017,-10.061443,99.52967,62.322403,9.430468,-2.259533,-0.03833294
12.85000067,1.4475152,-1.7755296,-1.2058084,-0.77395433,1.1376892,1.5290678,-1.7661608,-0.85823977,0.051625304,0.014979302,-0.64418286,0.17962122,-1.446699952,6.633050841,4.978998395,0.777188712,-0.291417451,-0.005338305,-1.446699952,6.633050841,4.978998395,0.777188712,-0.291417451,-0.005338305,-21.512428,87.954254,55.416252,8.253744,-3.2143345,-0.06123036
12.85000067,1.4475152,-1.7755296,-1.2058084,-0.77395433,1.1376892,1.5290678,-1.7661608,-0.85823977,0.051625304,0.014979302,-0.64418286,0.17962122,-1.446699952,6.633050841,4.978998395,0.777188712,-0.291417451,-0.005338305,-1.446699952,6.633050841,4.978998395,0.777188712,-0.291417451,-0.005338305,-21.512428,87.954254,55.416252,8.253744,-3.2143345,-0.06123036
12.86666734,1.4179031,-1.7901549,-1.2052872,-0.77386695,1.1268426,1.5318012,-1.7789739,-0.87019366,0.046061315,0.009599816,-0.6510388,0.16388695,-1.462311735,6.801369323,4.985750375,0.77880942,-0.296198317,-0.005562163,-1.462311735,6.801369323,4.985750375,0.77880942,-0.296198317,-0.005562163,-21.744576,90.18616,55.4914,8.270956,-3.2670674,-0.06379801
12.86666734,1.4179031,-1.7901549,-1.2052872,-0.77386695,1.1268426,1.5318012,-1.7789739,-0.87019366,0.046061315,0.009599816,-0.6510388,0.16388695,-1.462311735,6.801369323,4.985750375,0.77880942,-0.296198317,-0.005562163,-1.462311735,6.801369323,4.985750375,0.77880942,-0.296198317,-0.005562163,-21.744576,90.18616,55.4914,8.270956,-3.2670674,-0.06379801
12.88333401,1.3886606,-1.8046533,-1.2048507,-0.7738098,1.1161195,1.5343604,-1.7561707,-0.8617353,0.042895474,0.006730368,-0.6437157,0.15344757,-0.65786776,7.937130705,5.609338903,0.889751916,-0.220273866,-0.003942439,-0.65786776,7.937130705,5.609338903,0.889751916,-0.220273866,-0.003942439,-9.782494,105.24635,62.431942,9.449165,-2.4296207,-0.04521978
12.88333401,1.3886606,-1.8046533,-1.2048507,-0.7738098,1.1161195,1.5343604,-1.7561707,-0.8617353,0.042895474,0.006730368,-0.6437157,0.15344757,-0.65786776,7.937130705,5.609338903,0.889751916,-0.220273866,-0.003942439,-0.65786776,7.937130705,5.609338903,0.889751916,-0.220273866,-0.003942439,-9.782494,105.24635,62.431942,9.449165,-2.4296207,-0.04521978
12.90000067,1.3592304,-1.8193308,-1.2044734,-0.7738692,1.1052905,1.5366595,-1.7680813,-0.87337565,0.037410393,0.001205135,-0.6499882,0.137839,-1.468583795,7.045163576,4.976818225,0.777114807,-0.303434958,-0.005984982,-1.468583795,7.045163576,4.976818225,0.777114807,-0.303434958,-0.005984982,-21.837841,93.41887,55.391987,8.252959,-3.3468876,-0.06864774
12.90000067,1.3592304,-1.8193308,-1.2044734,-0.7738692,1.1052905,1.5366595,-1.7680813,-0.87337565,0.037410393,0.001205135,-0.6499882,0.137839,-1.468583795,7.045163576,4.976818225,0.777114807,-0.303434958,-0.005984982,-1.468583795,7.045163576,4.976818225,0.777114807,-0.303434958,-0.005984982,-21.837841,93.41887,55.391987,8.252959,-3.3468876,-0.06864774
12.91666734,1.3296195,-1.8341951,-1.2041866,-0.77402645,1.0943667,1.5386993,-1.7787293,-0.8844894,0.031969547,-0.004422651,-0.65562856,0.122268885,-1.474482338,7.207337692,4.978995653,0.778144901,-0.307832841,-0.006222844,-1.474482338,7.207337692,4.978995653,0.778144901,-0.307832841,-0.006222844,-21.925552,95.5693,55.41622,8.263899,-3.3953962,-0.071376026
12.93333401,1.3003974,-1.8489212,-1.2039796,-0.7742111,1.083579,1.5405773,-1.7548457,-0.8753778,0.0291091,-0.007180647,-0.6476243,0.11259158,-0.617934267,8.345066836,5.603621998,0.889268164,-0.235582284,-0.004593517,-0.617934267,8.345066836,5.603621998,0.889268164,-0.235582284,-0.004593517,-9.188683,110.65559,62.368313,9.444028,-2.5984726,-0.052687645
12.93333401,1.3003974,-1.8489212,-1.2039796,-0.7742111,1.083579,1.5405773,-1.7548457,-0.8753778,0.0291091,-0.007180647,-0.6476243,0.11259158,-0.617934267,8.345066836,5.603621998,0.889268164,-0.235582284,-0.004593517,-0.617934267,8.345066836,5.603621998,0.889268164,-0.235582284,-0.004593517,-9.188683,110.65559,62.368313,9.444028,-2.5984726,-0.052687645
12.95000068,1.2710232,-1.8638121,-1.2038279,-0.7745175,1.0727068,1.5421985,-1.7645475,-0.8861656,0.023791412,-0.012948873,-0.6526705,0.09716023,-1.464007698,7.436747716,4.961988547,0.775347456,-0.314524427,-0.006664636,-1.464007698,7.436747716,4.961988547,0.775347456,-0.314524427,-0.006664636,-21.769794,98.611275,55.226933,8.23419,-3.4692044,-0.076443374
12.95000068,1.2710232,-1.8638121,-1.2038279,-0.7745175,1.0727068,1.5421985,-1.7645475,-0.8861656,0.023791412,-0.012948873,-0.6526705,0.09716023,-1.464007698,7.436747716,4.961988547,0.775347456,-0.314524427,-0.006664636,-1.464007698,7.436747716,4.961988547,0.775347456,-0.314524427,-0.006664636,-21.769794,98.611275,55.226933,8.23419,-3.4692044,-0.076443374
12.95000068,1.2710232,-1.8638121,-1.2038279,-0.7745175,1.0727068,1.5421985,-1.7645475,-0.8861656,0.023791412,-0.012948873,-0.6526705,0.09716023,-1.464007698,7.436747716,4.961988547,0.775347456,-0.314524427,-0.006664636,-1.464007698,7.436747716,4.961988547,0.775347456,-0.314524427,-0.006664636,-21.769794,98.611275,55.226933,8.23419,-3.4692044,-0.076443374
12.96666734,1.2415051,-1.8788755,-1.2037632,-0.7749257,1.0617597,1.5435636,-1.7729614,-0.8964152,0.018553423,-0.018810438,-0.65707576,0.081788436,-1.459153515,7.591241805,4.959566745,0.775779483,-0.318504223,-0.006910301,-1.459153515,7.591241805,4.959566745,0.775779483,-0.318504223,-0.006910301,-21.697613,100.65987,55.199978,8.238778,-3.5131016,-0.079261154
12.98333401,1.212394,-1.8937893,-1.2037743,-0.775359,1.0509577,1.5447799,-1.7480525,-0.88667816,0.016025225,-0.021442534,-0.64843124,0.072869934,-0.555953261,8.725819652,5.582290197,0.886527563,-0.250659158,-0.005276414,-0.555953261,8.725819652,5.582290197,0.886527563,-0.250659158,-0.005276414,-8.267025,115.70437,62.13089,9.414923,-2.7647705,-0.06052047
12.98333401,1.212394,-1.8937893,-1.2037743,-0.775359,1.0509577,1.5447799,-1.7480525,-0.88667816,0.016025225,-0.021442534,-0.64843124,0.072869934,-0.555953261,8.725819652,5.582290197,0.886527563,-0.250659158,-0.005276414,-0.555953261,8.725819652,5.582290197,0.886527563,-0.250659158,-0.005276414,-8.267025,115.70437,62.13089,9.414923,-2.7647705,-0.06052047
13.00000068,1.1831675,-1.9088535,-1.2038352,-0.77591836,1.0400923,1.5457424,-1.7554792,-0.8965907,0.010957354,-0.02743676,-0.6522264,0.057646487,-1.430661805,7.804387871,4.934855184,0.771933446,-0.324598141,-0.007360129,-1.430661805,7.804387871,4.934855184,0.771933446,-0.324598141,-0.007360129,-21.273941,103.48618,54.92494,8.197933,-3.5803175,-0.08442068
13.00000068,1.1831675,-1.9088535,-1.2038352,-0.77591836,1.0400923,1.5457424,-1.7554792,-0.8965907,0.010957354,-0.02743676,-0.6522264,0.057646487,-1.430661805,7.804387871,4.934855184,0.771933446,-0.324598141,-0.007360129,-1.430661805,7.804387871,4.934855184,0.771933446,-0.324598141,-0.007360129,-21.273941,103.48618,54.92494,8.197933,-3.5803175,-0.08442068
13.01666735,1.1538347,-1.9240757,-1.203979,-0.77658343,1.0291743,1.5464526,-1.7615966,-0.9059539,0.006002925,-0.03351419,-0.6553733,0.04250387,-1.414170102,7.949929216,4.928004153,0.771784558,-0.328120641,-0.007606856,-1.414170102,7.949929216,4.928004153,0.771784558,-0.328120641,-0.007606856,-21.02871,105.41606,54.848686,8.196352,-3.6191707,-0.087250635
13.03333401,1.1249273,-1.9391383,-1.2041924,-0.7772711,1.0184109,1.5470266,-1.7357244,-0.89562094,0.003833444,-0.036003653,-0.6461321,0.03433857,-0.471892161,9.076397811,5.545967287,0.881617756,-0.265399392,-0.005972843,-0.471892161,9.076397811,5.545967287,0.881617756,-0.265399392,-0.005972843,-7.0170364,120.353035,61.726616,9.362781,-2.9273553,-0.068508506
13.03333401,1.1249273,-1.9391383,-1.2041924,-0.7772711,1.0184109,1.5470266,-1.7357244,-0.89562094,0.003833444,-0.036003653,-0.6461321,0.03433857,-0.471892161,9.076397811,5.545967287,0.881617756,-0.265399392,-0.005972843,-0.471892161,9.076397811,5.545967287,0.881617756,-0.265399392,-0.005972843,-7.0170364,120.353035,61.726616,9.362781,-2.9273553,-0.068508506
13.03333401,1.1249273,-1.9391383,-1.2041924,-0.7772711,1.0184109,1.5470266,-1.7357244,-0.89562094,0.003833444,-0.036003653,-0.6461321,0.03433857,-0.471892161,9.076397811,5.545967287,0.881617756,-0.265399392,-0.005972843,-0.471892161,9.076397811,5.545967287,0.881617756,-0.265399392,-0.005972843,-7.0170364,120.353035,61.726616,9.362781,-2.9273553,-0.068508506
13.05000068,1.0959418,-1.9543368,-1.2044502,-0.7780885,1.0076059,1.547351,-1.7408205,-0.9046374,-0.000905229,-0.042204317,-0.6486628,0.019349862,-1.367203149,8.14545863,4.896196843,0.766977393,-0.333608202,-0.008054614,-1.367203149,8.14545863,4.896196843,0.766977393,-0.333608202,-0.008054614,-20.33031,108.00878,54.49467,8.1453,-3.6796985,-0.092386425
13.05000068,1.0959418,-1.9543368,-1.2044502,-0.7780885,1.0076059,1.547351,-1.7408205,-0.9046374,-0.000905229,-0.042204317,-0.6486628,0.019349862,-1.367203149,8.14545863,4.896196843,0.766977393,-0.333608202,-0.008054614,-1.367203149,8.14545863,4.896196843,0.766977393,-0.333608202,-0.008054614,-20.33031,108.00878,54.49467,8.1453,-3.6796985,-0.092386425
13.06666735,1.0668905,-1.9696776,-1.204784,-0.7790148,0.9967685,1.5474273,-1.7445909,-0.91309637,-0.005494901,-0.048477083,-0.6505445,0.004458723,-1.338654745,8.281123189,4.885319987,0.766296171,-0.336660565,-0.008296756,-1.338654745,8.281123189,4.885319987,0.766296171,-0.336660565,-0.008296756,-19.905796,109.80769,54.37361,8.138065,-3.713366,-0.09516379
13.08333402,1.0382787,-1.9848491,-1.2051812,-0.77996176,0.98609596,1.5473797,-1.7178246,-0.902198,-0.007285076,-0.05080832,-0.64075214,-0.002961752,-0.366679373,9.394749545,5.495739754,0.874693201,-0.279714968,-0.006662804,-0.366679373,9.394749545,5.495739754,0.874693201,-0.279714968,-0.006662804,-5.4525223,124.57438,61.167583,9.289242,-3.085256,-0.07642236
13.08333402,1.0382787,-1.9848491,-1.2051812,-0.77996176,0.98609596,1.5473797,-1.7178246,-0.902198,-0.007285076,-0.05080832,-0.64075214,-0.002961752,-0.366679373,9.394749545,5.495739754,0.874693201,-0.279714968,-0.006662804,-0.366679373,9.394749545,5.495739754,0.874693201,-0.279714968,-0.006662804,-5.4525223,124.57438,61.167583,9.289242,-3.085256,-0.07642236
13.10000068,1.0096282,-2.0001414,-1.2056156,-0.7810412,0.97540224,1.5470865,-1.7205417,-0.9103015,-0.011616012,-0.057193656,-0.6420129,-0.017694002,-1.273221271,8.458229284,4.847307368,0.760650904,-0.34153576,-0.008732377,-1.273221271,8.458229284,4.847307368,0.760650904,-0.34153576,-0.008732377,-18.9328,112.15612,53.95053,8.078113,-3.7671394,-0.10016037
13.10000068,1.0096282,-2.0001414,-1.2056156,-0.7810412,0.97540224,1.5470865,-1.7205417,-0.9103015,-0.011616012,-0.057193656,-0.6420129,-0.017694002,-1.273221271,8.458229284,4.847307368,0.760650904,-0.34153576,-0.008732377,-1.273221271,8.458229284,4.847307368,0.760650904,-0.34153576,-0.008732377,-18.9328,112.15612,53.95053,8.078113,-3.7671394,-0.10016037
13.11666735,0.9809509,-2.01556,-1.2061188,-0.78223264,0.96469736,1.5465496,-1.7219218,-0.91784155,-0.015764408,-0.063640304,-0.6426232,-0.032312836,-1.232596156,8.583358258,4.832916397,0.759499221,-0.344117511,-0.008963837,-1.232596156,8.583358258,4.832916397,0.759499221,-0.344117511,-0.008963837,-18.328705,113.81533,53.79036,8.065882,-3.7956161,-0.10281521
13.11666735,0.9809509,-2.01556,-1.2061188,-0.78223264,0.96469736,1.5465496,-1.7219218,-0.91784155,-0.015764408,-0.063640304,-0.6426232,-0.032312836,-1.232596156,8.583358258,4.832916397,0.759499221,-0.344117511,-0.008963837,-1.232596156,8.583358258,4.832916397,0.759499221,-0.344117511,-0.008963837,-18.328705,113.81533,53.79036,8.065882,-3.7956161,-0.10281521
13.13333402,0.95272857,-2.0307999,-1.2066786,-0.783443,0.9541657,1.5459013,-1.694332,-0.9064118,-0.017156716,-0.06579658,-0.6323292,-0.03900037,-0.242037796,9.679663703,5.433148901,0.865963668,-0.293531746,-0.007329521,-0.242037796,9.679663703,5.433148901,0.865963668,-0.293531746,-0.007329521,-3.599102,128.35234,60.470947,9.196534,-3.2376552,-0.08406961
13.13333402,0.95272857,-2.0307999,-1.2066786,-0.783443,0.9541657,1.5459013,-1.694332,-0.9064118,-0.017156716,-0.06579658,-0.6323292,-0.03900037,-0.242037796,9.679663703,5.433148901,0.865963668,-0.293531746,-0.007329521,-0.242037796,9.679663703,5.433148901,0.865963668,-0.293531746,-0.007329521,-3.599102,128.35234,60.470947,9.196534,-3.2376552,-0.08406961
13.15000069,0.9245066,-2.046147,-1.2072679,-0.78478736,0.94363445,1.5450121,-1.6946331,-0.9135914,-0.02100213,-0.07234397,-0.6323179,-0.05345877,-1.149588651,8.741824695,4.789836366,0.753169275,-0.348421712,-0.009378101,-1.149588651,8.741824695,4.789836366,0.753169275,-0.348421712,-0.009378101,-17.094383,115.916595,53.31088,7.9986577,-3.8430915,-0.10756682
13.15000069,0.9245066,-2.046147,-1.2072679,-0.78478736,0.94363445,1.5450121,-1.6946331,-0.9135914,-0.02100213,-0.07234397,-0.6323179,-0.05345877,-1.149588651,8.741824695,4.789836366,0.753169275,-0.348421712,-0.009378101,-1.149588651,8.741824695,4.789836366,0.753169275,-0.348421712,-0.009378101,-17.094383,115.916595,53.31088,7.9986577,-3.8430915,-0.10756682
13.16666735,0.8962983,-2.0616047,-1.2079172,-0.7862464,0.9331127,1.5438837,-1.6935917,-0.920199,-0.024631687,-0.078939885,-0.6316632,-0.06779303,-1.097364496,8.856472171,4.772781962,0.751660728,-0.350571457,-0.009593608,-1.097364496,8.856472171,4.772781962,0.751660728,-0.350571457,-0.009593608,-16.31781,117.43682,53.121063,7.982637,-3.8668032,-0.11003868
13.18333402,0.8685586,-2.0768745,-1.2086163,-0.7877228,0.92277175,1.5426562,-1.6652583,-0.90826935,-0.025611782,-0.08090386,-0.6209199,-0.07376231,-0.100870908,9.93132095,5.360246026,0.855713645,-0.306838011,-0.007957377,-0.100870908,9.93132095,5.360246026,0.855713645,-0.306838011,-0.007957377,-1.4999504,131.68932,59.65954,9.087679,-3.3844233,-0.09127112
13.18333402,0.8685586,-2.0768745,-1.2086163,-0.7877228,0.92277175,1.5426562,-1.6652583,-0.90826935,-0.025611782,-0.08090386,-0.6209199,-0.07376231,-0.100870908,9.93132095,5.360246026,0.855713645,-0.306838011,-0.007957377,-0.100870908,9.93132095,5.360246026,0.855713645,-0.306838011,-0.007957377,-1.4999504,131.68932,59.65954,9.087679,-3.3844233,-0.09127112
13.20000069,0.840859,-2.0922356,-1.2093349,-0.7893342,0.91245174,1.5411922,-1.6631175,-0.9145147,-0.028894443,-0.08758836,-0.619644,-0.08793622,-0.998299348,8.996698831,4.725952354,0.744820629,-0.354367651,-0.009979691,-0.998299348,8.996698831,4.725952354,0.744820629,-0.354367651,-0.009979691,-14.844711,119.29623,52.59985,7.909995,-3.9086752,-0.114467055
13.20000069,0.840859,-2.0922356,-1.2093349,-0.7893342,0.91245174,1.5411922,-1.6631175,-0.9145147,-0.028894443,-0.08758836,-0.619644,-0.08793622,-0.998299348,8.996698831,4.725952354,0.744820629,-0.354367651,-0.009979691,-0.998299348,8.996698831,4.725952354,0.744820629,-0.354367651,-0.009979691,-14.844711,119.29623,52.59985,7.909995,-3.9086752,-0.114467055
13.20000069,0.840859,-2.0922356,-1.2093349,-0.7893342,0.91245174,1.5411922,-1.6631175,-0.9145147,-0.028894443,-0.08758836,-0.619644,-0.08793622,-0.998299348,8.996698831,4.725952354,0.744820629,-0.354367651,-0.009979691,-0.998299348,8.996698831,4.725952354,0.744820629,-0.354367651,-0.009979691,-14.844711,119.29623,52.59985,7.909995,-3.9086752,-0.114467055
13.21666736,0.81321365,-2.107691,-1.2101041,-0.7910621,0.90216285,1.5394944,-1.6596352,-0.9201853,-0.03193193,-0.09430643,-0.6177307,-0.101974465,-0.93538301,9.100688169,4.706874755,0.743024138,-0.356123713,-0.010174968,-0.93538301,9.100688169,4.706874755,0.743024138,-0.356123713,-0.010174968,-13.909145,120.675125,52.387516,7.8909163,-3.9280446,-0.11670688
13.23333402,0.7860489,-2.122951,-1.2109159,-0.792806,0.89206123,1.537709,-1.6306372,-0.9077945,-0.032489173,-0.096062444,-0.6065929,-0.10724332,0.053521203,10.15019712,5.279075917,0.844211812,-0.319603845,-0.008534157,0.053521203,10.15019712,5.279075917,0.844211812,-0.319603845,-0.008534157,0.7958603,134.59161,58.756115,8.965529,-3.5252304,-0.09788678
13.23333402,0.7860489,-2.122951,-1.2109159,-0.792806,0.89206123,1.537709,-1.6306372,-0.9077945,-0.032489173,-0.096062444,-0.6065929,-0.10724332,0.053521203,10.15019712,5.279075917,0.844211812,-0.319603845,-0.008534157,0.053521203,10.15019712,5.279075917,0.844211812,-0.319603845,-0.008534157,0.7958603,134.59161,58.756115,8.965529,-3.5252304,-0.09788678
13.25000069,0.7589643,-2.138288,-1.2117374,-0.79468447,0.88200164,1.5356919,-1.6260419,-0.9130996,-0.03513588,-0.10285631,-0.60406774,-0.121126615,-0.822471562,9.223844203,4.657826591,0.735880695,-0.359515742,-0.01052689,-0.822471562,9.223844203,4.657826591,0.735880695,-0.359515742,-0.01052689,-12.230152,122.308174,51.84161,7.815053,-3.9654586,-0.12074342
13.25000069,0.7589643,-2.138288,-1.2117374,-0.79468447,0.88200164,1.5356919,-1.6260419,-0.9130996,-0.03513588,-0.10285631,-0.60406774,-0.121126615,-0.822471562,9.223844203,4.657826591,0.735880695,-0.359515742,-0.01052689,-0.822471562,9.223844203,4.657826591,0.735880695,-0.359515742,-0.01052689,-12.230152,122.308174,51.84161,7.815053,-3.9654586,-0.12074342
13.26666736,0.731975,-2.1537035,-1.2125976,-0.7966815,0.87199366,1.5334452,-1.6201092,-0.9178278,-0.0375076,-0.10967117,-0.6009168,-0.13486408,-0.75005927,9.317742717,4.637678614,0.733915785,-0.360941995,-0.010698421,-0.75005927,9.317742717,4.637678614,0.733915785,-0.360941995,-0.010698421,-11.153381,123.55327,51.617363,7.7941856,-3.9811902,-0.12271088
13.28333403,0.7054768,-2.1689157,-1.2134929,-0.7986938,0.8621784,1.531123,-1.5905381,-0.90500855,-0.03763629,-0.11120249,-0.5894401,-0.1394509,0.216586556,10.3383854,5.192126182,0.831795816,-0.331901121,-0.0090503,0.216586556,10.3383854,5.192126182,0.831795816,-0.331901121,-0.0090503,3.220642,137.08699,57.788364,8.833672,-3.6608694,-0.10380694
13.28333403,0.7054768,-2.1689157,-1.2134929,-0.7986938,0.8621784,1.531123,-1.5905381,-0.90500855,-0.03763629,-0.11120249,-0.5894401,-0.1394509,0.216586556,10.3383854,5.192126182,0.831795816,-0.331901121,-0.0090503,0.216586556,10.3383854,5.192126182,0.831795816,-0.331901121,-0.0090503,3.220642,137.08699,57.788364,8.833672,-3.6608694,-0.10380694
13.28333403,0.7054768,-2.1689157,-1.2134929,-0.7986938,0.8621784,1.531123,-1.5905381,-0.90500855,-0.03763629,-0.11120249,-0.5894401,-0.1394509,0.216586556,10.3383854,5.192126182,0.831795816,-0.331901121,-0.0090503,0.216586556,10.3383854,5.192126182,0.831795816,-0.331901121,-0.0090503,3.220642,137.08699,57.788364,8.833672,-3.6608694,-0.10380694
13.30000069,0.6790988,-2.1841888,-1.2143867,-0.800839,0.8524254,1.5285741,-1.5834835,-0.9093696,-0.039578002,-0.118077,-0.5856866,-0.15304074,-0.625951289,9.42516931,4.58778114,0.726641414,-0.364035211,-0.01101253,-0.625951289,9.42516931,4.58778114,0.726641414,-0.364035211,-0.01101253,-9.307896,124.977745,51.062004,7.716932,-4.0153084,-0.12631372
13.30000069,0.6790988,-2.1841888,-1.2143867,-0.800839,0.8524254,1.5285741,-1.5834835,-0.9093696,-0.039578002,-0.118077,-0.5856866,-0.15304074,-0.625951289,9.42516931,4.58778114,0.726641414,-0.364035211,-0.01101253,-0.625951289,9.42516931,4.58778114,0.726641414,-0.364035211,-0.01101253,-9.307896,124.977745,51.062004,7.716932,-4.0153084,-0.12631372
13.31666736,0.652857,-2.1995256,-1.2153071,-0.8031037,0.84274447,1.5258008,-1.5751039,-0.91315717,-0.041216448,-0.12495806,-0.58132106,-0.16647957,-0.545710273,9.50946664,4.567340464,0.724594562,-0.365206856,-0.011158649,-0.545710273,9.50946664,4.567340464,0.724594562,-0.365206856,-0.011158649,-8.114712,126.09553,50.8345,7.6951942,-4.0282316,-0.12798971
13.33333403,0.62711525,-2.2146518,-1.2162546,-0.805383,0.83326054,1.5229628,-1.5450499,-0.89994836,-0.040913682,-0.12624958,-0.56956494,-0.17040543,0.384005076,10.49793525,5.10160064,0.818745744,-0.343749919,-0.009499996,0.384005076,10.49793525,5.10160064,0.818745744,-0.343749919,-0.009499996,5.7101555,139.20262,56.780815,8.69508,-3.7915616,-0.10896495
13.33333403,0.62711525,-2.2146518,-1.2162546,-0.805383,0.83326054,1.5229628,-1.5450499,-0.89994836,-0.040913682,-0.12624958,-0.56956494,-0.17040543,0.384005076,10.49793525,5.10160064,0.818745744,-0.343749919,-0.009499996,0.384005076,10.49793525,5.10160064,0.818745744,-0.343749919,-0.009499996,5.7101555,139.20262,56.780815,8.69508,-3.7915616,-0.10896495
13.3500007,0.6015338,-2.2298226,-1.217189,-0.8077929,0.82385945,1.5199028,-1.5355448,-0.90336853,-0.042083774,-0.13317454,-0.56461054,-0.18370648,-0.413438018,9.602903708,4.517967725,0.717360376,-0.368123258,-0.011433283,-0.413438018,9.602903708,4.517967725,0.717360376,-0.368123258,-0.011433283,-6.1478233,127.3345,50.28498,7.618367,-4.0603995,-0.13113976
13.3500007,0.6015338,-2.2298226,-1.217189,-0.8077929,0.82385945,1.5199028,-1.5355448,-0.90336853,-0.042083774,-0.13317454,-0.56461054,-0.18370648,-0.413438018,9.602903708,4.517967725,0.717360376,-0.368123258,-0.011433283,-0.413438018,9.602903708,4.517967725,0.717360376,-0.368123258,-0.011433283,-6.1478233,127.3345,50.28498,7.618367,-4.0603995,-0.13113976
13.36666736,0.57612944,-2.2450423,-1.2181369,-0.810323,0.8145502,1.5166229,-1.524733,-0.9062195,-0.042923823,-0.1400922,-0.55906314,-0.19685057,-0.327235865,9.678557843,4.498094968,0.715332606,-0.369130365,-0.011552747,-0.327235865,9.678557843,4.498094968,0.715332606,-0.369130365,-0.011552747,-4.8659973,128.33768,50.063797,7.5968323,-4.071508,-0.13251
13.36666736,0.57612944,-2.2450423,-1.2181369,-0.810323,0.8145502,1.5166229,-1.524733,-0.9062195,-0.042923823,-0.1400922,-0.55906314,-0.19685057,-0.327235865,9.678557843,4.498094968,0.715332606,-0.369130365,-0.011552747,-0.327235865,9.678557843,4.498094968,0.715332606,-0.369130365,-0.011552747,-4.8659973,128.33768,50.063797,7.5968323,-4.071508,-0.13251
13.38333403,0.5512322,-2.2600448,-1.2191038,-0.8128675,0.8054418,1.5132893,-1.4942924,-0.89265954,-0.042190105,-0.14112887,-0.5470871,-0.20013887,0.550849981,10.63173159,5.009694198,0.805340603,-0.355227687,-0.009881135,0.550849981,10.63173159,5.009694198,0.805340603,-0.355227687,-0.009881135,8.191139,140.97676,55.757896,8.552717,-3.9181614,-0.11333662
13.38333403,0.5512322,-2.2600448,-1.2191038,-0.8128675,0.8054418,1.5132893,-1.4942924,-0.89265954,-0.042190105,-0.14112887,-0.5470871,-0.20013887,0.550849981,10.63173159,5.009694198,0.805340603,-0.355227687,-0.009881135,0.550849981,10.63173159,5.009694198,0.805340603,-0.355227687,-0.009881135,8.191139,140.97676,55.757896,8.552717,-3.9181614,-0.11333662
13.4000007,0.52653563,-2.2750773,-1.2200445,-0.8155391,0.7964356,1.5097381,-1.482359,-0.8951435,-0.04252544,-0.148073,-0.5409686,-0.21315548,-0.190108401,9.760003644,4.450480829,0.708289919,-0.371997138,-0.011787294,-0.190108401,9.760003644,4.450480829,0.708289919,-0.371997138,-0.011787294,-2.826912,129.41765,49.53385,7.522039,-4.1031284,-0.13520026
13.4000007,0.52653563,-2.2750773,-1.2200445,-0.8155391,0.7964356,1.5097381,-1.482359,-0.8951435,-0.04252544,-0.148073,-0.5409686,-0.21315548,-0.190108401,9.760003644,4.450480829,0.708289919,-0.371997138,-0.011787294,-0.190108401,9.760003644,4.450480829,0.708289919,-0.371997138,-0.011787294,-2.826912,129.41765,49.53385,7.522039,-4.1031284,-0.13520026
13.41666737,0.5020557,-2.290143,-1.2209847,-0.8183309,0.78753984,1.505973,-1.4691426,-0.8970632,-0.042507462,-0.15499412,-0.53427804,-0.22601299,-0.099960461,9.828112388,4.431938247,0.706370402,-0.372931488,-0.011880287,-0.099960461,9.828112388,4.431938247,0.706370402,-0.372931488,-0.011880287,-1.486412,130.32077,49.327473,7.5016537,-4.1134343,-0.13626689
13.43333403,0.4780883,-2.304986,-1.2219356,-0.82113683,0.7788474,1.5021635,-1.4384171,-0.88319445,-0.041349147,-0.15576239,-0.5221426,-0.22869043,0.712371754,10.7426547,4.918169226,0.791791783,-0.366389438,-0.010194915,0.712371754,10.7426547,4.918169226,0.791791783,-0.366389438,-0.010194915,10.592968,142.4476,54.739223,8.408829,-4.0412755,-0.11693567
13.43333403,0.4780883,-2.304986,-1.2219356,-0.82113683,0.7788474,1.5021635,-1.4384171,-0.88319445,-0.041349147,-0.15576239,-0.5221426,-0.22869043,0.712371754,10.7426547,4.918169226,0.791791783,-0.366389438,-0.010194915,0.712371754,10.7426547,4.918169226,0.791791783,-0.366389438,-0.010194915,10.592968,142.4476,54.739223,8.408829,-4.0412755,-0.11693567
13.4500007,0.45436046,-2.3198445,-1.2228466,-0.82406586,0.77027625,1.4981412,-1.4240879,-0.88474935,-0.040792093,-0.16269322,-0.5149004,-0.24143481,0.038758299,9.899545615,4.387059516,0.699630026,-0.375857055,-0.012076109,0.038758299,9.899545615,4.387059516,0.699630026,-0.375857055,-0.012076109,0.5763359,131.26797,48.827972,7.430071,-4.1457033,-0.13851297
13.4500007,0.45436046,-2.3198445,-1.2228466,-0.82406586,0.77027625,1.4981412,-1.4240879,-0.88474935,-0.040792093,-0.16269322,-0.5149004,-0.24143481,0.038758299,9.899545615,4.387059516,0.699630026,-0.375857055,-0.012076109,0.038758299,9.899545615,4.387059516,0.699630026,-0.375857055,-0.012076109,0.5763359,131.26797,48.827972,7.430071,-4.1457033,-0.13851297
13.4500007,0.45436046,-2.3198445,-1.2228466,-0.82406586,0.77027625,1.4981412,-1.4240879,-0.88474935,-0.040792093,-0.16269322,-0.5149004,-0.24143481,0.038758299,9.899545615,4.387059516,0.699630026,-0.375857055,-0.012076109,0.038758299,9.899545615,4.387059516,0.699630026,-0.375857055,-0.012076109,0.5763359,131.26797,48.827972,7.430071,-4.1457033,-0.13851297
13.46666737,0.43088922,-2.3347204,-1.2237422,-0.8271145,0.7618341,1.4939085,-1.4085042,-0.88574636,-0.03986081,-0.16958591,-0.5071096,-0.25402063,0.130802942,9.961205622,4.37047021,0.697882027,-0.376801348,-0.012145114,0.130802942,9.961205622,4.37047021,0.697882027,-0.376801348,-0.012145114,1.9450397,132.08559,48.643333,7.411507,-4.156119,-0.13930446
13.48333404,0.40793428,-2.3493686,-1.2246404,-0.83017737,0.7535967,1.489642,-1.3775959,-0.8716073,-0.0382872,-0.17007159,-0.4948772,-0.25611016,0.864185931,10.83413954,4.828722972,0.778307529,-0.37729712,-0.010443368,0.864185931,10.83413954,4.828722972,0.778307529,-0.37729712,-0.010443368,12.850445,143.66069,53.743687,8.265626,-4.161587,-0.11978543
13.48333404,0.40793428,-2.3493686,-1.2246404,-0.83017737,0.7535967,1.489642,-1.3775959,-0.8716073,-0.0382872,-0.17007159,-0.4948772,-0.25611016,0.864185931,10.83413954,4.828722972,0.778307529,-0.37729712,-0.010443368,0.864185931,10.83413954,4.828722972,0.778307529,-0.37729712,-0.010443368,12.850445,143.66069,53.743687,8.265626,-4.161587,-0.11978543
13.5000007,0.3852574,-2.364017,-1.2254846,-0.83335775,0.7454982,1.4851673,-1.360918,-0.8722469,-0.03678491,-0.1769561,-0.48655888,-0.26859733,0.267737106,10.02440877,4.328966441,0.691506239,-0.379882287,-0.012303875,0.267737106,10.02440877,4.328966441,0.691506239,-0.379882287,-0.012303875,3.9812508,132.92366,48.181396,7.3437963,-4.1901016,-0.14112544
13.5000007,0.3852574,-2.364017,-1.2254846,-0.83335775,0.7454982,1.4851673,-1.360918,-0.8722469,-0.03678491,-0.1769561,-0.48655888,-0.26859733,0.267737106,10.02440877,4.328966441,0.691506239,-0.379882287,-0.012303875,0.267737106,10.02440877,4.328966441,0.691506239,-0.379882287,-0.012303875,3.9812508,132.92366,48.181396,7.3437963,-4.1901016,-0.14112544
13.51666737,0.36287588,-2.378668,-1.226297,-0.836657,0.73754627,1.4804866,-1.3430222,-0.872336,-0.03488997,-0.18378696,-0.47771898,-0.28092727,0.359597684,10.08074316,4.314803734,0.689981258,-0.380916933,-0.012349355,0.359597684,10.08074316,4.314803734,0.689981258,-0.380916933,-0.012349355,5.3472176,133.67065,48.023766,7.327601,-4.201514,-0.1416471
13.53333404,0.34101248,-2.393087,-1.2271044,-0.83997005,0.7297996,1.4757811,-1.3120364,-0.8579703,-0.03291622,-0.18397874,-0.4654504,-0.28245777,1.002397133,10.90896284,4.742317851,0.764981502,-0.387966989,-0.010632154,1.002397133,10.90896284,4.742317851,0.764981502,-0.387966989,-0.010632154,14.905645,144.65285,52.781998,8.124104,-4.279276,-0.121950805
13.53333404,0.34101248,-2.393087,-1.2271044,-0.83997005,0.7297996,1.4757811,-1.3120364,-0.8579703,-0.03291622,-0.18397874,-0.4654504,-0.28245777,1.002397133,10.90896284,4.742317851,0.764981502,-0.387966989,-0.010632154,1.002397133,10.90896284,4.742317851,0.764981502,-0.387966989,-0.010632154,14.905645,144.65285,52.781998,8.124104,-4.279276,-0.121950805
13.53333404,0.34101248,-2.393087,-1.2271044,-0.83997005,0.7297996,1.4757811,-1.3120364,-0.8579703,-0.03291622,-0.18397874,-0.4654504,-0.28245777,1.002397133,10.90896284,4.742317851,0.764981502,-0.387966989,-0.010632154,1.002397133,10.90896284,4.742317851,0.764981502,-0.387966989,-0.010632154,14.905645,144.65285,52.781998,8.124104,-4.279276,-0.121950805
13.55000071,0.3194649,-2.4074926,-1.2278428,-0.8433951,0.722209,1.4708711,-1.2930671,-0.85770845,-0.030420715,-0.19078405,-0.45610872,-0.2947063,0.492048488,10.13763911,4.27720686,0.684018413,-0.384206677,-0.012474862,0.492048488,10.13763911,4.27720686,0.684018413,-0.384206677,-0.012474862,7.316761,134.4251,47.605312,7.2642756,-4.2377996,-0.14308667
13.55000071,0.3194649,-2.4074926,-1.2278428,-0.8433951,0.722209,1.4708711,-1.2930671,-0.85770845,-0.030420715,-0.19078405,-0.45610872,-0.2947063,0.492048488,10.13763911,4.27720686,0.684018413,-0.384206677,-0.012474862,0.492048488,10.13763911,4.27720686,0.684018413,-0.384206677,-0.012474862,7.316761,134.4251,47.605312,7.2642756,-4.2377996,-0.14308667
13.56666737,0.29825032,-2.4218853,-1.2285329,-0.84693724,0.7147817,1.4657594,-1.2729222,-0.8569081,-0.027517151,-0.19751814,-0.44627452,-0.30680045,0.581812009,10.18955236,4.265698675,0.682727271,-0.385384114,-0.012500206,0.581812009,10.18955236,4.265698675,0.682727271,-0.385384114,-0.012500206,8.651545,135.11346,47.477226,7.2505636,-4.250787,-0.14337736
13.58333404,0.27755347,-2.4360428,-1.2292094,-0.850493,0.7075588,1.4606314,-1.2419684,-0.8423549,-0.025160184,-0.19740565,-0.43403193,-0.30779815,1.123632419,10.9703064,4.659857326,0.7519132,-0.398423255,-0.01076594,1.123632419,10.9703064,4.659857326,0.7519132,-0.398423255,-0.01076594,16.708414,145.46626,51.864212,7.985318,-4.3946085,-0.12348533
13.58333404,0.27755347,-2.4360428,-1.2292094,-0.850493,0.7075588,1.4606314,-1.2419684,-0.8423549,-0.025160184,-0.19740565,-0.43403193,-0.30779815,1.123632419,10.9703064,4.659857326,0.7519132,-0.398423255,-0.01076594,1.123632419,10.9703064,4.659857326,0.7519132,-0.398423255,-0.01076594,16.708414,145.46626,51.864212,7.985318,-4.3946085,-0.12348533
13.60000071,0.25720918,-2.450173,-1.2298021,-0.85415393,0.70050836,1.4553024,-1.2207793,-0.84121084,-0.021631682,-0.20409715,-0.42372465,-0.31982973,0.70707915,10.24171188,4.232162243,0.677175082,-0.388920145,-0.012595194,0.70707915,10.24171188,4.232162243,0.677175082,-0.388920145,-0.012595194,10.514267,135.8051,47.103966,7.1915994,-4.289789,-0.14446688
13.60000071,0.25720918,-2.450173,-1.2298021,-0.85415393,0.70050836,1.4553024,-1.2207793,-0.84121084,-0.021631682,-0.20409715,-0.42372465,-0.31982973,0.70707915,10.24171188,4.232162243,0.677175082,-0.388920145,-0.012595194,0.70707915,10.24171188,4.232162243,0.677175082,-0.388920145,-0.012595194,10.514267,135.8051,47.103966,7.1915994,-4.289789,-0.14446688
13.61666738,0.23723426,-2.4642751,-1.2303293,-0.85792994,0.6936368,1.4497749,-1.1984634,-0.83953816,-0.017681997,-0.2107012,-0.41295776,-0.33170992,0.793012454,10.29033517,4.223546442,0.676140453,-0.390290695,-0.012602953,0.793012454,10.29033517,4.223546442,0.676140453,-0.390290695,-0.012602953,11.792095,136.44984,47.00807,7.1806116,-4.3049064,-0.14455587
13.61666738,0.23723426,-2.4642751,-1.2303293,-0.85792994,0.6936368,1.4497749,-1.1984634,-0.83953816,-0.017681997,-0.2107012,-0.41295776,-0.33170992,0.793012454,10.29033517,4.223546442,0.676140453,-0.390290695,-0.012602953,0.793012454,10.29033517,4.223546442,0.676140453,-0.390290695,-0.012602953,11.792095,136.44984,47.00807,7.1806116,-4.3049064,-0.14455587
13.63333404,0.21777532,-2.4781387,-1.2308347,-0.86171895,0.6869685,1.4442403,-1.1676515,-0.8248428,-0.014962669,-0.21027641,-0.4008012,-0.332201,1.225512542,11.02030943,4.581470609,0.739077884,-0.408608894,-0.010851574,1.225512542,11.02030943,4.581470609,0.739077884,-0.408608894,-0.010851574,18.223372,146.1293,50.991768,7.849007,-4.506956,-0.12446755
13.63333404,0.21777532,-2.4781387,-1.2308347,-0.86171895,0.6869685,1.4442403,-1.1676515,-0.8248428,-0.014962669,-0.21027641,-0.4008012,-0.332201,1.225512542,11.02030943,4.581470609,0.739077884,-0.408608894,-0.010851574,1.225512542,11.02030943,4.581470609,0.739077884,-0.408608894,-0.010851574,18.223372,146.1293,50.991768,7.849007,-4.506956,-0.12446755
13.65000071,0.19870394,-2.4919622,-1.2312403,-0.86560655,0.6804875,1.4385074,-1.1443276,-0.8228386,-0.010365807,-0.21682043,-0.389593,-0.34404063,0.909057045,10.33893545,4.193967972,0.670955186,-0.394055634,-0.012670492,0.909057045,10.33893545,4.193967972,0.670955186,-0.394055634,-0.012670492,13.517678,137.09428,46.678864,7.125544,-4.3464336,-0.14533055
13.65000071,0.19870394,-2.4919622,-1.2312403,-0.86560655,0.6804875,1.4385074,-1.1443276,-0.8228386,-0.010365807,-0.21682043,-0.389593,-0.34404063,0.909057045,10.33893545,4.193967972,0.670955186,-0.394055634,-0.012670492,0.909057045,10.33893545,4.193967972,0.670955186,-0.394055634,-0.012670492,13.517678,137.09428,46.678864,7.125544,-4.3464336,-0.14533055
13.66666738,0.18003683,-2.5057433,-1.231563,-0.8696062,0.6741999,1.4325794,-1.1199286,-0.82031953,-0.005338768,-0.22326049,-0.3779595,-0.35573307,0.989886299,10.38489593,4.188131793,0.670144922,-0.395618907,-0.012663233,0.989886299,10.38489593,4.188131793,0.670144922,-0.395618907,-0.012663233,14.719609,137.70372,46.613907,7.116939,-4.3636765,-0.14524728
13.68333405,0.16188169,-2.5192838,-1.231856,-0.8736176,0.66811234,1.4266524,-1.089372,-0.80552214,-0.002284197,-0.22251767,-0.36595085,-0.35574636,1.306323069,11.06131023,4.507206371,0.726454137,-0.418469437,-0.010893391,1.306323069,11.06131023,4.507206371,0.726454137,-0.418469437,-0.010893391,19.425024,146.67297,50.165207,7.714943,-4.615718,-0.12494719
13.68333405,0.16188169,-2.5192838,-1.231856,-0.8736176,0.66811234,1.4266524,-1.089372,-0.80552214,-0.002284197,-0.22251767,-0.36595085,-0.35574636,1.306323069,11.06131023,4.507206371,0.726454137,-0.418469437,-0.010893391,1.306323069,11.06131023,4.507206371,0.726454137,-0.418469437,-0.010893391,19.425024,146.67297,50.165207,7.714943,-4.615718,-0.12494719
13.70000071,0.14414787,-2.5327706,-1.2320338,-0.87772,0.6622262,1.42053,-1.064007,-0.802683,0.003409615,-0.22888087,-0.35390773,-0.36741945,1.095199328,10.43109002,4.162328605,0.665280509,-0.399573413,-0.012706162,1.095199328,10.43109002,4.162328605,0.665280509,-0.399573413,-0.012706162,16.285614,138.31625,46.326717,7.065279,-4.4072948,-0.14573967
13.70000071,0.14414787,-2.5327706,-1.2320338,-0.87772,0.6622262,1.42053,-1.064007,-0.802683,0.003409615,-0.22888087,-0.35390773,-0.36741945,1.095199328,10.43109002,4.162328605,0.665280509,-0.399573413,-0.012706162,1.095199328,10.43109002,4.162328605,0.665280509,-0.399573413,-0.012706162,16.285614,138.31625,46.326717,7.065279,-4.4072948,-0.14573967
13.70000071,0.14414787,-2.5327706,-1.2320338,-0.87772,0.6622262,1.42053,-1.064007,-0.802683,0.003409615,-0.22888087,-0.35390773,-0.36741945,1.095199328,10.43109002,4.162328605,0.665280509,-0.399573413,-0.012706162,1.095199328,10.43109002,4.162328605,0.665280509,-0.399573413,-0.012706162,16.285614,138.31625,46.326717,7.065279,-4.4072948,-0.14573967
13.71666738,0.12685148,-2.5462022,-1.2321099,-0.8819315,0.656547,1.4142148,-1.0376265,-0.79934454,0.009541571,-0.23512384,-0.34147555,-0.37895286,1.169676739,10.47506663,4.159144207,0.664664437,-0.40133261,-0.012685661,1.169676739,10.47506663,4.159144207,0.664664437,-0.40133261,-0.012685661,17.393093,138.89938,46.291275,7.0587363,-4.4266987,-0.14550453
13.73333405,0.110061176,-2.5593903,-1.2321494,-0.88615286,0.65106434,1.4079082,-1.0074369,-0.7844858,0.01290114,-0.23405841,-0.3296729,-0.37851417,1.365455366,11.09492674,4.436720499,0.713952697,-0.427891532,-0.010895869,1.365455366,11.09492674,4.436720499,0.713952697,-0.427891532,-0.010895869,20.304321,147.11873,49.3807,7.5821776,-4.7196436,-0.12497562
13.73333405,0.110061176,-2.5593903,-1.2321494,-0.88615286,0.65106434,1.4079082,-1.0074369,-0.7844858,0.01290114,-0.23405841,-0.3296729,-0.37851417,1.365455366,11.09492674,4.436720499,0.713952697,-0.427891532,-0.010895869,1.365455366,11.09492674,4.436720499,0.713952697,-0.427891532,-0.010895869,20.304321,147.11873,49.3807,7.5821776,-4.7196436,-0.12497562
13.75000072,0.09372406,-2.5725112,-1.2320572,-0.8904579,0.6457959,1.4014082,-0.9801399,-0.780842,0.0197142,-0.24020854,-0.3168671,-0.39005056,1.26319993,10.51947362,4.136646404,0.660024794,-0.405395452,-0.012706214,1.26319993,10.51947362,4.136646404,0.660024794,-0.405395452,-0.012706214,18.783783,139.48822,46.040874,7.0094633,-4.471512,-0.14574027
13.75000072,0.09372406,-2.5725112,-1.2320572,-0.8904579,0.6457959,1.4014082,-0.9801399,-0.780842,0.0197142,-0.24020854,-0.3168671,-0.39005056,1.26319993,10.51947362,4.136646404,0.660024794,-0.405395452,-0.012706214,1.26319993,10.51947362,4.136646404,0.660024794,-0.405395452,-0.012706214,18.783783,139.48822,46.040874,7.0094633,-4.471512,-0.14574027
13.76666738,0.07785576,-2.5855649,-1.2318443,-0.8948679,0.64074624,1.3947172,-0.9518911,-0.7767168,0.026968272,-0.24622284,-0.3037099,-0.4014534,1.330624255,10.56178857,4.135754937,0.659542524,-0.407308421,-0.012674868,1.330624255,10.56178857,4.135754937,0.659542524,-0.407308421,-0.012674868,19.786383,140.04932,46.030952,7.0043416,-4.492612,-0.14538074
13.78333405,0.062485687,-2.5983741,-1.2315884,-0.8992855,0.6358887,1.3880428,-0.92218196,-0.7618404,0.030599311,-0.24483325,-0.29217076,-0.4005891,1.402925082,11.12225102,4.369405659,0.701452424,-0.436738655,-0.010862024,1.402925082,11.12225102,4.369405659,0.701452424,-0.436738655,-0.010862024,20.861496,147.48105,48.631485,7.4494247,-4.8172274,-0.12458742
13.78333405,0.062485687,-2.5983741,-1.2315884,-0.8992855,0.6358887,1.3880428,-0.92218196,-0.7618404,0.030599311,-0.24483325,-0.29217076,-0.4005891,1.402925082,11.12225102,4.369405659,0.701452424,-0.436738655,-0.010862024,1.402925082,11.12225102,4.369405659,0.701452424,-0.436738655,-0.010862024,20.861496,147.48105,48.631485,7.4494247,-4.8172274,-0.12458742
13.78333405,0.062485687,-2.5983741,-1.2315884,-0.8992855,0.6358887,1.3880428,-0.92218196,-0.7618404,0.030599311,-0.24483325,-0.29217076,-0.4005891,1.402925082,11.12225102,4.369405659,0.701452424,-0.436738655,-0.010862024,1.402925082,11.12225102,4.369405659,0.701452424,-0.436738655,-0.010862024,20.861496,147.48105,48.631485,7.4494247,-4.8172274,-0.12458742
13.80000072,0.047598805,-2.6111045,-1.2311842,-0.90377927,0.631257,1.3811767,-0.89307034,-0.75742227,0.038546283,-0.2507383,-0.278677,-0.4120184,1.412054702,10.6051691,4.116235889,0.655060479,-0.41138419,-0.012673319,1.412054702,10.6051691,4.116235889,0.655060479,-0.41138419,-0.012673319,20.997253,140.62454,45.813705,6.9567423,-4.5375676,-0.14536297
13.80000072,0.047598805,-2.6111045,-1.2311842,-0.90377927,0.631257,1.3811767,-0.89307034,-0.75742227,0.038546283,-0.2507383,-0.278677,-0.4120184,1.412054702,10.6051691,4.116235889,0.655060479,-0.41138419,-0.012673319,1.412054702,10.6051691,4.116235889,0.655060479,-0.41138419,-0.012673319,20.997253,140.62454,45.813705,6.9567423,-4.5375676,-0.14536297
13.81666739,0.033209957,-2.6237545,-1.2306411,-0.90837353,0.62685484,1.374123,-0.8630772,-0.7525399,0.046933845,-0.25649253,-0.26487118,-0.42332163,1.471832573,10.64627577,4.117349452,0.654662755,-0.413416779,-0.012632183,1.471832573,10.64627577,4.117349452,0.654662755,-0.413416779,-0.012632183,21.88615,141.16962,45.8261,6.9525185,-4.559987,-0.14489114
13.83333405,0.019309588,-2.6361609,-1.2300477,-0.91297203,0.6226392,1.3670907,-0.83396274,-0.73768914,0.05080102,-0.25477812,-0.25365117,-0.42206204,1.419544156,11.14417374,4.304629837,0.688824681,-0.444862352,-0.010793845,1.419544156,11.14417374,4.304629837,0.688824681,-0.444862352,-0.010793845,21.108622,147.77174,47.91053,7.315318,-4.9068317,-0.1238054
13.83333405,0.019309588,-2.6361609,-1.2300477,-0.91297203,0.6226392,1.3670907,-0.83396274,-0.73768914,0.05080102,-0.25477812,-0.25365117,-0.42206204,1.419544156,11.14417374,4.304629837,0.688824681,-0.444862352,-0.010793845,1.419544156,11.14417374,4.304629837,0.688824681,-0.444862352,-0.010793845,21.108622,147.77174,47.91053,7.315318,-4.9068317,-0.1238054
13.85000072,0.005920262,-2.6484761,-1.2292902,-0.91763896,0.61865973,1.3598688,-0.8031668,-0.7325275,0.05988877,-0.26040834,-0.2395468,-0.4334158,1.541239925,10.6888738,4.100287164,0.65023477,-0.417380623,-0.012609142,1.541239925,10.6888738,4.100287164,0.65023477,-0.417380623,-0.012609142,22.918238,141.73447,45.636196,6.9054933,-4.6037083,-0.14462686
13.85000072,0.005920262,-2.6484761,-1.2292902,-0.91763896,0.61865973,1.3598688,-0.8031668,-0.7325275,0.05988877,-0.26040834,-0.2395468,-0.4334158,1.541239925,10.6888738,4.100287164,0.65023477,-0.417380623,-0.012609142,1.541239925,10.6888738,4.100287164,0.65023477,-0.417380623,-0.012609142,22.918238,141.73447,45.636196,6.9054933,-4.6037083,-0.14462686
13.86666739,-0.006944017,-2.6606991,-1.228375,-0.9224014,0.61491925,1.3524573,-0.77156425,-0.72692394,0.069414526,-0.2658742,-0.22517128,-0.44465292,1.593241919,10.72875608,4.102926606,0.649841537,-0.41945856,-0.012559556,1.593241919,10.72875608,4.102926606,0.649841537,-0.41945856,-0.012559556,23.691507,142.2633,45.665573,6.901317,-4.626628,-0.14405811
13.86666739,-0.006944017,-2.6606991,-1.228375,-0.9224014,0.61491925,1.3524573,-0.77156425,-0.72692394,0.069414526,-0.2658742,-0.22517128,-0.44465292,1.593241919,10.72875608,4.102926606,0.649841537,-0.41945856,-0.012559556,1.593241919,10.72875608,4.102926606,0.649841537,-0.41945856,-0.012559556,23.691507,142.2633,45.665573,6.901317,-4.626628,-0.14405811
13.88333406,-0.019331498,-2.6726778,-1.2274033,-0.92716414,0.6113588,1.3450758,-0.74315536,-0.71213734,0.07347719,-0.26383802,-0.21432318,-0.44301364,1.416919275,11.16147509,4.241837795,0.675951604,-0.452110795,-0.010690246,1.416919275,11.16147509,4.241837795,0.675951604,-0.452110795,-0.010690246,21.06959,148.00116,47.211655,7.178606,-4.986782,-0.122617126
13.88333406,-0.019331498,-2.6726778,-1.2274033,-0.92716414,0.6113588,1.3450758,-0.74315536,-0.71213734,0.07347719,-0.26383802,-0.21432318,-0.44301364,1.416919275,11.16147509,4.241837795,0.675951604,-0.452110795,-0.010690246,1.416919275,11.16147509,4.241837795,0.675951604,-0.452110795,-0.010690246,21.06959,148.00116,47.211655,7.178606,-4.986782,-0.122617126
13.90000072,-0.031182388,-2.684555,-1.2262511,-0.93198776,0.6080435,1.3375047,-0.71081537,-0.70627254,0.08370653,-0.26916608,-0.19968887,-0.454323,1.651155412,10.77052443,4.087783663,0.645362096,-0.423170325,-0.012514003,1.651155412,10.77052443,4.087783663,0.645362096,-0.423170325,-0.012514003,24.552681,142.81715,45.497032,6.8537455,-4.6675687,-0.14353561
13.90000072,-0.031182388,-2.684555,-1.2262511,-0.93198776,0.6080435,1.3375047,-0.71081537,-0.70627254,0.08370653,-0.26916608,-0.19968887,-0.454323,1.651155412,10.77052443,4.087783663,0.645362096,-0.423170325,-0.012514003,1.651155412,10.77052443,4.087783663,0.645362096,-0.423170325,-0.012514003,24.552681,142.81715,45.497032,6.8537455,-4.6675687,-0.14353561
13.91666739,-0.042483654,-2.6963286,-1.2249223,-0.9369012,0.6049755,1.3297457,-0.67774904,-0.69998664,0.09436656,-0.27431467,-0.18482417,-0.46552375,1.695401026,10.80937335,4.091589106,0.644915477,-0.425231489,-0.01245604,1.695401026,10.80937335,4.091589106,0.644915477,-0.425231489,-0.01245604,25.210613,143.33229,45.539387,6.8490024,-4.6903033,-0.14287078
13.93333406,-0.05332167,-2.7078588,-1.223531,-0.94181025,0.6020804,1.3220222,-0.6501566,-0.68530595,0.09858186,-0.2719618,-0.17439914,-0.46353397,1.396960481,11.17426669,4.180327259,0.662689963,-0.458321826,-0.010550895,1.396960481,11.17426669,4.180327259,0.662689963,-0.458321826,-0.010550895,20.772802,148.17078,46.527042,7.0377674,-5.0552897,-0.12101877
13.93333406,-0.05332167,-2.7078588,-1.223531,-0.94181025,0.6020804,1.3220222,-0.6501566,-0.68530595,0.09858186,-0.2719618,-0.17439914,-0.46353397,1.396960481,11.17426669,4.180327259,0.662689963,-0.458321826,-0.010550895,1.396960481,11.17426669,4.180327259,0.662689963,-0.458321826,-0.010550895,20.772802,148.17078,46.527042,7.0377674,-5.0552897,-0.12101877
13.95000073,-0.06360007,-2.719278,-1.2219437,-0.94677323,0.59943783,1.31411,-0.6164238,-0.6787762,0.109943934,-0.27696207,-0.1593169,-0.47483137,1.742712507,10.85042479,4.078008715,0.640305647,-0.428561352,-0.012387706,1.742712507,10.85042479,4.078008715,0.640305647,-0.428561352,-0.012387706,25.914135,143.87663,45.388237,6.800046,-4.7270317,-0.14208698
13.95000073,-0.06360007,-2.719278,-1.2219437,-0.94677323,0.59943783,1.31411,-0.6164238,-0.6787762,0.109943934,-0.27696207,-0.1593169,-0.47483137,1.742712507,10.85042479,4.078008715,0.640305647,-0.428561352,-0.012387706,1.742712507,10.85042479,4.078008715,0.640305647,-0.428561352,-0.012387706,25.914135,143.87663,45.388237,6.800046,-4.7270317,-0.14208698
13.95000073,-0.06360007,-2.719278,-1.2219437,-0.94677323,0.59943783,1.31411,-0.6164238,-0.6787762,0.109943934,-0.27696207,-0.1593169,-0.47483137,1.742712507,10.85042479,4.078008715,0.640305647,-0.428561352,-0.012387706,1.742712507,10.85042479,4.078008715,0.640305647,-0.428561352,-0.012387706,25.914135,143.87663,45.388237,6.800046,-4.7270317,-0.14208698
13.9666674,-0.0733068,-2.7305834,-1.2201611,-0.95181936,0.59704924,1.3060114,-0.58204705,-0.67184466,0.121728376,-0.2817674,-0.14404565,-0.48602888,1.779665559,10.88843597,4.082725162,0.639763884,-0.430536919,-0.012320815,1.779665559,10.88843597,4.082725162,0.639763884,-0.430536919,-0.012320815,26.463627,144.38066,45.44073,6.7942924,-4.748822,-0.14131975
13.98333406,-0.08256572,-2.741646,-1.2183111,-0.95685565,0.5948254,1.2979517,-0.5553804,-0.6573084,0.12605003,-0.2791048,-0.13409175,-0.48371363,1.361982503,11.18291219,4.119689338,0.648941697,-0.463366314,-0.010375573,1.361982503,11.18291219,4.119689338,0.648941697,-0.463366314,-0.010375573,20.25268,148.28542,45.852142,6.891761,-5.1109304,-0.119007826
13.98333406,-0.08256572,-2.741646,-1.2183111,-0.95685565,0.5948254,1.2979517,-0.5553804,-0.6573084,0.12605003,-0.2791048,-0.13409175,-0.48371363,1.361982503,11.18291219,4.119689338,0.648941697,-0.463366314,-0.010375573,1.361982503,11.18291219,4.119689338,0.648941697,-0.463366314,-0.010375573,20.25268,148.28542,45.852142,6.891761,-5.1109304,-0.119007826
14.00000073,-0.09124456,-2.7525878,-1.2162504,-0.9619387,0.59286034,1.2897024,-0.520414,-0.65015274,0.13853128,-0.28375205,-0.11864376,-0.49502885,1.817440554,10.92868074,4.070409139,0.634952498,-0.433362449,-0.012228088,1.817440554,10.92868074,4.070409139,0.634952498,-0.433362449,-0.012228088,27.025341,144.9143,45.303654,6.7431955,-4.779988,-0.14025617
14.00000073,-0.09124456,-2.7525878,-1.2162504,-0.9619387,0.59286034,1.2897024,-0.520414,-0.65015274,0.13853128,-0.28375205,-0.11864376,-0.49502885,1.817440554,10.92868074,4.070409139,0.634952498,-0.433362449,-0.012228088,1.817440554,10.92868074,4.070409139,0.634952498,-0.433362449,-0.012228088,27.025341,144.9143,45.303654,6.7431955,-4.779988,-0.14025617
14.0166674,-0.09933248,-2.763406,-1.2139751,-0.9670982,0.5911547,1.2812643,-0.4848911,-0.6426214,0.15142381,-0.28819174,-0.10304962,-0.506252,1.847536899,10.96545719,4.075523507,0.634230328,-0.435160639,-0.012152187,1.847536899,10.96545719,4.075523507,0.634230328,-0.435160639,-0.012152187,27.472874,145.40196,45.360577,6.735526,-4.799822,-0.13938558
14.03333407,-0.10698977,-2.7739832,-1.2116284,-0.97224194,0.5896051,1.2728728,-0.4592556,-0.6282683,0.15580435,-0.28522843,-0.0936112,-0.5036229,1.314616251,11.18751629,4.059663894,0.63463317,-0.46712801,-0.010159386,1.314616251,11.18751629,4.059663894,0.63463317,-0.46712801,-0.010159386,19.548344,148.34647,45.18406,6.7398043,-5.152422,-0.11652815
14.03333407,-0.10698977,-2.7739832,-1.2116284,-0.97224194,0.5896051,1.2728728,-0.4592556,-0.6282683,0.15580435,-0.28522843,-0.0936112,-0.5036229,1.314616251,11.18751629,4.059663894,0.63463317,-0.46712801,-0.010159386,1.314616251,11.18751629,4.059663894,0.63463317,-0.46712801,-0.010159386,19.548344,148.34647,45.18406,6.7398043,-5.152422,-0.11652815
14.03333407,-0.10698977,-2.7739832,-1.2116284,-0.97224194,0.5896051,1.2728728,-0.4592556,-0.6282683,0.15580435,-0.28522843,-0.0936112,-0.5036229,1.314616251,11.18751629,4.059663894,0.63463317,-0.46712801,-0.010159386,1.314616251,11.18751629,4.059663894,0.63463317,-0.46712801,-0.010159386,19.548344,148.34647,45.18406,6.7398043,-5.152422,-0.11652815
14.05000073,-0.11404936,-2.784432,-1.2090553,-0.97742546,0.5883188,1.2642902,-0.42322353,-0.6205327,0.1693838,-0.28950116,-0.07788205,-0.5149879,1.877149673,11.00493556,4.064372458,0.629176797,-0.437373933,-0.012033487,1.877149673,11.00493556,4.064372458,0.629176797,-0.437373933,-0.012033487,27.913216,145.92545,45.236465,6.6818576,-4.8242345,-0.13802409
14.05000073,-0.11404936,-2.784432,-1.2090553,-0.97742546,0.5883188,1.2642902,-0.42322353,-0.6205327,0.1693838,-0.28950116,-0.07788205,-0.5149879,1.877149673,11.00493556,4.064372458,0.629176797,-0.437373933,-0.012033487,1.877149673,11.00493556,4.064372458,0.629176797,-0.437373933,-0.012033487,27.913216,145.92545,45.236465,6.6818576,-4.8242345,-0.13802409
14.0666674,-0.12050156,-2.7947469,-1.20625,-0.98267823,0.5872962,1.2555202,-0.38672525,-0.6124407,0.18335718,-0.29355288,-0.06204833,-0.5262664,1.901069903,11.040773,4.069771985,0.628253879,-0.438941962,-0.011947951,1.901069903,11.040773,4.069771985,0.628253879,-0.438941962,-0.011947951,28.26891,146.40065,45.296562,6.672056,-4.84153,-0.137043
14.08333407,-0.12654206,-2.804824,-1.2033693,-0.987909,0.5864199,1.2467998,-0.36222365,-0.5983096,0.1877464,-0.29030013,-0.053167686,-0.52334857,1.257431836,11.18821364,4.00015256,0.619712478,-0.469525165,-0.009903288,1.257431836,11.18821364,4.00015256,0.619712478,-0.469525165,-0.009903288,18.698011,148.35571,44.521698,6.5813465,-5.1788626,-0.11359072
14.08333407,-0.12654206,-2.804824,-1.2033693,-0.987909,0.5864199,1.2467998,-0.36222365,-0.5983096,0.1877464,-0.29030013,-0.053167686,-0.52334857,1.257431836,11.18821364,4.00015256,0.619712478,-0.469525165,-0.009903288,1.257431836,11.18821364,4.00015256,0.619712478,-0.469525165,-0.009903288,18.698011,148.35571,44.521698,6.5813465,-5.1788626,-0.11359072
14.10000074,-0.1319702,-2.814765,-1.200248,-0.9931727,0.58581054,1.2378883,-0.32530177,-0.5900357,0.20239413,-0.29417762,-0.037240703,-0.5347915,1.923897287,11.07942975,4.059757462,0.62293279,-0.440452538,-0.011802988,1.923897287,11.07942975,4.059757462,0.62293279,-0.440452538,-0.011802988,28.608353,146.91324,45.1851,6.615546,-4.8581915,-0.13538027
14.10000074,-0.1319702,-2.814765,-1.200248,-0.9931727,0.58581054,1.2378883,-0.32530177,-0.5900357,0.20239413,-0.29417762,-0.037240703,-0.5347915,1.923897287,11.07942975,4.059757462,0.62293279,-0.440452538,-0.011802988,1.923897287,11.07942975,4.059757462,0.62293279,-0.440452538,-0.011802988,28.608353,146.91324,45.1851,6.615546,-4.8581915,-0.13538027
14.1166674,-0.13677743,-2.824563,-1.196877,-0.99849784,0.58546734,1.2287865,-0.28800738,-0.5814293,0.21741778,-0.29782254,-0.02125186,-0.5461567,1.942330715,11.11408769,4.065161103,0.621762877,-0.441720155,-0.011706851,1.942330715,11.11408769,4.065161103,0.621762877,-0.441720155,-0.011706851,28.882458,147.3728,45.245243,6.6031218,-4.8721733,-0.13427758
14.1166674,-0.13677743,-2.824563,-1.196877,-0.99849784,0.58546734,1.2287865,-0.28800738,-0.5814293,0.21741778,-0.29782254,-0.02125186,-0.5461567,1.942330715,11.11408769,4.065161103,0.621762877,-0.441720155,-0.011706851,1.942330715,11.11408769,4.065161103,0.621762877,-0.441720155,-0.011706851,28.882458,147.3728,45.245243,6.6031218,-4.8721733,-0.13427758
14.13333407,-0.14119358,-2.834127,-1.1934278,-1.003794,0.58526033,1.2197393,-0.26473796,-0.5675561,0.22176415,-0.2942917,-0.012966502,-0.5429618,1.193046442,11.18536556,3.941372291,0.604185277,-0.470517747,-0.009605504,1.193046442,11.18536556,3.941372291,0.604185277,-0.470517747,-0.009605504,17.7406,148.31795,43.867474,6.4164476,-5.1898108,-0.11017513
14.13333407,-0.14119358,-2.834127,-1.1934278,-1.003794,0.58526033,1.2197393,-0.26473796,-0.5675561,0.22176415,-0.2942917,-0.012966502,-0.5429618,1.193046442,11.18536556,3.941372291,0.604185277,-0.470517747,-0.009605504,1.193046442,11.18536556,3.941372291,0.604185277,-0.470517747,-0.009605504,17.7406,148.31795,43.867474,6.4164476,-5.1898108,-0.11017513
14.15000074,-0.14498569,-2.843548,-1.1897241,-1.0091165,0.5853223,1.2104988,-0.22710845,-0.55879,0.23744446,-0.2977588,0.003074492,-0.5545107,1.959826246,11.15205975,4.056464073,0.616182356,-0.442463641,-0.011534876,1.959826246,11.15205975,4.056464073,0.616182356,-0.442463641,-0.011534876,29.142616,147.87631,45.148445,6.5438566,-4.880374,-0.13230503
14.15000074,-0.14498569,-2.843548,-1.1897241,-1.0091165,0.5853223,1.2104988,-0.22710845,-0.55879,0.23744446,-0.2977588,0.003074492,-0.5545107,1.959826246,11.15205975,4.056464073,0.616182356,-0.442463641,-0.011534876,1.959826246,11.15205975,4.056464073,0.616182356,-0.442463641,-0.011534876,29.142616,147.87631,45.148445,6.5438566,-4.880374,-0.13230503
14.16666741,-0.14814651,-2.8528178,-1.1857538,-1.0144931,0.5856517,1.2010651,-0.18920286,-0.5497148,0.25347888,-0.30097958,0.019135034,-0.5659862,1.973514518,11.18556004,4.061762149,0.614748163,-0.443380958,-0.011427421,1.973514518,11.18556004,4.061762149,0.614748163,-0.443380958,-0.011427421,29.34616,148.32053,45.207413,6.5286255,-4.890492,-0.13107252
14.18333407,-0.15093833,-2.861857,-1.1817026,-1.0198334,0.58610666,1.1916916,-0.16725959,-0.53613263,0.2577301,-0.29718444,0.02679044,-0.56252724,1.123881773,11.17944732,3.883775161,0.588100105,-0.470106708,-0.009265378,1.123881773,11.17944732,3.883775161,0.588100105,-0.470106708,-0.009265378,16.712122,148.23947,43.226418,6.245623,-5.185277,-0.10627389
14.18333407,-0.15093833,-2.861857,-1.1817026,-1.0198334,0.58610666,1.1916916,-0.16725959,-0.53613263,0.2577301,-0.29718444,0.02679044,-0.56252724,1.123881773,11.17944732,3.883775161,0.588100105,-0.470106708,-0.009265378,1.123881773,11.17944732,3.883775161,0.588100105,-0.470106708,-0.009265378,16.712122,148.23947,43.226418,6.245623,-5.185277,-0.10627389
14.20000074,-0.15309757,-2.8707464,-1.1773846,-1.0251938,0.5868309,1.1821227,-0.129111,-0.52692246,0.27439925,-0.30022347,0.04286254,-0.57420576,1.987009491,11.2229084,4.054609506,0.608930839,-0.443311486,-0.011228829,1.987009491,11.2229084,4.054609506,0.608930839,-0.443311486,-0.011228829,29.546831,148.81577,45.127804,6.4668455,-4.8897257,-0.12879467
14.20000074,-0.15309757,-2.8707464,-1.1773846,-1.0251938,0.5868309,1.1821227,-0.129111,-0.52692246,0.27439925,-0.30022347,0.04286254,-0.57420576,1.987009491,11.2229084,4.054609506,0.608930839,-0.443311486,-0.011228829,1.987009491,11.2229084,4.054609506,0.608930839,-0.443311486,-0.011228829,29.546831,148.81577,45.127804,6.4668455,-4.8897257,-0.12879467
14.20000074,-0.15309757,-2.8707464,-1.1773846,-1.0251938,0.5868309,1.1821227,-0.129111,-0.52692246,0.27439925,-0.30022347,0.04286254,-0.57420576,1.987009491,11.2229084,4.054609506,0.608930839,-0.443311486,-0.011228829,1.987009491,11.2229084,4.054609506,0.608930839,-0.443311486,-0.011228829,29.546831,148.81577,45.127804,6.4668455,-4.8897257,-0.12879467
14.21666741,-0.15461837,-2.8794796,-1.1727831,-1.0305995,0.5878226,1.1723609,-0.090784386,-0.5174284,0.29139876,-0.30300552,0.058913574,-0.585817,1.996723373,11.25515669,4.059699539,0.607213507,-0.443831683,-0.011109713,1.996723373,11.25515669,4.059699539,0.607213507,-0.443831683,-0.011109713,29.691277,149.24338,45.184456,6.4486074,-4.8954635,-0.12742841
14.23333408,-0.15579379,-2.887986,-1.1681,-1.0359626,0.5889287,1.1626613,-0.07025604,-0.50416774,0.29549897,-0.29896238,0.06590861,-0.58211124,1.05213545,11.17100895,3.827938001,0.571534908,-0.468320579,-0.008884241,1.05213545,11.17100895,3.827938001,0.571534908,-0.468320579,-0.008884241,15.645254,148.12758,42.60495,6.0697007,-5.165576,-0.10190225
14.23333408,-0.15579379,-2.887986,-1.1681,-1.0359626,0.5889287,1.1626613,-0.07025604,-0.50416774,0.29549897,-0.29896238,0.06590861,-0.58211124,1.05213545,11.17100895,3.827938001,0.571534908,-0.468320579,-0.008884241,1.05213545,11.17100895,3.827938001,0.571534908,-0.468320579,-0.008884241,15.645254,148.12758,42.60495,6.0697007,-5.165576,-0.10190225
14.25000074,-0.15633129,-2.896338,-1.1631383,-1.0413393,0.5903036,1.1527627,-0.031781457,-0.49455783,0.31310844,-0.30155963,0.081930734,-0.59394294,2.007466094,11.29255798,4.054686623,0.601249989,-0.442955868,-0.01088464,2.007466094,11.29255798,4.054686623,0.601249989,-0.442955868,-0.01088464,29.85102,149.73932,45.128662,6.385275,-4.885803,-0.124846816
14.25000074,-0.15633129,-2.896338,-1.1631383,-1.0413393,0.5903036,1.1527627,-0.031781457,-0.49455783,0.31310844,-0.30155963,0.081930734,-0.59394294,2.007466094,11.29255798,4.054686623,0.601249989,-0.442955868,-0.01088464,2.007466094,11.29255798,4.054686623,0.601249989,-0.442955868,-0.01088464,29.85102,149.73932,45.128662,6.385275,-4.885803,-0.124846816
14.26666741,-0.15622638,-2.9045262,-1.1578779,-1.0467529,0.5919442,1.142669,0.006771824,-0.48468882,0.33102292,-0.30388948,0.09789121,-0.6057084,2.01392286,11.32368085,4.059642644,0.599264335,-0.443055342,-0.010753613,2.01392286,11.32368085,4.059642644,0.599264335,-0.443055342,-0.010753613,29.947033,150.15201,45.183823,6.3641872,-4.8869004,-0.123343945
14.28333408,-0.15580104,-2.9124937,-1.1525346,-1.052117,0.5936875,1.1326418,0.025802054,-0.47178313,0.33491918,-0.2996131,0.10419919,-0.6017612,0.979709048,11.16054414,3.77455863,0.554595784,-0.465215214,-0.008462841,0.979709048,11.16054414,3.77455863,0.554595784,-0.465215214,-0.008462841,14.568274,147.98882,42.010838,5.889807,-5.131324,-0.09706879
14.28333408,-0.15580104,-2.9124937,-1.1525346,-1.052117,0.5936875,1.1326418,0.025802054,-0.47178313,0.33491918,-0.2996131,0.10419919,-0.6017612,0.979709048,11.16054414,3.77455863,0.554595784,-0.465215214,-0.008462841,0.979709048,11.16054414,3.77455863,0.554595784,-0.465215214,-0.008462841,14.568274,147.98882,42.010838,5.889807,-5.131324,-0.09706879
14.28333408,-0.15580104,-2.9124937,-1.1525346,-1.052117,0.5936875,1.1326418,0.025802054,-0.47178313,0.33491918,-0.2996131,0.10419919,-0.6017612,0.979709048,11.16054414,3.77455863,0.554595784,-0.465215214,-0.008462841,0.979709048,11.16054414,3.77455863,0.554595784,-0.465215214,-0.008462841,14.568274,147.98882,42.010838,5.889807,-5.131324,-0.09706879
14.30000075,-0.15473576,-2.9203007,-1.146902,-1.0574881,0.59569734,1.122414,0.064405754,-0.46182045,0.35341263,-0.30175856,0.120092325,-0.6137637,2.0229473,11.36128237,4.057119392,0.593208369,-0.441367693,-0.010504615,2.0229473,11.36128237,4.057119392,0.593208369,-0.441367693,-0.010504615,30.081226,150.6506,45.15574,6.299873,-4.8682857,-0.12048793
14.30000075,-0.15473576,-2.9203007,-1.146902,-1.0574881,0.59569734,1.122414,0.064405754,-0.46182045,0.35341263,-0.30175856,0.120092325,-0.6137637,2.0229473,11.36128237,4.057119392,0.593208369,-0.441367693,-0.010504615,2.0229473,11.36128237,4.057119392,0.593208369,-0.441367693,-0.010504615,30.081226,150.6506,45.15574,6.299873,-4.8682857,-0.12048793
14.31666741,-0.15302742,-2.92794,-1.1409559,-1.062888,0.5979703,1.1119846,0.10298786,-0.45162776,0.37218282,-0.30362684,0.13588507,-0.6257064,2.026765589,11.39109915,4.061870112,0.590947972,-0.441014151,-0.010362021,2.026765589,11.39109915,4.061870112,0.590947972,-0.441014151,-0.010362021,30.138004,151.04597,45.208614,6.2758675,-4.864386,-0.11885238
14.33333408,-0.15102498,-2.9353619,-1.1349275,-1.0682313,0.60033405,1.1016283,0.120443165,-0.43910286,0.37581924,-0.29913297,0.1414838,-0.62151885,0.908187707,11.14915528,3.724668354,0.537451692,-0.4608996,-0.008003776,0.908187707,11.14915528,3.724668354,0.537451692,-0.4608996,-0.008003776,13.504751,147.8378,41.45556,5.707737,-5.0837226,-0.09180331
14.33333408,-0.15102498,-2.9353619,-1.1349275,-1.0682313,0.60033405,1.1016283,0.120443165,-0.43910286,0.37581924,-0.29913297,0.1414838,-0.62151885,0.908187707,11.14915528,3.724668354,0.537451692,-0.4608996,-0.008003776,0.908187707,11.14915528,3.724668354,0.537451692,-0.4608996,-0.008003776,13.504751,147.8378,41.45556,5.707737,-5.0837226,-0.09180331
14.35000075,-0.14838386,-2.942622,-1.1285995,-1.0735756,0.602961,1.0910676,0.15897661,-0.4288407,0.39513454,-0.30081758,0.15717144,-0.63371015,2.034945639,11.42927834,4.062374968,0.584896899,-0.438540174,-0.010090843,2.034945639,11.42927834,4.062374968,0.584896899,-0.438540174,-0.010090843,30.259642,151.55223,45.214233,6.211605,-4.837098,-0.11574197
14.35000075,-0.14838386,-2.942622,-1.1285995,-1.0735756,0.602961,1.0910676,0.15897661,-0.4288407,0.39513454,-0.30081758,0.15717144,-0.63371015,2.034945639,11.42927834,4.062374968,0.584896899,-0.438540174,-0.010090843,2.034945639,11.42927834,4.062374968,0.584896899,-0.438540174,-0.010090843,30.259642,151.55223,45.214233,6.211605,-4.837098,-0.11574197
14.36666742,-0.14510238,-2.949709,-1.1219453,-1.0789394,0.6058472,1.0803025,0.19738764,-0.41836837,0.41469574,-0.3022159,0.1727203,-0.64584017,2.036662509,11.45847372,4.067318994,0.58243369,-0.437761066,-0.009936442,2.036662509,11.45847372,4.067318994,0.58243369,-0.437761066,-0.009936442,30.285172,151.93936,45.26926,6.185446,-4.8285046,-0.113970995
14.36666742,-0.14510238,-2.949709,-1.1219453,-1.0789394,0.6058472,1.0803025,0.19738764,-0.41836837,0.41469574,-0.3022159,0.1727203,-0.64584017,2.036662509,11.45847372,4.067318994,0.58243369,-0.437761066,-0.009936442,2.036662509,11.45847372,4.067318994,0.58243369,-0.437761066,-0.009936442,30.285172,151.93936,45.26926,6.185446,-4.8285046,-0.113970995
14.38333408,-0.14155422,-2.9565854,-1.1152099,-1.0842419,0.60881174,1.0696145,0.21319824,-0.40625125,0.41801867,-0.2975239,0.17759153,-0.64142203,0.838801968,11.13764675,3.679222388,0.520275766,-0.4554835,-0.007511869,0.838801968,11.13764675,3.679222388,0.520275766,-0.4554835,-0.007511869,12.472985,147.6852,40.949745,5.5253286,-5.023983,-0.08616114
14.38333408,-0.14155422,-2.9565854,-1.1152099,-1.0842419,0.60881174,1.0696145,0.21319824,-0.40625125,0.41801867,-0.2975239,0.17759153,-0.64142203,0.838801968,11.13764675,3.679222388,0.520275766,-0.4554835,-0.007511869,0.838801968,11.13764675,3.679222388,0.520275766,-0.4554835,-0.007511869,12.472985,147.6852,40.949745,5.5253286,-5.023983,-0.08616114
14.40000075,-0.13737205,-2.9632964,-1.1081663,-1.089538,0.61203486,1.0587193,0.2514603,-0.39573193,0.43808907,-0.2987391,0.19299933,-0.6538131,2.044635021,11.49787385,4.071504194,0.576512827,-0.43455411,-0.00964583,2.044635021,11.49787385,4.071504194,0.576512827,-0.43455411,-0.00964583,30.403723,152.4618,45.31584,6.122566,-4.793132,-0.110637665
14.40000075,-0.13737205,-2.9632964,-1.1081663,-1.089538,0.61203486,1.0587193,0.2514603,-0.39573193,0.43808907,-0.2987391,0.19299933,-0.6538131,2.044635021,11.49787385,4.071504194,0.576512827,-0.43455411,-0.00964583,2.044635021,11.49787385,4.071504194,0.576512827,-0.43455411,-0.00964583,30.403723,152.4618,45.31584,6.122566,-4.793132,-0.110637665
14.41666742,-0.13255547,-2.96983,-1.1007841,-1.0948452,0.6155121,1.0476178,0.28949958,-0.38502836,0.4583731,-0.29966238,0.20823283,-0.666145,2.044667216,11.52625796,4.076642896,0.573856503,-0.433336813,-0.009480828,2.044667216,11.52625796,4.076642896,0.573856503,-0.433336813,-0.009480828,30.404202,152.83818,45.373035,6.094356,-4.779705,-0.1087451
14.43333409,-0.1275007,-2.9761598,-1.0933229,-1.1000855,0.61905503,1.036595,0.3036027,-0.37334478,0.46132922,-0.2947886,0.21236236,-0.6615015,0.772360627,11.12701278,3.639265062,0.503268664,-0.449105381,-0.00699032,0.772360627,11.12701278,3.639265062,0.503268664,-0.449105381,-0.00699032,11.4850025,147.54419,40.50502,5.344713,-4.9536324,-0.080178976
14.43333409,-0.1275007,-2.9761598,-1.0933229,-1.1000855,0.61905503,1.036595,0.3036027,-0.37334478,0.46132922,-0.2947886,0.21236236,-0.6615015,0.772360627,11.12701278,3.639265062,0.503268664,-0.449105381,-0.00699032,0.772360627,11.12701278,3.639265062,0.503268664,-0.449105381,-0.00699032,11.4850025,147.54419,40.50502,5.344713,-4.9536324,-0.080178976
14.45000075,-0.121819906,-2.9823217,-1.0855461,-1.1053134,0.6228511,1.0253607,0.34139222,-0.36261803,0.48208138,-0.29553044,0.22742034,-0.67410034,2.052804297,11.56730019,4.085042427,0.568182006,-0.429453551,-0.009173441,2.052804297,11.56730019,4.085042427,0.568182006,-0.429453551,-0.009173441,30.5252,153.3824,45.466522,6.034093,-4.7368727,-0.105219364
14.45000075,-0.121819906,-2.9823217,-1.0855461,-1.1053134,0.6228511,1.0253607,0.34139222,-0.36261803,0.48208138,-0.29553044,0.22742034,-0.67410034,2.052804297,11.56730019,4.085042427,0.568182006,-0.429453551,-0.009173441,2.052804297,11.56730019,4.085042427,0.568182006,-0.429453551,-0.009173441,30.5252,153.3824,45.466522,6.034093,-4.7368727,-0.105219364
14.45000075,-0.121819906,-2.9823217,-1.0855461,-1.1053134,0.6228511,1.0253607,0.34139222,-0.36261803,0.48208138,-0.29553044,0.22742034,-0.67410034,2.052804297,11.56730019,4.085042427,0.568182006,-0.429453551,-0.009173441,2.052804297,11.56730019,4.085042427,0.568182006,-0.429453551,-0.009173441,30.5252,153.3824,45.466522,6.034093,-4.7368727,-0.105219364
14.46666742,-0.11551411,-2.988304,-1.0774193,-1.1105443,0.6268947,1.0139166,0.37885877,-0.35173208,0.5030135,-0.2959733,0.24226879,-0.68663526,2.051378852,11.59514921,4.090624293,0.56538528,-0.42782327,-0.008998192,2.051378852,11.59514921,4.090624293,0.56538528,-0.42782327,-0.008998192,30.504004,153.75168,45.52865,6.0043917,-4.7188907,-0.10320926
14.48333409,-0.10899947,-2.994087,-1.0692167,-1.1157031,0.6309915,1.002556,0.3911997,-0.34050182,0.5055493,-0.29093423,0.2456473,-0.6817612,0.709345458,11.11858132,3.606034696,0.48667078,-0.441933024,-0.006443808,0.709345458,11.11858132,3.606034696,0.48667078,-0.441933024,-0.006443808,10.547967,147.43239,40.135166,5.1684437,-4.8745213,-0.073910475
14.48333409,-0.10899947,-2.994087,-1.0692167,-1.1157031,0.6309915,1.002556,0.3911997,-0.34050182,0.5055493,-0.29093423,0.2456473,-0.6817612,0.709345458,11.11858132,3.606034696,0.48667078,-0.441933024,-0.006443808,0.709345458,11.11858132,3.606034696,0.48667078,-0.441933024,-0.006443808,10.547967,147.43239,40.135166,5.1684437,-4.8745213,-0.073910475
14.50000076,-0.10187015,-2.9997025,-1.0606925,-1.1208423,0.6353344,0.99098074,0.42831555,-0.32961774,0.52690554,-0.29119837,0.26028842,-0.6945724,2.059763874,11.6383134,4.103799907,0.560089693,-0.42333858,-0.00867881,2.059763874,11.6383134,4.103799907,0.560089693,-0.42333858,-0.00867881,30.628689,154.32404,45.675293,5.9481525,-4.6694245,-0.099545956
14.50000076,-0.10187015,-2.9997025,-1.0606925,-1.1208423,0.6353344,0.99098074,0.42831555,-0.32961774,0.52690554,-0.29119837,0.26028842,-0.6945724,2.059763874,11.6383134,4.103799907,0.560089693,-0.42333858,-0.00867881,2.059763874,11.6383134,4.103799907,0.560089693,-0.42333858,-0.00867881,30.628689,154.32404,45.675293,5.9481525,-4.6694245,-0.099545956
14.51666742,-0.0941285,-3.0051365,-1.0518086,-1.1259761,0.63991743,0.9791914,0.46501052,-0.3185951,0.5484079,-0.2911592,0.27468783,-0.70731574,2.057066009,11.66613595,4.11021326,0.557231005,-0.421340057,-0.008494395,2.057066009,11.66613595,4.11021326,0.557231005,-0.421340057,-0.008494395,30.588572,154.69296,45.746674,5.9177933,-4.647381,-0.097430706
14.53333409,-0.08620816,-3.0103788,-1.0428531,-1.1310338,0.64454114,0.9674902,0.4755419,-0.30783823,0.5504721,-0.28597513,0.2773097,-0.7022091,0.649771341,11.11336042,3.580574934,0.470713617,-0.434129928,-0.005877527,0.649771341,11.11336042,3.580574934,0.470713617,-0.434129928,-0.005877527,9.6621,147.36316,39.8518,4.9989786,-4.788453,-0.06741524
14.53333409,-0.08620816,-3.0103788,-1.0428531,-1.1310338,0.64454114,0.9674902,0.4755419,-0.30783823,0.5504721,-0.28597513,0.2773097,-0.7022091,0.649771341,11.11336042,3.580574934,0.470713617,-0.434129928,-0.005877527,0.649771341,11.11336042,3.580574934,0.470713617,-0.434129928,-0.005877527,9.6621,147.36316,39.8518,4.9989786,-4.788453,-0.06741524
14.53333409,-0.08620816,-3.0103788,-1.0428531,-1.1310338,0.64454114,0.9674902,0.4755419,-0.30783823,0.5504721,-0.28597513,0.2773097,-0.7022091,0.649771341,11.11336042,3.580574934,0.470713617,-0.434129928,-0.005877527,0.649771341,11.11336042,3.580574934,0.470713617,-0.434129928,-0.005877527,9.6621,147.36316,39.8518,4.9989786,-4.788453,-0.06741524
14.55000076,-0.077687815,-3.015454,-1.0335705,-1.1360654,0.6494031,0.95557064,0.51178575,-0.29683918,0.5723512,-0.28576195,0.29147118,-0.7152318,2.065521579,11.7121229,4.128806225,0.552469009,-0.416353456,-0.008166221,2.065521579,11.7121229,4.128806225,0.552469009,-0.416353456,-0.008166221,30.714306,155.30275,45.953613,5.867221,-4.5923786,-0.09366655
14.55000076,-0.077687815,-3.015454,-1.0335705,-1.1360654,0.6494031,0.95557064,0.51178575,-0.29683918,0.5723512,-0.28576195,0.29147118,-0.7152318,2.065521579,11.7121229,4.128806225,0.552469009,-0.416353456,-0.008166221,2.065521579,11.7121229,4.128806225,0.552469009,-0.416353456,-0.008166221,30.714306,155.30275,45.953613,5.867221,-4.5923786,-0.09366655
14.56666743,-0.06857113,-3.0203452,-1.0239202,-1.1410825,0.6544966,0.9434342,0.5475116,-0.2857216,0.5943393,-0.28524086,0.30536017,-0.72818166,2.061433927,11.74014568,4.136301951,0.549605068,-0.414032949,-0.007973865,2.061433927,11.74014568,4.136301951,0.549605068,-0.414032949,-0.007973865,30.653522,155.67433,46.03704,5.836806,-4.5667834,-0.09146023
14.58333409,-0.059306532,-3.0250516,-1.0142034,-1.146021,0.65961814,0.9313892,0.5561966,-0.2754554,0.5958823,-0.2799305,0.30722442,-0.72283894,0.593426056,11.11251923,3.56403601,0.455654812,-0.425876365,-0.005296946,0.593426056,11.11251923,3.56403601,0.455654812,-0.425876365,-0.005296946,8.824245,147.352,39.66772,4.839054,-4.6974163,-0.060755968
14.58333409,-0.059306532,-3.0250516,-1.0142034,-1.146021,0.65961814,0.9313892,0.5561966,-0.2754554,0.5958823,-0.2799305,0.30722442,-0.72283894,0.593426056,11.11251923,3.56403601,0.455654812,-0.425876365,-0.005296946,0.593426056,11.11251923,3.56403601,0.455654812,-0.425876365,-0.005296946,8.824245,147.352,39.66772,4.839054,-4.6974163,-0.060755968
14.60000076,-0.049459852,-3.02959,-1.0041567,-1.1509262,0.6649687,0.91912234,0.59137225,-0.26438758,0.6181974,-0.2792393,0.32084814,-0.7360693,2.069488659,11.78917748,4.160719098,0.545511318,-0.408632974,-0.007641326,2.069488659,11.78917748,4.160719098,0.545511318,-0.408632974,-0.007641326,30.773296,156.3245,46.308804,5.79333,-4.5072217,-0.08764601
14.60000076,-0.049459852,-3.02959,-1.0041567,-1.1509262,0.6649687,0.91912234,0.59137225,-0.26438758,0.6181974,-0.2792393,0.32084814,-0.7360693,2.069488659,11.78917748,4.160719098,0.545511318,-0.408632974,-0.007641326,2.069488659,11.78917748,4.160719098,0.545511318,-0.408632974,-0.007641326,30.773296,156.3245,46.308804,5.79333,-4.5072217,-0.08764601
14.61666743,-0.03903606,-3.0339446,-0.9937351,-1.155809,0.6705417,0.9066349,0.6259361,-0.25322613,0.64058745,-0.27823907,0.33417198,-0.7492178,2.063817664,11.8174143,4.169487418,0.542700583,-0.406031898,-0.007442567,2.063817664,11.8174143,4.169487418,0.542700583,-0.406031898,-0.007442567,30.688969,156.69891,46.406395,5.76348,-4.478532,-0.08536625
14.61666743,-0.03903606,-3.0339446,-0.9937351,-1.155809,0.6705417,0.9066349,0.6259361,-0.25322613,0.64058745,-0.27823907,0.33417198,-0.7492178,2.063817664,11.8174143,4.169487418,0.542700583,-0.406031898,-0.007442567,2.063817664,11.8174143,4.169487418,0.542700583,-0.406031898,-0.007442567,30.688969,156.69891,46.406395,5.76348,-4.478532,-0.08536625
14.6333341,-0.028495578,-3.0381215,-0.9832528,-1.1606101,0.6761301,0.89424336,0.6327449,-0.24346548,0.6415626,-0.27281994,0.33528143,-0.7436302,0.539521074,11.11722,3.557541771,0.441767447,-0.417371112,-0.00470647,0.539521074,11.11722,3.557541771,0.441767447,-0.417371112,-0.00470647,8.022678,147.41434,39.59544,4.6915703,-4.6036034,-0.05398321
14.6333341,-0.028495578,-3.0381215,-0.9832528,-1.1606101,0.6761301,0.89424336,0.6327449,-0.24346548,0.6415626,-0.27281994,0.33528143,-0.7436302,0.539521074,11.11722,3.557541771,0.441767447,-0.417371112,-0.00470647,0.539521074,11.11722,3.557541771,0.441767447,-0.417371112,-0.00470647,8.022678,147.41434,39.59544,4.6915703,-4.6036034,-0.05398321
14.65000076,-0.01739413,-3.0421333,-0.9724381,-1.1653703,0.6819379,0.8816267,0.66666186,-0.2323755,0.66422504,-0.27165633,0.34831476,-0.7570578,2.070730808,11.8701089,4.200279531,0.539436717,-0.400340373,-0.007110278,2.070730808,11.8701089,4.200279531,0.539436717,-0.400340373,-0.007110278,30.791767,157.39764,46.74911,5.728818,-4.4157543,-0.08155489
14.65000076,-0.01739413,-3.0421333,-0.9724381,-1.1653703,0.6819379,0.8816267,0.66666186,-0.2323755,0.66422504,-0.27165633,0.34831476,-0.7570578,2.070730808,11.8701089,4.200279531,0.539436717,-0.400340373,-0.007110278,2.070730808,11.8701089,4.200279531,0.539436717,-0.400340373,-0.007110278,30.791767,157.39764,46.74911,5.728818,-4.4157543,-0.08155489
14.66666743,-0.00573792,-3.0459619,-0.96124357,-1.170101,0.6879577,0.86878645,0.6998754,-0.22120725,0.6869247,-0.2701821,0.3610212,-0.7703936,2.063015602,11.89930773,4.210859917,0.536791035,-0.397556172,-0.006905679,2.063015602,11.89930773,4.210859917,0.536791035,-0.397556172,-0.006905679,30.677042,157.78482,46.86687,5.700721,-4.3850446,-0.079208136
14.6833341,0.006003406,-3.0496192,-0.94999564,-1.1747478,0.69398046,0.8560462,0.7047879,-0.21196258,0.6872879,-0.264674,0.36138326,-0.76455444,0.487023676,11.12860885,3.562166363,0.429330617,-0.408816705,-0.004113583,0.487023676,11.12860885,3.562166363,0.429330617,-0.408816705,-0.004113583,7.242042,147.56535,39.64691,4.559491,-4.5092483,-0.0471828
14.6833341,0.006003406,-3.0496192,-0.94999564,-1.1747478,0.69398046,0.8560462,0.7047879,-0.21196258,0.6872879,-0.264674,0.36138326,-0.76455444,0.487023676,11.12860885,3.562166363,0.429330617,-0.408816705,-0.004113583,0.487023676,11.12860885,3.562166363,0.429330617,-0.408816705,-0.004113583,7.242042,147.56535,39.64691,4.559491,-4.5092483,-0.0471828
14.70000077,0.018281491,-3.0531135,-0.93841434,-1.1793469,0.70021194,0.8430777,0.73725986,-0.20089102,0.7102039,-0.26304218,0.37377724,-0.7781643,2.067700856,11.9557526,4.248329978,0.534498624,-0.391689259,-0.006578544,2.067700856,11.9557526,4.248329978,0.534498624,-0.391689259,-0.006578544,30.746712,158.53328,47.283913,5.6763754,-4.3203325,-0.075455904
14.70000077,0.018281491,-3.0531135,-0.93841434,-1.1793469,0.70021194,0.8430777,0.73725986,-0.20089102,0.7102039,-0.26304218,0.37377724,-0.7781643,2.067700856,11.9557526,4.248329978,0.534498624,-0.391689259,-0.006578544,2.067700856,11.9557526,4.248329978,0.534498624,-0.391689259,-0.006578544,30.746712,158.53328,47.283913,5.6763754,-4.3203325,-0.075455904
14.70000077,0.018281491,-3.0531135,-0.93841434,-1.1793469,0.70021194,0.8430777,0.73725986,-0.20089102,0.7102039,-0.26304218,0.37377724,-0.7781643,2.067700856,11.9557526,4.248329978,0.534498624,-0.391689259,-0.006578544,2.067700856,11.9557526,4.248329978,0.534498624,-0.391689259,-0.006578544,30.746712,158.53328,47.283913,5.6763754,-4.3203325,-0.075455904
14.71666743,0.031088939,-3.0564258,-0.9264495,-1.183908,0.7066446,0.8298827,0.7689411,-0.18975993,0.7331233,-0.26109985,0.38582203,-0.79167116,2.057376674,11.98602967,4.260994225,0.532097691,-0.388792484,-0.006369746,2.057376674,11.98602967,4.260994225,0.532097691,-0.388792484,-0.006369746,30.593191,158.93475,47.424866,5.6508775,-4.288381,-0.07306099
14.7333341,0.043949768,-3.0595744,-0.9144392,-1.1883842,0.7130679,0.8167923,0.771947,-0.18104036,0.73283255,-0.2555237,0.3854476,-0.7855681,0.434577072,11.14753159,3.578822846,0.418625219,-0.400409629,-0.003521902,0.434577072,11.14753159,3.578822846,0.418625219,-0.400409629,-0.003521902,6.462161,147.81627,39.8323,4.4458,-4.416518,-0.040396214
14.7333341,0.043949768,-3.0595744,-0.9144392,-1.1883842,0.7130679,0.8167923,0.771947,-0.18104036,0.73283255,-0.2555237,0.3854476,-0.7855681,0.434577072,11.14753159,3.578822846,0.418625219,-0.400409629,-0.003521902,0.434577072,11.14753159,3.578822846,0.418625219,-0.400409629,-0.003521902,6.462161,147.81627,39.8323,4.4458,-4.416518,-0.040396214
14.75000077,0.057320155,-3.062564,-0.90209603,-1.1928052,0.71968836,0.8034709,0.8027945,-0.1700293,0.75590825,-0.25343192,0.39715967,-0.7993406,2.058435272,12.04646989,4.30546578,0.530935905,-0.382885626,-0.006051924,2.058435272,12.04646989,4.30546578,0.530935905,-0.382885626,-0.006051924,30.608932,159.73619,47.919834,5.6385393,-4.2232285,-0.06941557
14.75000077,0.057320155,-3.062564,-0.90209603,-1.1928052,0.71968836,0.8034709,0.8027945,-0.1700293,0.75590825,-0.25343192,0.39715967,-0.7993406,2.058435272,12.04646989,4.30546578,0.530935905,-0.382885626,-0.006051924,2.058435272,12.04646989,4.30546578,0.530935905,-0.382885626,-0.006051924,30.608932,159.73619,47.919834,5.6385393,-4.2232285,-0.06941557
14.76666744,0.07119161,-3.0653732,-0.8893671,-1.1971812,0.7264985,0.78992087,0.8327683,-0.15897122,0.7789526,-0.25103182,0.4085019,-0.81299686,2.04475508,12.0783534,4.320692695,0.528893139,-0.379983534,-0.005841567,2.04475508,12.0783534,4.320692695,0.528893139,-0.379983534,-0.005841567,30.405508,160.15897,48.08931,5.616845,-4.1912184,-0.06700277
14.7833341,0.085084684,-3.068025,-0.8766019,-1.2014713,0.73328716,0.77647966,0.833867,-0.15078251,0.777969,-0.24540603,0.40740627,-0.80662024,0.38043675,11.17483976,3.60838178,0.409943819,-0.392359079,-0.002940364,0.38043675,11.17483976,3.60838178,0.409943819,-0.392359079,-0.002940364,5.6570945,148.17838,40.16129,4.3536034,-4.3277206,-0.033725977
14.7833341,0.085084684,-3.068025,-0.8766019,-1.2014713,0.73328716,0.77647966,0.833867,-0.15078251,0.777969,-0.24540603,0.40740627,-0.80662024,0.38043675,11.17483976,3.60838178,0.409943819,-0.392359079,-0.002940364,0.38043675,11.17483976,3.60838178,0.409943819,-0.392359079,-0.002940364,5.6570945,148.17838,40.16129,4.3536034,-4.3277206,-0.033725977
14.7833341,0.085084684,-3.068025,-0.8766019,-1.2014713,0.73328716,0.77647966,0.833867,-0.15078251,0.777969,-0.24540603,0.40740627,-0.80662024,0.38043675,11.17483976,3.60838178,0.409943819,-0.392359079,-0.002940364,0.38043675,11.17483976,3.60838178,0.409943819,-0.392359079,-0.002940364,5.6570945,148.17838,40.16129,4.3536034,-4.3277206,-0.033725977
14.80000077,0.09945728,-3.0705228,-0.8635057,-1.2056994,0.74026126,0.7628051,0.8629189,-0.139871,0.80110556,-0.24286525,0.41839904,-0.82053167,2.040600344,12.14255308,4.372228809,0.5289956,-0.374160284,-0.00553842,2.040600344,12.14255308,4.372228809,0.5289956,-0.374160284,-0.00553842,30.343727,161.01025,48.662907,5.6179333,-4.126988,-0.06352568
14.80000077,0.09945728,-3.0705228,-0.8635057,-1.2056994,0.74026126,0.7628051,0.8629189,-0.139871,0.80110556,-0.24286525,0.41839904,-0.82053167,2.040600344,12.14255308,4.372228809,0.5289956,-0.374160284,-0.00553842,2.040600344,12.14255308,4.372228809,0.5289956,-0.374160284,-0.00553842,30.343727,161.01025,48.662907,5.6179333,-4.126988,-0.06352568
14.81666744,0.1142998,-3.0728416,-0.8500232,-1.2098756,0.7474126,0.7488993,0.89101744,-0.12892465,0.8241797,-0.24001743,0.4290035,-0.83431184,2.022506314,12.17628813,4.39037347,0.527418131,-0.371359784,-0.005328811,2.022506314,12.17628813,4.39037347,0.527418131,-0.371359784,-0.005328811,30.074669,161.45758,48.864857,5.6011806,-4.0960984,-0.061121464
14.83333411,0.12913236,-3.0750105,-0.8365142,-1.2139653,0.754531,0.73510766,0.89021796,-0.121271655,0.82246923,-0.23436177,0.4272053,-0.82764584,0.322645915,11.21106615,3.651527275,0.40358195,-0.384861885,-0.002374541,0.322645915,11.21106615,3.651527275,0.40358195,-0.384861885,-0.002374541,4.7977448,148.65874,40.6415,4.2860403,-4.2450266,-0.027235985
14.83333411,0.12913236,-3.0750105,-0.8365142,-1.2139653,0.754531,0.73510766,0.89021796,-0.121271655,0.82246923,-0.23436177,0.4272053,-0.82764584,0.322645915,11.21106615,3.651527275,0.40358195,-0.384861885,-0.002374541,0.322645915,11.21106615,3.651527275,0.40358195,-0.384861885,-0.002374541,4.7977448,148.65874,40.6415,4.2860403,-4.2450266,-0.027235985
14.85000077,0.1444117,-3.0770302,-0.8226775,-1.2179862,0.76182216,0.7210808,0.9173107,-0.110499084,0.84556884,-0.23138364,0.4374464,-0.8416677,2.01126232,12.24401137,4.449000534,0.52893292,-0.365760212,-0.005044351,2.01126232,12.24401137,4.449000534,0.52893292,-0.365760212,-0.005044351,29.90747,162.35559,49.517376,5.6172676,-4.034335,-0.057858706
14.85000077,0.1444117,-3.0770302,-0.8226775,-1.2179862,0.76182216,0.7210808,0.9173107,-0.110499084,0.84556884,-0.23138364,0.4374464,-0.8416677,2.01126232,12.24401137,4.449000534,0.52893292,-0.365760212,-0.005044351,2.01126232,12.24401137,4.449000534,0.52893292,-0.365760212,-0.005044351,29.90747,162.35559,49.517376,5.6172676,-4.034335,-0.057858706
14.86666744,0.16012724,-3.0788743,-0.8084559,-1.221948,0.76927775,0.70682144,0.94337726,-0.099699706,0.86857474,-0.22810207,0.44728416,-0.85553926,1.987800136,12.27993282,4.470452294,0.527939015,-0.363170031,-0.004837902,1.987800136,12.27993282,4.470452294,0.527939015,-0.363170031,-0.004837902,29.558588,162.83191,49.756134,5.6067123,-4.0057654,-0.055490732
14.86666744,0.16012724,-3.0788743,-0.8084559,-1.221948,0.76927775,0.70682144,0.94337726,-0.099699706,0.86857474,-0.22810207,0.44728416,-0.85553926,1.987800136,12.27993282,4.470452294,0.527939015,-0.363170031,-0.004837902,1.987800136,12.27993282,4.470452294,0.527939015,-0.363170031,-0.004837902,29.558588,162.83191,49.756134,5.6067123,-4.0057654,-0.055490732
14.88333411,0.17580144,-3.0805762,-0.7942186,-1.2258234,0.7766891,0.6926811,0.9406974,-0.09258264,0.86610645,-0.22243713,0.44480652,-0.8485712,0.258946178,11.25667911,3.708802229,0.399840933,-0.378115655,-0.001831853,0.258946178,11.25667911,3.708802229,0.399840933,-0.378115655,-0.001831853,3.8505297,149.26357,41.27897,4.2463107,-4.1706157,-0.021011353
14.88333411,0.17580144,-3.0805762,-0.7942186,-1.2258234,0.7766891,0.6926811,0.9406974,-0.09258264,0.86610645,-0.22243713,0.44480652,-0.8485712,0.258946178,11.25667911,3.708802229,0.399840933,-0.378115655,-0.001831853,0.258946178,11.25667911,3.708802229,0.399840933,-0.378115655,-0.001831853,3.8505297,149.26357,41.27897,4.2463107,-4.1706157,-0.021011353
14.90000078,0.19188717,-3.0821342,-0.7796582,-1.2296236,0.78426015,0.6783042,0.96568024,-0.08198336,0.88906837,-0.21903582,0.45427027,-0.86266965,1.967498482,12.35085167,4.536099361,0.531015423,-0.357932214,-0.004579113,1.967498482,12.35085167,4.536099361,0.531015423,-0.357932214,-0.004579113,29.256702,163.7723,50.486786,5.639384,-3.9479923,-0.05252242
14.90000078,0.19188717,-3.0821342,-0.7796582,-1.2296236,0.78426015,0.6783042,0.96568024,-0.08198336,0.88906837,-0.21903582,0.45427027,-0.86266965,1.967498482,12.35085167,4.536099361,0.531015423,-0.357932214,-0.004579113,1.967498482,12.35085167,4.536099361,0.531015423,-0.357932214,-0.004579113,29.256702,163.7723,50.486786,5.639384,-3.9479923,-0.05252242
14.91666744,0.20837294,-3.08352,-0.7647157,-1.2333577,0.79198277,0.6636939,0.9895673,-0.07136284,0.91191053,-0.21533608,0.46331844,-0.8765991,1.937337746,12.38923914,4.561221182,0.530733182,-0.355677267,-0.004378317,1.937337746,12.38923914,4.561221182,0.530733182,-0.355677267,-0.004378317,28.808212,164.28131,50.76639,5.6363864,-3.9231203,-0.050219297
14.93333411,0.22478661,-3.0847707,-0.7497689,-1.2370065,0.7996503,0.6492079,0.9850364,-0.06477931,0.90865666,-0.20968351,0.46018618,-0.869312,0.187155153,11.31173619,3.780435937,0.399007411,-0.372286007,-0.001321009,0.187155153,11.31173619,3.780435937,0.399007411,-0.372286007,-0.001321009,2.7829971,149.99362,42.076252,4.2374587,-4.1063147,-0.015151978
14.93333411,0.22478661,-3.0847707,-0.7497689,-1.2370065,0.7996503,0.6492079,0.9850364,-0.06477931,0.90865666,-0.20968351,0.46018618,-0.869312,0.187155153,11.31173619,3.780435937,0.399007411,-0.372286007,-0.001321009,0.187155153,11.31173619,3.780435937,0.399007411,-0.372286007,-0.001321009,2.7829971,149.99362,42.076252,4.2374587,-4.1063147,-0.015151978
14.95000078,0.2415742,-3.0858831,-0.7345049,-1.2405734,0.8074643,0.63448465,1.0077648,-0.054389194,0.93138134,-0.2058743,0.46885166,-0.88344914,1.905716291,12.46238122,4.633392992,0.535477532,-0.35092193,-0.004150312,1.905716291,12.46238122,4.633392992,0.535477532,-0.35092193,-0.004150312,28.338001,165.25117,51.569664,5.6867714,-3.870669,-0.047604084
14.95000078,0.2415742,-3.0858831,-0.7345049,-1.2405734,0.8074643,0.63448465,1.0077648,-0.054389194,0.93138134,-0.2058743,0.46885166,-0.88344914,1.905716291,12.46238122,4.633392992,0.535477532,-0.35092193,-0.004150312,1.905716291,12.46238122,4.633392992,0.535477532,-0.35092193,-0.004150312,28.338001,165.25117,51.569664,5.6867714,-3.870669,-0.047604084
14.95000078,0.2415742,-3.0858831,-0.7345049,-1.2405734,0.8074643,0.63448465,1.0077648,-0.054389194,0.93138134,-0.2058743,0.46885166,-0.88344914,1.905716291,12.46238122,4.633392992,0.535477532,-0.35092193,-0.004150312,1.905716291,12.46238122,4.633392992,0.535477532,-0.35092193,-0.004150312,28.338001,165.25117,51.569664,5.6867714,-3.870669,-0.047604084
14.96666745,0.2587233,-3.086828,-0.7188634,-1.244068,0.81541646,0.6195272,1.0293362,-0.043979846,0.9539616,-0.20177375,0.4770922,-0.89739674,1.867687967,12.50336706,4.662436445,0.536030834,-0.349109344,-0.003958226,1.867687967,12.50336706,4.662436445,0.536030834,-0.349109344,-0.003958226,27.77252,165.79465,51.892918,5.6926475,-3.850676,-0.045400858
14.98333411,0.27577004,-3.087644,-0.7032303,-1.247478,0.82330287,0.60470015,1.0229927,-0.03792514,0.9499009,-0.19615522,0.4733336,-0.88977504,0.104973183,11.37600031,3.866371847,0.401360526,-0.367516598,-0.000850907,0.104973183,11.37600031,3.866371847,0.401360526,-0.367516598,-0.000850907,1.5609512,150.84576,43.03272,4.262449,-4.053708,-0.009759903
14.98333411,0.27577004,-3.087644,-0.7032303,-1.247478,0.82330287,0.60470015,1.0229927,-0.03792514,0.9499009,-0.19615522,0.4733336,-0.88977504,0.104973183,11.37600031,3.866371847,0.401360526,-0.367516598,-0.000850907,0.104973183,11.37600031,3.866371847,0.401360526,-0.367516598,-0.000850907,1.5609512,150.84576,43.03272,4.262449,-4.053708,-0.009759903
15.00000078,0.29315096,-3.0883305,-0.6872872,-1.2508003,0.83132225,0.58963597,1.0433382,-0.027778663,0.97228706,-0.19195648,0.48118687,-0.90390885,1.822733158,12.57763801,4.740484191,0.542541367,-0.344936867,-0.003767034,1.822733158,12.57763801,4.740484191,0.542541367,-0.344936867,-0.003767034,27.104042,166.77948,52.76159,5.7617893,-3.8046536,-0.043207884
15.00000078,0.29315096,-3.0883305,-0.6872872,-1.2508003,0.83132225,0.58963597,1.0433382,-0.027778663,0.97228706,-0.19195648,0.48118687,-0.90390885,1.822733158,12.57763801,4.740484191,0.542541367,-0.344936867,-0.003767034,1.822733158,12.57763801,4.740484191,0.542541367,-0.344936867,-0.003767034,27.104042,166.77948,52.76159,5.7617893,-3.8046536,-0.043207884
15.01666745,0.31085277,-3.0888534,-0.6709727,-1.2540439,0.839466,0.57433814,1.0624706,-0.017605137,0.99451,-0.18747313,0.48860785,-0.9178304,1.775586886,12.62180564,4.77389381,0.544094096,-0.343696161,-0.003587337,1.775586886,12.62180564,4.77389381,0.544094096,-0.343696161,-0.003587337,26.402977,167.36514,53.13344,5.7782793,-3.7909687,-0.041146755
15.03333412,0.32842287,-3.089254,-0.6546791,-1.2572042,0.84753424,0.55917645,1.054361,-0.012070138,0.9896241,-0.18190914,0.48425576,-0.9098579,0.010136525,11.44882133,3.966085223,0.407138158,-0.363911873,-0.000432646,0.010136525,11.44882133,3.966085223,0.407138158,-0.363911873,-0.000432646,0.15073013,151.81137,44.14253,4.3238072,-4.013948,-0.004962444
15.03333412,0.32842287,-3.089254,-0.6546791,-1.2572042,0.84753424,0.55917645,1.054361,-0.012070138,0.9896241,-0.18190914,0.48425576,-0.9098579,0.010136525,11.44882133,3.966085223,0.407138158,-0.363911873,-0.000432646,0.010136525,11.44882133,3.966085223,0.407138158,-0.363911873,-0.000432646,0.15073013,151.81137,44.14253,4.3238072,-4.013948,-0.004962444
15.03333412,0.32842287,-3.089254,-0.6546791,-1.2572042,0.84753424,0.55917645,1.054361,-0.012070138,0.9896241,-0.18190914,0.48425576,-0.9098579,0.010136525,11.44882133,3.966085223,0.407138158,-0.363911873,-0.000432646,0.010136525,11.44882133,3.966085223,0.407138158,-0.363911873,-0.000432646,0.15073013,151.81137,44.14253,4.3238072,-4.013948,-0.004962444
15.05000078,0.34628555,-3.0895329,-0.63808423,-1.2602707,0.8557219,0.5437783,1.0722058,-0.002197896,1.0115713,-0.17734106,0.49128804,-0.9239432,1.715221161,12.69547936,4.856687479,0.55241468,-0.340178093,-0.003439505,1.715221161,12.69547936,4.856687479,0.55241468,-0.340178093,-0.003439505,25.505339,168.34206,54.05493,5.866644,-3.7521644,-0.039451122
15.05000078,0.34628555,-3.0895329,-0.63808423,-1.2602707,0.8557219,0.5437783,1.0722058,-0.002197896,1.0115713,-0.17734106,0.49128804,-0.9239432,1.715221161,12.69547936,4.856687479,0.55241468,-0.340178093,-0.003439505,1.715221161,12.69547936,4.856687479,0.55241468,-0.340178093,-0.003439505,25.505339,168.34206,54.05493,5.866644,-3.7521644,-0.039451122
15.06666745,0.36442676,-3.0896542,-0.6211258,-1.2632538,0.8640202,0.5281476,1.0887891,0.007714297,1.0333432,-0.1724971,0.49788335,-0.9377902,1.65784755,12.74296112,4.89461784,0.555099875,-0.33960431,-0.003275917,1.65784755,12.74296112,4.89461784,0.555099875,-0.33960431,-0.003275917,24.652193,168.97166,54.477097,5.8951607,-3.7458355,-0.037574768
15.08333412,0.38240778,-3.089659,-0.6042022,-1.2661548,0.87223387,0.5126594,1.0789719,0.01274199,1.0276186,-0.16700694,0.49297094,-0.9294508,-0.09892726,11.52909568,4.078596514,0.416541953,-0.361510741,-7.59E-05,-0.09892726,11.52909568,4.078596514,0.416541953,-0.361510741,-7.59E-05,-1.4710484,152.87581,45.39478,4.4236755,-3.9874635,-0.000870228
15.08333412,0.38240778,-3.089659,-0.6042022,-1.2661548,0.87223387,0.5126594,1.0789719,0.01274199,1.0276186,-0.16700694,0.49297094,-0.9294508,-0.09892726,11.52909568,4.078596514,0.416541953,-0.361510741,-7.59E-05,-0.09892726,11.52909568,4.078596514,0.416541953,-0.361510741,-7.59E-05,-1.4710484,152.87581,45.39478,4.4236755,-3.9874635,-0.000870228
15.10000079,0.40063792,-3.0895495,-0.5869865,-1.2689568,0.880553,0.49693638,1.0942109,0.02231239,1.049032,-0.16208959,0.49917778,-0.94343626,1.580296448,12.81434026,4.980888949,0.565262074,-0.336796699,-0.003177161,1.580296448,12.81434026,4.980888949,0.565262074,-0.336796699,-0.003177161,23.499008,169.91815,55.437294,6.003083,-3.7148676,-0.03644204
15.10000079,0.40063792,-3.0895495,-0.5869865,-1.2689568,0.880553,0.49693638,1.0942109,0.02231239,1.049032,-0.16208959,0.49917778,-0.94343626,1.580296448,12.81434026,4.980888949,0.565262074,-0.336796699,-0.003177161,1.580296448,12.81434026,4.980888949,0.565262074,-0.336796699,-0.003177161,23.499008,169.91815,55.437294,6.003083,-3.7148676,-0.03644204
15.11666746,0.41910258,-3.089287,-0.56941664,-1.2716697,0.88896894,0.4809829,1.1081464,0.031939708,1.0702592,-0.15690632,0.5049476,-0.957161,1.511664734,12.86490485,5.023184448,0.569178874,-0.336957691,-0.00303332,1.511664734,12.86490485,5.023184448,0.569178874,-0.336957691,-0.00303332,22.478455,170.58864,55.908043,6.0446796,-3.7166433,-0.034792185
15.11666746,0.41910258,-3.089287,-0.56941664,-1.2716697,0.88896894,0.4809829,1.1081464,0.031939708,1.0702592,-0.15690632,0.5049476,-0.957161,1.511664734,12.86490485,5.023184448,0.569178874,-0.336957691,-0.00303332,1.511664734,12.86490485,5.023184448,0.569178874,-0.336957691,-0.00303332,22.478455,170.58864,55.908043,6.0446796,-3.7166433,-0.034792185
15.13333412,0.43737963,-3.0889144,-0.55189604,-1.2743019,0.8972916,0.46517825,1.0966889,0.03647009,1.0636855,-0.15151274,0.4995112,-0.94843787,-0.223602572,11.6146991,4.202053896,0.429659375,-0.360278098,0.000207572,-0.223602572,11.6146991,4.202053896,0.429659375,-0.360278098,0.000207572,-3.3249702,154.01091,46.76886,4.5629826,-3.9738674,0.002380848
15.13333412,0.43737963,-3.0889144,-0.55189604,-1.2743019,0.8972916,0.46517825,1.0966889,0.03647009,1.0636855,-0.15151274,0.4995112,-0.94843787,-0.223602572,11.6146991,4.202053896,0.429659375,-0.360278098,0.000207572,-0.223602572,11.6146991,4.202053896,0.429659375,-0.360278098,0.000207572,-3.3249702,154.01091,46.76886,4.5629826,-3.9738674,0.002380848
15.15000079,0.45586103,-3.0884368,-0.53409356,-1.2768306,0.905706,0.44914132,1.109234,0.045709584,1.0844709,-0.1462685,0.50489676,-0.9622707,1.415885048,12.93171326,5.111183653,0.581149552,-0.334851826,-0.002989752,1.415885048,12.93171326,5.111183653,0.581149552,-0.334851826,-0.002989752,21.05421,171.47452,56.887474,6.1718082,-3.6934156,-0.03429246
15.15000079,0.45586103,-3.0884368,-0.53409356,-1.2768306,0.905706,0.44914132,1.109234,0.045709584,1.0844709,-0.1462685,0.50489676,-0.9622707,1.415885048,12.93171326,5.111183653,0.581149552,-0.334851826,-0.002989752,1.415885048,12.93171326,5.111183653,0.581149552,-0.334851826,-0.002989752,21.05421,171.47452,56.887474,6.1718082,-3.6934156,-0.03429246
15.16666746,0.4745314,-3.0878115,-0.5159477,-1.2792653,0.91420376,0.4328769,1.1204393,0.055033658,1.1050639,-0.1407696,0.50984555,-0.9758166,1.335177906,12.98545619,5.157735298,0.58640612,-0.335811466,-0.002869795,1.335177906,12.98545619,5.157735298,0.58640612,-0.335811466,-0.002869795,19.854095,172.18715,57.405594,6.227633,-3.7040005,-0.032916546
15.18333413,0.49298805,-3.087082,-0.4978659,-1.281621,0.92259985,0.41676795,1.1074166,0.059082985,1.0976369,-0.13549381,0.50392336,-0.966695,-0.364442119,11.70365462,4.334320726,0.446543271,-0.360131718,0.00040475,-0.364442119,11.70365462,4.334320726,0.446543271,-0.360131718,0.00040475,-5.4192543,155.19046,48.24099,4.7422895,-3.9722528,0.004642487
15.18333413,0.49298805,-3.087082,-0.4978659,-1.281621,0.92259985,0.41676795,1.1074166,0.059082985,1.0976369,-0.13549381,0.50392336,-0.966695,-0.364442119,11.70365462,4.334320726,0.446543271,-0.360131718,0.00040475,-0.364442119,11.70365462,4.334320726,0.446543271,-0.360131718,0.00040475,-5.4192543,155.19046,48.24099,4.7422895,-3.9722528,0.004642487
15.20000079,0.51160306,-3.0862563,-0.4795139,-1.2838694,0.9310741,0.4004302,1.1171919,0.06797023,1.1177055,-0.12994453,0.508495,-0.9803203,1.220486352,13.04531759,5.24543015,0.600101449,-0.334376243,-0.002887089,1.220486352,13.04531759,5.24543015,0.600101449,-0.334376243,-0.002887089,18.148632,172.98091,58.381638,6.3730774,-3.68817,-0.03311491
15.20000079,0.51160306,-3.0862563,-0.4795139,-1.2838694,0.9310741,0.4004302,1.1171919,0.06797023,1.1177055,-0.12994453,0.508495,-0.9803203,1.220486352,13.04531759,5.24543015,0.600101449,-0.334376243,-0.002887089,1.220486352,13.04531759,5.24543015,0.600101449,-0.334376243,-0.002887089,18.148632,172.98091,58.381638,6.3730774,-3.68817,-0.03311491
15.20000079,0.51160306,-3.0862563,-0.4795139,-1.2838694,0.9310741,0.4004302,1.1171919,0.06797023,1.1177055,-0.12994453,0.508495,-0.9803203,1.220486352,13.04531759,5.24543015,0.600101449,-0.334376243,-0.002887089,1.220486352,13.04531759,5.24543015,0.600101449,-0.334376243,-0.002887089,18.148632,172.98091,58.381638,6.3730774,-3.68817,-0.03311491
15.21666746,0.5303607,-3.0852888,-0.4608306,-1.2860192,0.93961793,0.38386887,1.1256005,0.076974615,1.1375796,-0.12415367,0.5126336,-0.99363077,1.127558838,13.10174519,5.295710808,0.606746862,-0.336131721,-0.002794819,1.127558838,13.10174519,5.295710808,0.606746862,-0.336131721,-0.002794819,16.7668,173.72914,58.94126,6.4436517,-3.707533,-0.03205657
15.23333413,0.5488797,-3.0842216,-0.4422266,-1.2880918,0.94805336,0.36747,1.1110966,0.08056297,1.1292986,-0.119015485,0.5062668,-0.98409534,-0.52110663,11.79314178,4.472422364,0.467106178,-0.360898634,0.000505689,-0.52110663,11.79314178,4.472422364,0.467106178,-0.360898634,0.000505689,-7.7488556,156.37706,49.77806,4.9606676,-3.980712,0.005800247
15.23333413,0.5488797,-3.0842216,-0.4422266,-1.2880918,0.94805336,0.36747,1.1110966,0.08056297,1.1292986,-0.119015485,0.5062668,-0.98409534,-0.52110663,11.79314178,4.472422364,0.467106178,-0.360898634,0.000505689,-0.52110663,11.79314178,4.472422364,0.467106178,-0.360898634,0.000505689,-7.7488556,156.37706,49.77806,4.9606676,-3.980712,0.005800247
15.2500008,0.5675099,-3.0830677,-0.42336446,-1.290053,0.95655346,0.35084665,1.118042,0.089077786,1.1485671,-0.11318496,0.5100368,-0.99745375,0.993934123,13.1518771,5.380599647,0.621994785,-0.335287507,-0.002877319,0.993934123,13.1518771,5.380599647,0.621994785,-0.335287507,-0.002877319,14.7798,174.39389,59.886074,6.6055846,-3.6982212,-0.033002853
15.2500008,0.5675099,-3.0830677,-0.42336446,-1.290053,0.95655346,0.35084665,1.118042,0.089077786,1.1485671,-0.11318496,0.5100368,-0.99745375,0.993934123,13.1518771,5.380599647,0.621994785,-0.335287507,-0.002877319,0.993934123,13.1518771,5.380599647,0.621994785,-0.335287507,-0.002877319,14.7798,174.39389,59.886074,6.6055846,-3.6982212,-0.033002853
15.26666746,0.5862352,-3.081777,-0.40418452,-1.2919116,0.96511024,0.3340046,1.1236022,0.09775093,1.1676407,-0.10712807,0.51337963,-1.0104693,0.888998395,13.21051987,5.433928977,0.63005266,-0.337812885,-0.002815667,0.888998395,13.21051987,5.433928977,0.63005266,-0.337812885,-0.002815667,13.219406,175.1715,60.47963,6.6911592,-3.7260761,-0.032295704
15.28333413,0.60469866,-3.0803912,-0.38509932,-1.2936951,0.9735515,0.3173322,1.1077101,0.10089569,1.1585096,-0.10214793,0.5066079,-1.0005053,-0.692139236,11.87937235,4.61247008,0.49109441,-0.362307487,0.00049833,-0.692139236,11.87937235,4.61247008,0.49109441,-0.362307487,0.00049833,-10.29211,157.52048,51.336792,5.2154226,-3.9962516,0.005715847
15.28333413,0.60469866,-3.0803912,-0.38509932,-1.2936951,0.9735515,0.3173322,1.1077101,0.10089569,1.1585096,-0.10214793,0.5066079,-1.0005053,-0.692139236,11.87937235,4.61247008,0.49109441,-0.362307487,0.00049833,-0.692139236,11.87937235,4.61247008,0.49109441,-0.362307487,0.00049833,-10.29211,157.52048,51.336792,5.2154226,-3.9962516,0.005715847
15.28333413,0.60469866,-3.0803912,-0.38509932,-1.2936951,0.9735515,0.3173322,1.1077101,0.10089569,1.1585096,-0.10214793,0.5066079,-1.0005053,-0.692139236,11.87937235,4.61247008,0.49109441,-0.362307487,0.00049833,-0.692139236,11.87937235,4.61247008,0.49109441,-0.362307487,0.00049833,-10.29211,157.52048,51.336792,5.2154226,-3.9962516,0.005715847
15.3000008,0.6232259,-3.0789275,-0.36576897,-1.2953641,0.9820444,0.30044082,1.1117828,0.10902508,1.1769016,-0.096060455,0.5095948,-1.0135362,0.737555683,13.24816052,5.513306898,0.646615971,-0.337427244,-0.002967262,0.737555683,13.24816052,5.513306898,0.646615971,-0.337427244,-0.002967262,10.967453,175.67061,61.363106,6.8670616,-3.7218225,-0.03403449
15.3000008,0.6232259,-3.0789275,-0.36576897,-1.2953641,0.9820444,0.30044082,1.1117828,0.10902508,1.1769016,-0.096060455,0.5095948,-1.0135362,0.737555683,13.24816052,5.513306898,0.646615971,-0.337427244,-0.002967262,0.737555683,13.24816052,5.513306898,0.646615971,-0.337427244,-0.002967262,10.967453,175.67061,61.363106,6.8670616,-3.7218225,-0.03403449
15.31666747,0.64180017,-3.0773344,-0.34613538,-1.296927,0.99058056,0.2833366,1.1144588,0.1173585,1.1950997,-0.08976455,0.5121629,-1.0261967,0.621241022,13.30802538,5.568568597,0.656029374,-0.340649548,-0.002939865,0.621241022,13.30802538,5.568568597,0.656029374,-0.340649548,-0.002939865,9.237854,176.46442,61.97817,6.967032,-3.7573645,-0.033720255
15.33333413,0.6600908,-3.07565,-0.32661235,-1.2984164,0.9989956,0.26640943,1.0972785,0.1200828,1.185122,-0.08496157,0.5050303,-1.0157918,-0.875023057,11.95853508,4.750129926,0.518127619,-0.36403426,0.00037407,-0.875023057,11.95853508,4.750129926,0.518127619,-0.36403426,0.00037407,-13.011593,158.57018,52.868946,5.5025153,-4.015298,0.004290581
15.33333413,0.6600908,-3.07565,-0.32661235,-1.2984164,0.9989956,0.26640943,1.0972785,0.1200828,1.185122,-0.08496157,0.5050303,-1.0157918,-0.875023057,11.95853508,4.750129926,0.518127619,-0.36403426,0.00037407,-0.875023057,11.95853508,4.750129926,0.518127619,-0.36403426,0.00037407,-13.011593,158.57018,52.868946,5.5025153,-4.015298,0.004290581
15.3500008,0.6783972,-3.0738945,-0.3068575,-1.2997895,1.0074495,0.24926966,1.0984502,0.12782419,1.2025727,-0.078642,0.5072567,-1.0284342,0.453961545,13.33093888,5.639779364,0.673635082,-0.340575731,-0.003160428,0.453961545,13.33093888,5.639779364,0.673635082,-0.340575731,-0.003160428,6.750408,176.76825,62.770744,7.1540046,-3.7565503,-0.036250114
15.3500008,0.6783972,-3.0738945,-0.3068575,-1.2997895,1.0074495,0.24926966,1.0984502,0.12782419,1.2025727,-0.078642,0.5072567,-1.0284342,0.453961545,13.33093888,5.639779364,0.673635082,-0.340575731,-0.003160428,0.453961545,13.33093888,5.639779364,0.673635082,-0.340575731,-0.003160428,6.750408,176.76825,62.770744,7.1540046,-3.7565503,-0.036250114
15.36666747,0.696702,-3.0720146,-0.2868151,-1.3010527,1.015934,0.23192409,1.0982211,0.13581501,1.2198242,-0.072132416,0.5090756,-1.0406764,0.327582189,13.39027439,5.695299147,0.684238917,-0.344360599,-0.003169221,0.327582189,13.39027439,5.695299147,0.684238917,-0.344360599,-0.003169221,4.871147,177.55504,63.38868,7.2666173,-3.7982974,-0.036350965
15.36666747,0.696702,-3.0720146,-0.2868151,-1.3010527,1.015934,0.23192409,1.0982211,0.13581501,1.2198242,-0.072132416,0.5090756,-1.0406764,0.327582189,13.39027439,5.695299147,0.684238917,-0.344360599,-0.003169221,0.327582189,13.39027439,5.695299147,0.684238917,-0.344360599,-0.003169221,4.871147,177.55504,63.38868,7.2666173,-3.7982974,-0.036350965
15.38333414,0.7147036,-3.070048,-0.26689932,-1.3022451,1.0242922,0.2147631,1.0798627,0.13813497,1.2090092,-0.0675254,0.5016253,-1.0298216,-1.065846169,12.02570252,4.880165176,0.547609356,-0.365660175,0.000126256,-1.065846169,12.02570252,4.880165176,0.547609356,-0.365660175,0.000126256,-15.849133,159.46082,54.31624,5.8156114,-4.0332317,0.001448154
15.38333414,0.7147036,-3.070048,-0.26689932,-1.3022451,1.0242922,0.2147631,1.0798627,0.13813497,1.2090092,-0.0675254,0.5016253,-1.0298216,-1.065846169,12.02570252,4.880165176,0.547609356,-0.365660175,0.000126256,-1.065846169,12.02570252,4.880165176,0.547609356,-0.365660175,0.000126256,-15.849133,159.46082,54.31624,5.8156114,-4.0332317,0.001448154
15.4000008,0.7326727,-3.0680187,-0.24676566,-1.303319,1.0326775,0.19739708,1.0781221,0.14548984,1.2254571,-0.060998607,0.50311714,-1.0420098,0.147546949,13.39600277,5.7553808,0.702503801,-0.344393584,-0.003459003,0.147546949,13.39600277,5.7553808,0.702503801,-0.344393584,-0.003459003,2.1940231,177.631,64.05739,7.4605904,-3.7986612,-0.03967476
15.4000008,0.7326727,-3.0680187,-0.24676566,-1.303319,1.0326775,0.19739708,1.0781221,0.14548984,1.2254571,-0.060998607,0.50311714,-1.0420098,0.147546949,13.39600277,5.7553808,0.702503801,-0.344393584,-0.003459003,0.147546949,13.39600277,5.7553808,0.702503801,-0.344393584,-0.003459003,2.1940231,177.631,64.05739,7.4605904,-3.7986612,-0.03967476
15.41666747,0.75059164,-3.065869,-0.22636096,-1.3042805,1.0410819,0.17983322,1.0749861,0.15314123,1.2416972,-0.054302774,0.50421536,-1.0537719,0.013130049,13.45316109,5.809424058,0.714093997,-0.348576782,-0.003504628,0.013130049,13.45316109,5.809424058,0.714093997,-0.348576782,-0.003504628,0.19524384,178.38892,64.65889,7.5836782,-3.844802,-0.040198088
15.43333414,0.76818943,-3.0636373,-0.20609878,-1.3051739,1.0493551,0.16246168,1.0555617,0.15507682,1.2300525,-0.04990789,0.49648914,-1.0424557,-1.26013278,12.07630854,4.997212289,0.57881085,-0.366769049,-0.00024665,-1.26013278,12.07630854,4.997212289,0.57881085,-0.366769049,-0.00024665,-18.738174,160.13185,55.618973,6.146971,-4.0454626,-0.002829075
15.43333414,0.76818943,-3.0636373,-0.20609878,-1.3051739,1.0493551,0.16246168,1.0555617,0.15507682,1.2300525,-0.04990789,0.49648914,-1.0424557,-1.26013278,12.07630854,4.997212289,0.57881085,-0.366769049,-0.00024665,-1.26013278,12.07630854,4.997212289,0.57881085,-0.366769049,-0.00024665,-18.738174,160.13185,55.618973,6.146971,-4.0454626,-0.002829075
15.45000081,0.78570676,-3.061349,-0.18563318,-1.3059467,1.0576429,0.14489369,1.0509156,0.16205752,1.2454466,-0.043199845,0.49727803,-1.0541272,-0.17572081,13.43978145,5.855561674,0.732587062,-0.348501171,-0.003859741,-0.17572081,13.43978145,5.855561674,0.732587062,-0.348501171,-0.003859741,-2.6129684,178.2115,65.1724,7.7800746,-3.843968,-0.04427123
15.45000081,0.78570676,-3.061349,-0.18563318,-1.3059467,1.0576429,0.14489369,1.0509156,0.16205752,1.2454466,-0.043199845,0.49727803,-1.0541272,-0.17572081,13.43978145,5.855561674,0.732587062,-0.348501171,-0.003859741,-0.17572081,13.43978145,5.855561674,0.732587062,-0.348501171,-0.003859741,-2.6129684,178.2115,65.1724,7.7800746,-3.843968,-0.04427123
15.45000081,0.78570676,-3.061349,-0.18563318,-1.3059467,1.0576429,0.14489369,1.0509156,0.16205752,1.2454466,-0.043199845,0.49727803,-1.0541272,-0.17572081,13.43978145,5.855561674,0.732587062,-0.348501171,-0.003859741,-0.17572081,13.43978145,5.855561674,0.732587062,-0.348501171,-0.003859741,-2.6129684,178.2115,65.1724,7.7800746,-3.843968,-0.04427123
15.46666747,0.8031254,-3.0589457,-0.1649141,-1.3066044,1.0659381,0.12713689,1.0448853,0.16937473,1.260615,-0.036344852,0.49768808,-1.0653427,-0.315832819,13.49218722,5.905784751,0.744824041,-0.352879578,-0.003941036,-0.315832819,13.49218722,5.905784751,0.744824041,-0.352879578,-0.003941036,-4.696434,178.9064,65.731384,7.9100313,-3.8922617,-0.045203686
15.48333414,0.8202069,-3.056462,-0.14435342,-1.3071967,1.0740986,0.109580256,1.0245162,0.17094108,1.2481484,-0.032180052,0.48973274,-1.0535586,-1.451711392,12.10516445,5.095428234,0.610805456,-0.366864978,-0.00074444,-1.451711392,12.10516445,5.095428234,0.610805456,-0.366864978,-0.00074444,-21.586948,160.51448,56.712116,6.486754,-4.0465207,-0.008538723
15.48333414,0.8202069,-3.056462,-0.14435342,-1.3071967,1.0740986,0.109580256,1.0245162,0.17094108,1.2481484,-0.032180052,0.48973274,-1.0535586,-1.451711392,12.10516445,5.095428234,0.610805456,-0.366864978,-0.00074444,-1.451711392,12.10516445,5.095428234,0.610805456,-0.366864978,-0.00074444,-21.586948,160.51448,56.712116,6.486754,-4.0465207,-0.008538723
15.50000081,0.83716035,-3.0539284,-0.123604424,-1.3076681,1.0822625,0.09183684,1.0169861,0.17756319,1.2624397,-0.025318261,0.48985508,-1.0646507,-0.508635366,13.45795276,5.935182254,0.763029882,-0.352447593,-0.00435591,-0.508635366,13.45795276,5.935182254,0.763029882,-0.352447593,-0.00435591,-7.563408,178.45245,66.05858,8.103377,-3.887497,-0.049962282
15.50000081,0.83716035,-3.0539284,-0.123604424,-1.3076681,1.0822625,0.09183684,1.0169861,0.17756319,1.2624397,-0.025318261,0.48985508,-1.0646507,-0.508635366,13.45795276,5.935182254,0.763029882,-0.352447593,-0.00435591,-0.508635366,13.45795276,5.935182254,0.763029882,-0.352447593,-0.00435591,-7.563408,178.45245,66.05858,8.103377,-3.887497,-0.049962282
15.51666748,0.8539679,-3.0512836,-0.10262021,-1.3080224,1.0904227,0.07391474,1.0080945,0.1845528,1.2764769,-0.018330198,0.48961428,-1.075258,-0.651123929,13.50285457,5.979111252,0.775512419,-0.356776933,-0.004469964,-0.651123929,13.50285457,5.979111252,0.775512419,-0.356776933,-0.004469964,-9.682213,179.04785,66.54751,8.235942,-3.9352496,-0.051270485
15.53333414,0.870424,-3.0485628,-0.08181002,-1.3083141,1.0984455,0.0562007,0.98690414,0.18575646,1.2631973,-0.014409337,0.48147228,-1.063002,-1.634333289,12.10709194,5.168933988,0.642520425,-0.365491834,-0.001358113,-1.634333289,12.10709194,5.168933988,0.642520425,-0.365491834,-0.001358113,-24.302536,160.54004,57.530235,6.823567,-4.031375,-0.015577555
15.53333414,0.870424,-3.0485628,-0.08181002,-1.3083141,1.0984455,0.0562007,0.98690414,0.18575646,1.2631973,-0.014409337,0.48147228,-1.063002,-1.634333289,12.10709194,5.168933988,0.642520425,-0.365491834,-0.001358113,-1.634333289,12.10709194,5.168933988,0.642520425,-0.365491834,-0.001358113,-24.302536,160.54004,57.530235,6.823567,-4.031375,-0.015577555
15.53333414,0.870424,-3.0485628,-0.08181002,-1.3083141,1.0984455,0.0562007,0.98690414,0.18575646,1.2631973,-0.014409337,0.48147228,-1.063002,-1.634333289,12.10709194,5.168933988,0.642520425,-0.365491834,-0.001358113,-1.634333289,12.10709194,5.168933988,0.642520425,-0.365491834,-0.001358113,-24.302536,160.54004,57.530235,6.823567,-4.031375,-0.015577555
15.55000081,0.8867053,-3.0457954,-0.060827196,-1.3084837,1.1064607,0.0383106,0.97652954,0.19204263,1.2763398,-0.00741832,0.4809653,-1.0734493,-0.842558111,13.44683088,5.989411963,0.792900272,-0.355759925,-0.004935285,-0.842558111,13.44683088,5.989411963,0.792900272,-0.355759925,-0.004935285,-12.528839,178.30498,66.662155,8.420601,-3.924032,-0.056607723
15.55000081,0.8867053,-3.0457954,-0.060827196,-1.3084837,1.1064607,0.0383106,0.97652954,0.19204263,1.2763398,-0.00741832,0.4809653,-1.0734493,-0.842558111,13.44683088,5.989411963,0.792900272,-0.355759925,-0.004935285,-0.842558111,13.44683088,5.989411963,0.792900272,-0.355759925,-0.004935285,-12.528839,178.30498,66.662155,8.420601,-3.924032,-0.056607723
15.56666748,0.90279365,-3.0429206,-0.03962835,-1.3085349,1.1144644,0.020252999,0.9648203,0.19870916,1.2891892,-0.000324474,0.48011357,-1.0833849,-0.984276038,13.48085475,6.024225446,0.805111434,-0.359800396,-0.005077734,-0.984276038,13.48085475,6.024225446,0.805111434,-0.359800396,-0.005077734,-14.636185,178.75613,67.04963,8.550283,-3.9685984,-0.058241606
15.58333415,0.91851807,-3.0399745,-0.018619016,-1.3085269,1.1223265,0.002411385,0.9429419,0.19954894,1.275104,0.003339936,0.47182554,-1.0706552,-1.800645368,12.07731543,5.212180934,0.67278598,-0.362179783,-0.002074907,-1.800645368,12.07731543,5.212180934,0.67278598,-0.362179783,-0.002074907,-26.775597,160.1452,58.011574,7.144987,-3.994843,-0.023799181
15.58333415,0.91851807,-3.0399745,-0.018619016,-1.3085269,1.1223265,0.002411385,0.9429419,0.19954894,1.275104,0.003339936,0.47182554,-1.0706552,-1.800645368,12.07731543,5.212180934,0.67278598,-0.362179783,-0.002074907,-1.800645368,12.07731543,5.212180934,0.67278598,-0.362179783,-0.002074907,-26.775597,160.1452,58.011574,7.144987,-3.994843,-0.023799181
15.60000081,0.93402237,-3.0369859,0.002546411,-1.3083969,1.1301732,-0.015594523,0.92977846,0.20551871,1.2870529,0.010433069,0.4707296,-1.080395,-1.168303499,13.40242619,6.013357843,0.821109096,-0.357947821,-0.005581822,-1.168303499,13.40242619,6.013357843,0.821109096,-0.357947821,-0.005581822,-17.372673,177.71617,66.92867,8.720179,-3.9481645,-0.064023495
15.60000081,0.93402237,-3.0369859,0.002546411,-1.3083969,1.1301732,-0.015594523,0.92977846,0.20551871,1.2870529,0.010433069,0.4707296,-1.080395,-1.168303499,13.40242619,6.013357843,0.821109096,-0.357947821,-0.005581822,-1.168303499,13.40242619,6.013357843,0.821109096,-0.357947821,-0.005581822,-17.372673,177.71617,66.92867,8.720179,-3.9481645,-0.064023495
15.61666748,0.9492876,-3.0338926,0.023907913,-1.3081471,1.1379966,-0.033755716,0.9153158,0.21186571,1.2986578,0.017607538,0.46930537,-1.0895975,-1.30541044,13.42253534,6.036473606,0.83252104,-0.361451299,-0.00574516,-1.30541044,13.42253534,6.036473606,0.83252104,-0.361451299,-0.00574516,-19.411453,177.98282,67.18595,8.841373,-3.9868078,-0.06589699
15.61666748,0.9492876,-3.0338926,0.023907913,-1.3081471,1.1379966,-0.033755716,0.9153158,0.21186571,1.2986578,0.017607538,0.46930537,-1.0895975,-1.30541044,13.42253534,6.036473606,0.83252104,-0.361451299,-0.00574516,-1.30541044,13.42253534,6.036473606,0.83252104,-0.361451299,-0.00574516,-19.411453,177.98282,67.18595,8.841373,-3.9868078,-0.06589699
15.63333415,0.9641794,-3.0307326,0.045064658,-1.307841,1.1456776,-0.051693015,0.89288414,0.21233703,1.2837738,0.02100482,0.46091607,-1.0763944,-1.943742948,12.01222853,5.220490667,0.700416628,-0.356551527,-0.002876197,-1.943742948,12.01222853,5.220490667,0.700416628,-0.356551527,-0.002876197,-28.903458,159.28215,58.10406,7.4384246,-3.9327633,-0.03298998
15.63333415,0.9641794,-3.0307326,0.045064658,-1.307841,1.1456776,-0.051693015,0.89288414,0.21233703,1.2837738,0.02100482,0.46091607,-1.0763944,-1.943742948,12.01222853,5.220490667,0.700416628,-0.356551527,-0.002876197,-1.943742948,12.01222853,5.220490667,0.700416628,-0.356551527,-0.002876197,-28.903458,159.28215,58.10406,7.4384246,-3.9327633,-0.03298998
15.65000082,0.97880554,-3.0275326,0.06636006,-1.3074131,1.1533337,-0.06978182,0.87700295,0.21800548,1.2944838,0.028174255,0.45927402,-1.0853661,-1.476130841,13.32141076,6.00271919,0.846529276,-0.358539955,-0.00627361,-1.476130841,13.32141076,6.00271919,0.846529276,-0.358539955,-0.00627361,-21.950066,176.6419,66.810265,8.990141,-3.9546957,-0.0719583
15.65000082,0.97880554,-3.0275326,0.06636006,-1.3074131,1.1533337,-0.06978182,0.87700295,0.21800548,1.2944838,0.028174255,0.45927402,-1.0853661,-1.476130841,13.32141076,6.00271919,0.846529276,-0.358539955,-0.00627361,-1.476130841,13.32141076,6.00271919,0.846529276,-0.358539955,-0.00627361,-21.950066,176.6419,66.810265,8.990141,-3.9546957,-0.0719583
15.66666748,0.99314845,-3.024231,0.08783072,-1.3068644,1.160956,-0.08801271,0.8598677,0.22402662,1.3047923,0.035404667,0.45732534,-1.0937756,-1.604708458,13.32456954,6.011666078,0.856578058,-0.36126921,-0.006450709,-1.604708458,13.32456954,6.011666078,0.856578058,-0.36126921,-0.006450709,-23.862015,176.68379,66.90984,9.096859,-3.9847994,-0.07398963
15.68333415,1.0071102,-3.0208666,0.10908177,-1.3062633,1.1684366,-0.106011875,0.8370215,0.22411582,1.2891233,0.038524456,0.44887856,-1.0801042,-2.056946334,11.90900385,5.190043008,0.724240616,-0.34829457,-0.003737767,-2.056946334,11.90900385,5.190043008,0.724240616,-0.34829457,-0.003737767,-30.586792,157.91339,57.76518,7.6914353,-3.841689,-0.04287219
15.68333415,1.0071102,-3.0208666,0.10908177,-1.3062633,1.1684366,-0.106011875,0.8370215,0.22411582,1.2891233,0.038524456,0.44887856,-1.0801042,-2.056946334,11.90900385,5.190043008,0.724240616,-0.34829457,-0.003737767,-2.056946334,11.90900385,5.190043008,0.724240616,-0.34829457,-0.003737767,-30.586792,157.91339,57.76518,7.6914353,-3.841689,-0.04287219
15.70000082,1.020763,-3.017466,0.13045304,-1.3055406,1.1758833,-0.12414875,0.818511,0.22948919,1.2985504,0.045745976,0.44673792,-1.0882467,-1.756471327,13.20111259,5.953932194,0.868031579,-0.357107757,-0.006987026,-1.756471327,13.20111259,5.953932194,0.868031579,-0.357107757,-0.006987026,-26.118729,175.04675,66.267265,9.218495,-3.9388986,-0.08014119
15.70000082,1.020763,-3.017466,0.13045304,-1.3055406,1.1758833,-0.12414875,0.818511,0.22948919,1.2985504,0.045745976,0.44673792,-1.0882467,-1.756471327,13.20111259,5.953932194,0.868031579,-0.357107757,-0.006987026,-1.756471327,13.20111259,5.953932194,0.868031579,-0.357107757,-0.006987026,-26.118729,175.04675,66.267265,9.218495,-3.9388986,-0.08014119
15.70000082,1.020763,-3.017466,0.13045304,-1.3055406,1.1758833,-0.12414875,0.818511,0.22948919,1.2985504,0.045745976,0.44673792,-1.0882467,-1.756471327,13.20111259,5.953932194,0.868031579,-0.357107757,-0.006987026,-1.756471327,13.20111259,5.953932194,0.868031579,-0.357107757,-0.006987026,-26.118729,175.04675,66.267265,9.218495,-3.9388986,-0.08014119
15.71666749,1.03409,-3.013967,0.15197794,-1.3046963,1.183289,-0.14241354,0.7987997,0.23517689,1.3075142,0.05300849,0.44431177,-1.0958065,-1.872714157,13.1854591,5.947006102,0.87622806,-0.358871233,-0.007168854,-1.872714157,13.1854591,5.947006102,0.87622806,-0.358871233,-0.007168854,-27.84726,174.83919,66.19018,9.305542,-3.9583497,-0.08222675
15.73333415,1.0470302,-3.0104113,0.17326882,-1.3038036,1.1905525,-0.16043885,0.77567923,0.23487079,1.2910798,0.055840503,0.4358463,-1.0816714,-2.134535789,11.76675535,5.118573815,0.743224167,-0.337209944,-0.004631348,-2.134535789,11.76675535,5.118573815,0.743224167,-0.337209944,-0.004631348,-31.740547,156.02718,56.969727,7.8930407,-3.7194257,-0.053121567
15.73333415,1.0470302,-3.0104113,0.17326882,-1.3038036,1.1905525,-0.16043885,0.77567923,0.23487079,1.2910798,0.055840503,0.4358463,-1.0816714,-2.134535789,11.76675535,5.118573815,0.743224167,-0.337209944,-0.004631348,-2.134535789,11.76675535,5.118573815,0.743224167,-0.337209944,-0.004631348,-31.740547,156.02718,56.969727,7.8930407,-3.7194257,-0.053121567
15.75000082,1.0596206,-3.0068197,0.19466044,-1.3027903,1.1977742,-0.17858721,0.754644,0.23995593,1.2991828,0.06309168,0.4332533,-1.0889322,-2.000362086,13.04091487,5.865014446,0.884637006,-0.353307283,-0.007697179,-2.000362086,13.04091487,5.865014446,0.884637006,-0.353307283,-0.007697179,-29.745384,172.92253,65.27761,9.394845,-3.8969793,-0.08828664
15.75000082,1.0596206,-3.0068197,0.19466044,-1.3027903,1.1977742,-0.17858721,0.754644,0.23995593,1.2991828,0.06309168,0.4332533,-1.0889322,-2.000362086,13.04091487,5.865014446,0.884637006,-0.353307283,-0.007697179,-2.000362086,13.04091487,5.865014446,0.884637006,-0.353307283,-0.007697179,-29.745384,172.92253,65.27761,9.394845,-3.8969793,-0.08828664
15.76666749,1.0718435,-3.0031343,0.21618329,-1.3016553,1.2049494,-0.19684839,0.73246485,0.24529773,1.3067621,0.07036361,0.43039864,-1.0955862,-2.101218115,13.00478859,5.840836188,0.890510545,-0.353964393,-0.007872698,-2.101218115,13.00478859,5.840836188,0.890510545,-0.353964393,-0.007872698,-31.245113,172.4435,65.00851,9.457222,-3.9042273,-0.090299845
15.78333416,1.0836778,-2.9993997,0.2374582,-1.3004752,1.2119805,-0.21486259,0.70921445,0.24458732,1.2895905,0.072903834,0.42194906,-1.0809973,-2.171831574,11.58631844,5.005374987,0.756513197,-0.323191061,-0.005528505,-2.171831574,11.58631844,5.005374987,0.756513197,-0.323191061,-0.005528505,-32.295135,153.63458,55.709824,8.03417,-3.5647974,-0.06341195
15.78333416,1.0836778,-2.9993997,0.2374582,-1.3004752,1.2119805,-0.21486259,0.70921445,0.24458732,1.2895905,0.072903834,0.42194906,-1.0809973,-2.171831574,11.58631844,5.005374987,0.756513197,-0.323191061,-0.005528505,-2.171831574,11.58631844,5.005374987,0.756513197,-0.323191061,-0.005528505,-32.295135,153.63458,55.709824,8.03417,-3.5647974,-0.06341195
15.78333416,1.0836778,-2.9993997,0.2374582,-1.3004752,1.2119805,-0.21486259,0.70921445,0.24458732,1.2895905,0.072903834,0.42194906,-1.0809973,-2.171831574,11.58631844,5.005374987,0.756513197,-0.323191061,-0.005528505,-2.171831574,11.58631844,5.005374987,0.756513197,-0.323191061,-0.005528505,-32.295135,153.63458,55.709824,8.03417,-3.5647974,-0.06341195
15.80000082,1.0951222,-2.9956303,0.25881347,-1.2991753,1.2189624,-0.23298416,0.68577045,0.24938594,1.2963367,0.08016199,0.4189548,-1.0873209,-2.200538517,12.84126063,5.735165647,0.895494526,-0.346897909,-0.00837663,-2.200538517,12.84126063,5.735165647,0.895494526,-0.346897909,-0.00837663,-32.722008,170.27512,63.832394,9.510152,-3.826284,-0.096079946
15.80000082,1.0951222,-2.9956303,0.25881347,-1.2991753,1.2189624,-0.23298416,0.68577045,0.24938594,1.2963367,0.08016199,0.4189548,-1.0873209,-2.200538517,12.84126063,5.735165647,0.895494526,-0.346897909,-0.00837663,-2.200538517,12.84126063,5.735165647,0.895494526,-0.346897909,-0.00837663,-32.722008,170.27512,63.832394,9.510152,-3.826284,-0.096079946
15.81666749,1.1061598,-2.9917698,0.280277,-1.297754,1.2258925,-0.25120264,0.6612503,0.2543796,1.3024993,0.08742277,0.4157221,-1.0930206,-2.282862609,12.78475018,5.693479197,0.898735222,-0.346331367,-0.008538462,-2.282862609,12.78475018,5.693479197,0.898735222,-0.346331367,-0.008538462,-33.946167,169.52579,63.368423,9.544568,-3.820035,-0.09793615
15.83333416,1.1168083,-2.9878678,0.30147955,-1.2962918,1.2326812,-0.26916677,0.63801306,0.2532633,1.2846315,0.089666106,0.40733027,-1.0779911,-2.166181614,11.37026273,4.851372608,0.763483371,-0.306261223,-0.006400136,-2.166181614,11.37026273,4.851372608,0.763483371,-0.306261223,-0.006400136,-32.21112,150.76968,53.995777,8.108193,-3.3780613,-0.07340956
15.83333416,1.1168083,-2.9878678,0.30147955,-1.2962918,1.2326812,-0.26916677,0.63801306,0.2532633,1.2846315,0.089666106,0.40733027,-1.0779911,-2.166181614,11.37026273,4.851372608,0.763483371,-0.306261223,-0.006400136,-2.166181614,11.37026273,4.851372608,0.763483371,-0.306261223,-0.006400136,-32.21112,150.76968,53.995777,8.108193,-3.3780613,-0.07340956
15.85000083,1.12703,-2.9839337,0.32274112,-1.294711,1.2394146,-0.2872218,0.6122942,0.25777546,1.2899965,0.096909225,0.4039797,-1.0833288,-2.35094867,12.60413491,5.565022265,0.899956859,-0.337706753,-0.009003378,-2.35094867,12.60413491,5.565022265,0.899956859,-0.337706753,-0.009003378,-34.958607,167.13083,61.938698,9.557542,-3.7249055,-0.10326874
15.85000083,1.12703,-2.9839337,0.32274112,-1.294711,1.2394146,-0.2872218,0.6122942,0.25777546,1.2899965,0.096909225,0.4039797,-1.0833288,-2.35094867,12.60413491,5.565022265,0.899956859,-0.337706753,-0.009003378,-2.35094867,12.60413491,5.565022265,0.899956859,-0.337706753,-0.009003378,-34.958607,167.13083,61.938698,9.557542,-3.7249055,-0.10326874
15.86666749,1.1368083,-2.9799132,0.34408745,-1.2930089,1.24609,-0.3053571,0.5855732,0.26242426,1.2947246,0.104139574,0.4004154,-1.0880244,-2.412813722,12.52862001,5.506511733,0.900406038,-0.335877653,-0.009143664,-2.412813722,12.52862001,5.506511733,0.900406038,-0.335877653,-0.009143664,-35.87854,166.1295,61.287476,9.562312,-3.7047305,-0.10487783
15.86666749,1.1368083,-2.9799132,0.34408745,-1.2930089,1.24609,-0.3053571,0.5855732,0.26242426,1.2947246,0.104139574,0.4004154,-1.0880244,-2.412813722,12.52862001,5.506511733,0.900406038,-0.335877653,-0.009143664,-2.412813722,12.52862001,5.506511733,0.900406038,-0.335877653,-0.009143664,-35.87854,166.1295,61.287476,9.562312,-3.7047305,-0.10487783
15.88333416,1.1461985,-2.975859,0.3651603,-1.2912697,1.2526249,-0.32323098,0.5624928,0.26091877,1.2762109,0.10608327,0.3921131,-1.0725712,-2.116764225,11.12319578,4.659285635,0.763816079,-0.28655194,-0.007218793,-2.116764225,11.12319578,4.659285635,0.763816079,-0.28655194,-0.007218793,-31.476284,147.49358,51.85785,8.111727,-3.160668,-0.082799554
15.88333416,1.1461985,-2.975859,0.3651603,-1.2912697,1.2526249,-0.32323098,0.5624928,0.26091877,1.2762109,0.10608327,0.3921131,-1.0725712,-2.116764225,11.12319578,4.659285635,0.763816079,-0.28655194,-0.007218793,-2.116764225,11.12319578,4.659285635,0.763816079,-0.28655194,-0.007218793,-31.476284,147.49358,51.85785,8.111727,-3.160668,-0.082799554
15.90000083,1.1551275,-2.9717734,0.38627052,-1.2894132,1.2590988,-0.34117863,0.5346478,0.2651552,1.2801762,0.11329384,0.38845885,-1.0768787,-2.447985897,12.33371487,5.357042777,0.89768654,-0.325685269,-0.009557758,-2.447985897,12.33371487,5.357042777,0.89768654,-0.325685269,-0.009557758,-36.40155,163.54506,59.623886,9.533431,-3.5923085,-0.109627485
15.90000083,1.1551275,-2.9717734,0.38627052,-1.2894132,1.2590988,-0.34117863,0.5346478,0.2651552,1.2801762,0.11329384,0.38845885,-1.0768787,-2.447985897,12.33371487,5.357042777,0.89768654,-0.325685269,-0.009557758,-2.447985897,12.33371487,5.357042777,0.89768654,-0.325685269,-0.009557758,-36.40155,163.54506,59.623886,9.533431,-3.5923085,-0.109627485
15.9166675,1.1635786,-2.9676054,0.40744168,-1.2874362,1.2655108,-0.35918903,0.50587887,0.26947057,1.2834672,0.12047532,0.38461518,-1.0805273,-2.488356528,12.24109886,5.282915292,0.895283676,-0.322594733,-0.009670648,-2.488356528,12.24109886,5.282915292,0.895283676,-0.322594733,-0.009670648,-37.00186,162.31697,58.798847,9.507913,-3.55822,-0.11092234
15.93333416,1.171646,-2.9634123,0.4283284,-1.2854263,1.2717859,-0.3769313,0.48310035,0.26759884,1.2643669,0.12211688,0.3764373,-1.0646701,-2.024700214,10.84978268,4.432535643,0.757351389,-0.264259651,-0.00796357,-2.024700214,10.84978268,4.432535643,0.757351389,-0.264259651,-0.00796357,-30.107292,143.86812,49.33412,8.043072,-2.914784,-0.09134215
15.93333416,1.171646,-2.9634123,0.4283284,-1.2854263,1.2717859,-0.3769313,0.48310035,0.26759884,1.2643669,0.12211688,0.3764373,-1.0646701,-2.024700214,10.84978268,4.432535643,0.757351389,-0.264259651,-0.00796357,-2.024700214,10.84978268,4.432535643,0.757351389,-0.264259651,-0.00796357,-30.107292,143.86812,49.33412,8.043072,-2.914784,-0.09134215
15.95000083,1.1792206,-2.9591887,0.4492302,-1.2833005,1.2779964,-0.39472967,0.45328733,0.2715725,1.2669274,0.12927853,0.3725261,-1.0679061,-2.490772075,12.03472776,5.114606599,0.888549316,-0.310900507,-0.0100264,-2.490772075,12.03472776,5.114606599,0.888549316,-0.310900507,-0.0100264,-37.03778,159.58049,56.92557,9.436394,-3.4292326,-0.11500281
15.95000083,1.1792206,-2.9591887,0.4492302,-1.2833005,1.2779964,-0.39472967,0.45328733,0.2715725,1.2669274,0.12927853,0.3725261,-1.0679061,-2.490772075,12.03472776,5.114606599,0.888549316,-0.310900507,-0.0100264,-2.490772075,12.03472776,5.114606599,0.888549316,-0.310900507,-0.0100264,-37.03778,159.58049,56.92557,9.436394,-3.4292326,-0.11500281
15.95000083,1.1792206,-2.9591887,0.4492302,-1.2833005,1.2779964,-0.39472967,0.45328733,0.2715725,1.2669274,0.12927853,0.3725261,-1.0679061,-2.490772075,12.03472776,5.114606599,0.888549316,-0.310900507,-0.0100264,-2.490772075,12.03472776,5.114606599,0.888549316,-0.310900507,-0.0100264,-37.03778,159.58049,56.92557,9.436394,-3.4292326,-0.11500281
15.9666675,1.1862857,-2.9548886,0.470169,-1.2810552,1.2841384,-0.41257244,0.42263547,0.2755773,1.268783,0.13639648,0.36844647,-1.0704689,-2.5093702,11.92776549,5.026698905,0.883364722,-0.306576636,-0.01010874,-2.5093702,11.92776549,5.026698905,0.883364722,-0.306576636,-0.01010874,-37.314335,158.16217,55.94716,9.381333,-3.3815403,-0.11594725
15.98333417,1.1929729,-2.950571,0.4908135,-1.2787812,1.2901466,-0.43014082,0.4002993,0.27337617,1.2491614,0.13773803,0.3604243,-1.0542325,-1.893536196,10.55605214,4.175862383,0.744238277,-0.239699641,-0.00861601,-1.893536196,10.55605214,4.175862383,0.744238277,-0.239699641,-0.00861601,-28.156883,139.97325,46.47735,7.9038105,-2.643887,-0.09882563
15.98333417,1.1929729,-2.950571,0.4908135,-1.2787812,1.2901466,-0.43014082,0.4002993,0.27337617,1.2491614,0.13773803,0.3604243,-1.0542325,-1.893536196,10.55605214,4.175862383,0.744238277,-0.239699641,-0.00861601,-1.893536196,10.55605214,4.175862383,0.744238277,-0.239699641,-0.00861601,-28.156883,139.97325,46.47735,7.9038105,-2.643887,-0.09882563
16.00000083,1.1991384,-2.9462247,0.51145065,-1.2763929,1.2960863,-0.4477466,0.3686918,0.27710927,1.2503211,0.1448336,0.356308,-1.05636,-2.480406976,11.71307341,4.84222796,0.872681684,-0.293476713,-0.010400912,-2.480406976,11.71307341,4.84222796,0.872681684,-0.293476713,-0.010400912,-36.88365,155.31535,53.893997,9.2678795,-3.2370481,-0.11929846
16.00000083,1.1991384,-2.9462247,0.51145065,-1.2763929,1.2960863,-0.4477466,0.3686918,0.27710927,1.2503211,0.1448336,0.356308,-1.05636,-2.480406976,11.71307341,4.84222796,0.872681684,-0.293476713,-0.010400912,-2.480406976,11.71307341,4.84222796,0.872681684,-0.293476713,-0.010400912,-36.88365,155.31535,53.893997,9.2678795,-3.2370481,-0.11929846
16.0166675,1.2047659,-2.9418051,0.5321011,-1.2738866,1.3019545,-0.4653784,0.33633557,0.2808376,1.2507555,0.15187633,0.35204747,-1.0578058,-2.478007334,11.59499846,4.742814824,0.864897924,-0.287987855,-0.01045321,-2.478007334,11.59499846,4.742814824,0.864897924,-0.287987855,-0.01045321,-36.84797,153.74968,52.78753,9.185216,-3.176506,-0.11989832
16.03333417,1.2100247,-2.937376,0.55244815,-1.2713562,1.3076919,-0.48272997,0.31458235,0.27834618,1.2306819,0.15291926,0.34420863,-1.0412155,-1.728243081,10.24756453,3.89422325,0.724762398,-0.213218665,-0.009166542,-1.728243081,10.24756453,3.89422325,0.724762398,-0.213218665,-0.009166542,-25.698975,135.8827,43.342705,7.6969767,-2.3518019,-0.10514024
16.03333417,1.2100247,-2.937376,0.55244815,-1.2713562,1.3076919,-0.48272997,0.31458235,0.27834618,1.2306819,0.15291926,0.34420863,-1.0412155,-1.728243081,10.24756453,3.89422325,0.724762398,-0.213218665,-0.009166542,-1.728243081,10.24756453,3.89422325,0.724762398,-0.213218665,-0.009166542,-25.698975,135.8827,43.342705,7.6969767,-2.3518019,-0.10514024
16.03333417,1.2100247,-2.937376,0.55244815,-1.2713562,1.3076919,-0.48272997,0.31458235,0.27834618,1.2306819,0.15291926,0.34420863,-1.0412155,-1.728243081,10.24756453,3.89422325,0.724762398,-0.213218665,-0.009166542,-1.728243081,10.24756453,3.89422325,0.724762398,-0.213218665,-0.009166542,-25.698975,135.8827,43.342705,7.6969767,-2.3518019,-0.10514024
16.05000084,1.2147355,-2.9329188,0.5727659,-1.2687132,1.313357,-0.5001002,0.28136134,0.281864,1.2304555,0.15993986,0.3399359,-1.0422047,-2.42074429,11.37464474,4.54483752,0.850400009,-0.273647983,-0.010680136,-2.42074429,11.37464474,4.54483752,0.850400009,-0.273647983,-0.010680136,-35.996468,150.82779,50.58404,9.031248,-3.0183372,-0.122501165
16.05000084,1.2147355,-2.9329188,0.5727659,-1.2687132,1.313357,-0.5001002,0.28136134,0.281864,1.2304555,0.15993986,0.3399359,-1.0422047,-2.42074429,11.37464474,4.54483752,0.850400009,-0.273647983,-0.010680136,-2.42074429,11.37464474,4.54483752,0.850400009,-0.273647983,-0.010680136,-35.996468,150.82779,50.58404,9.031248,-3.0183372,-0.122501165
16.0666675,1.2188826,-2.928393,0.5930734,-1.2659531,1.3189498,-0.5174771,0.2474875,0.28535107,1.2294881,0.16689633,0.33554408,-1.0425057,-2.398851981,11.2484778,4.436172458,0.840236283,-0.267076968,-0.010703957,-2.398851981,11.2484778,4.436172458,0.840236283,-0.267076968,-0.010703957,-35.67093,149.15482,49.3746,8.923309,-2.945859,-0.12277439
16.08333417,1.2226723,-2.9238663,0.61307,-1.2631739,1.3244163,-0.53456837,0.2264532,0.28261274,1.2090352,0.16764441,0.32791328,-1.0255911,-1.535487993,9.930055138,3.592984867,0.699408984,-0.1852339,-0.009610367,-1.535487993,9.930055138,3.592984867,0.699408984,-0.1852339,-0.009610367,-22.832706,131.67253,39.98992,7.4277234,-2.04313,-0.11023091
16.08333417,1.2226723,-2.9238663,0.61307,-1.2631739,1.3244163,-0.53456837,0.2264532,0.28261274,1.2090352,0.16764441,0.32791328,-1.0255911,-1.535487993,9.930055138,3.592984867,0.699408984,-0.1852339,-0.009610367,-1.535487993,9.930055138,3.592984867,0.699408984,-0.1852339,-0.009610367,-22.832706,131.67253,39.98992,7.4277234,-2.04313,-0.11023091
16.10000084,1.2258912,-2.919311,0.6330151,-1.2602838,1.3298103,-0.5516582,0.1918116,0.28594854,1.2074403,0.17457937,0.3235296,-1.0254191,-2.317283902,11.02560742,4.227752206,0.822203936,-0.25169229,-0.010869838,-2.317283902,11.02560742,4.227752206,0.822203936,-0.25169229,-0.010869838,-34.45801,146.19955,47.054882,8.731806,-2.776166,-0.12467705
16.10000084,1.2258912,-2.919311,0.6330151,-1.2602838,1.3298103,-0.5516582,0.1918116,0.28594854,1.2074403,0.17457937,0.3235296,-1.0254191,-2.317283902,11.02560742,4.227752206,0.822203936,-0.25169229,-0.010869838,-2.317283902,11.02560742,4.227752206,0.822203936,-0.25169229,-0.010869838,-34.45801,146.19955,47.054882,8.731806,-2.776166,-0.12467705
16.11666751,1.2285237,-2.9146912,0.65292704,-1.2572778,1.3351282,-0.5687359,0.15661705,0.28923628,1.2051026,0.1814424,0.31904402,-1.0245541,-2.278231099,10.89449921,4.112277584,0.809962063,-0.244157485,-0.01086816,-2.278231099,10.89449921,4.112277584,0.809962063,-0.244157485,-0.01086816,-33.877296,144.46106,45.76965,8.601797,-2.693057,-0.124657795
16.11666751,1.2285237,-2.9146912,0.65292704,-1.2572778,1.3351282,-0.5687359,0.15661705,0.28923628,1.2051026,0.1814424,0.31904402,-1.0245541,-2.278231099,10.89449921,4.112277584,0.809962063,-0.244157485,-0.01086816,-2.278231099,10.89449921,4.112277584,0.809962063,-0.244157485,-0.01086816,-33.877296,144.46106,45.76965,8.601797,-2.693057,-0.124657795
16.13333417,1.2308123,-2.9100764,0.67252237,-1.2542572,1.3403237,-0.5855233,0.13643385,0.28629336,1.1843402,0.18190122,0.31164354,-1.0073496,-1.322771289,9.608629207,3.277328779,0.668758008,-0.156180251,-0.009948502,-1.322771289,9.608629207,3.277328779,0.668758008,-0.156180251,-0.009948502,-19.66961,127.41042,36.47667,7.10221,-1.7226682,-0.11410932
16.13333417,1.2308123,-2.9100764,0.67252237,-1.2542572,1.3403237,-0.5855233,0.13643385,0.28629336,1.1843402,0.18190122,0.31164354,-1.0073496,-1.322771289,9.608629207,3.277328779,0.668758008,-0.156180251,-0.009948502,-1.322771289,9.608629207,3.277328779,0.668758008,-0.156180251,-0.009948502,-19.66961,127.41042,36.47667,7.10221,-1.7226682,-0.11410932
16.15000084,1.2325109,-2.9054353,0.692044,-1.2511278,1.3454431,-0.6022908,0.10057419,0.28947777,1.181403,0.18874143,0.30719382,-1.0059972,-2.177042855,10.6711789,3.895940721,0.78865723,-0.227933695,-0.010976651,-2.177042855,10.6711789,3.895940721,0.78865723,-0.227933695,-0.010976651,-32.372627,141.49983,43.36182,8.37554,-2.5141087,-0.12590219
16.15000084,1.2325109,-2.9054353,0.692044,-1.2511278,1.3454431,-0.6022908,0.10057419,0.28947777,1.181403,0.18874143,0.30719382,-1.0059972,-2.177042855,10.6711789,3.895940721,0.78865723,-0.227933695,-0.010976651,-2.177042855,10.6711789,3.895940721,0.78865723,-0.227933695,-0.010976651,-32.372627,141.49983,43.36182,8.37554,-2.5141087,-0.12590219
16.16666751,1.2336042,-2.9007316,0.71151,-1.2478846,1.3504889,-0.6190252,0.06426337,0.29260996,1.1777295,0.19550453,0.3026687,-1.0039479,-2.123708924,10.53836299,3.776130779,0.774691469,-0.219571493,-0.010955317,-2.123708924,10.53836299,3.776130779,0.774691469,-0.219571493,-0.010955317,-31.579552,139.7387,42.028336,8.227223,-2.4218736,-0.12565748
16.18333418,1.2343693,-2.8960412,0.7306547,-1.2446314,1.3554136,-0.635465,0.045057774,0.2895,1.1567298,0.19568007,0.29551622,-0.9864888,-1.098116148,9.287768863,2.952138347,0.633461417,-0.126519683,-0.010184251,-1.098116148,9.287768863,2.952138347,0.633461417,-0.126519683,-0.010184251,-16.328987,123.155815,32.8573,6.7273602,-1.3955121,-0.11681336
16.18333418,1.2343693,-2.8960412,0.7306547,-1.2446314,1.3554136,-0.635465,0.045057774,0.2895,1.1567298,0.19568007,0.29551622,-0.9864888,-1.098116148,9.287768863,2.952138347,0.633461417,-0.126519683,-0.010184251,-1.098116148,9.287768863,2.952138347,0.633461417,-0.126519683,-0.010184251,-16.328987,123.155815,32.8573,6.7273602,-1.3955121,-0.11681336
16.20000084,1.2345277,-2.8913217,0.74970424,-1.2412716,1.3602657,-0.6518644,0.008188203,0.29257312,1.1524851,0.2024225,0.29104838,-0.9839441,-2.00820928,10.3171094,3.55464973,0.750498403,-0.202760973,-0.011014138,-2.00820928,10.3171094,3.55464973,0.750498403,-0.202760973,-0.011014138,-29.862072,136.80487,39.56325,7.970293,-2.2364535,-0.12633216
16.20000084,1.2345277,-2.8913217,0.74970424,-1.2412716,1.3602657,-0.6518644,0.008188203,0.29257312,1.1524851,0.2024225,0.29104838,-0.9839441,-2.00820928,10.3171094,3.55464973,0.750498403,-0.202760973,-0.011014138,-2.00820928,10.3171094,3.55464973,0.750498403,-0.202760973,-0.011014138,-29.862072,136.80487,39.56325,7.970293,-2.2364535,-0.12633216
16.20000084,1.2345277,-2.8913217,0.74970424,-1.2412716,1.3602657,-0.6518644,0.008188203,0.29257312,1.1524851,0.2024225,0.29104838,-0.9839441,-2.00820928,10.3171094,3.55464973,0.750498403,-0.202760973,-0.011014138,-2.00820928,10.3171094,3.55464973,0.750498403,-0.202760973,-0.011014138,-29.862072,136.80487,39.56325,7.970293,-2.2364535,-0.12633216
16.21666751,1.2340658,-2.8865438,0.7686764,-1.2377996,1.3650417,-0.6682114,-0.029025622,0.29558602,1.1475134,0.20908263,0.28651756,-0.98070574,-1.943547981,10.18405184,3.43201561,0.735027148,-0.19369709,-0.010976401,-1.943547981,10.18405184,3.43201561,0.735027148,-0.19369709,-0.010976401,-28.900558,135.04053,38.198334,7.8059883,-2.136479,-0.12589931
16.23333418,1.2332929,-2.8817835,0.78732395,-1.2343221,1.369703,-0.6842605,-0.04713229,0.29234597,1.1263475,0.208983,0.27963278,-0.96303225,-0.869409527,8.971507445,2.621937227,0.594225127,-0.096708282,-0.010327487,-0.869409527,8.971507445,2.621937227,0.594225127,-0.096708282,-0.010327487,-12.92812,118.96219,29.182161,6.310671,-1.0666924,-0.118456274
16.23333418,1.2332929,-2.8817835,0.78732395,-1.2343221,1.369703,-0.6842605,-0.04713229,0.29234597,1.1263475,0.208983,0.27963278,-0.96303225,-0.869409527,8.971507445,2.621937227,0.594225127,-0.096708282,-0.010327487,-0.869409527,8.971507445,2.621937227,0.594225127,-0.096708282,-0.010327487,-12.92812,118.96219,29.182161,6.310671,-1.0666924,-0.118456274
16.25000085,1.2319015,-2.8769946,0.8058558,-1.2307386,1.3742884,-0.7002491,-0.08479568,0.29533818,1.1208348,0.21562366,0.2751807,-0.95928955,-1.819122407,9.966745276,3.207746028,0.708317577,-0.176559485,-0.010992707,-1.819122407,9.966745276,3.207746028,0.708317577,-0.176559485,-0.010992707,-27.05035,132.15904,35.702213,7.5223327,-1.9474511,-0.12608635
16.25000085,1.2319015,-2.8769946,0.8058558,-1.2307386,1.3742884,-0.7002491,-0.08479568,0.29533818,1.1208348,0.21562366,0.2751807,-0.95928955,-1.819122407,9.966745276,3.207746028,0.708317577,-0.176559485,-0.010992707,-1.819122407,9.966745276,3.207746028,0.708317577,-0.176559485,-0.010992707,-27.05035,132.15904,35.702213,7.5223327,-1.9474511,-0.12608635
16.26666752,1.2298777,-2.8721495,0.8242894,-1.2270446,1.378801,-0.71616536,-0.12269629,0.2982741,1.1146104,0.22217612,0.27069142,-0.95485926,-1.746427412,9.83594086,3.084288989,0.691688398,-0.16695033,-0.010945055,-1.746427412,9.83594086,3.084288989,0.691688398,-0.16695033,-0.010945055,-25.969376,130.42458,34.328136,7.345731,-1.8414621,-0.12553978
16.28333418,1.227563,-2.8673267,0.8423961,-1.223351,1.3832027,-0.7317809,-0.13958906,0.29493412,1.093345,0.22180709,0.2640862,-0.93701303,-0.644038905,8.662487623,2.290288714,0.551674191,-0.067190463,-0.010386538,-0.644038905,8.662487623,2.290288714,0.551674191,-0.067190463,-0.010386538,-9.5768585,114.864586,25.490913,5.85878,-0.7411108,-0.11913359
16.28333418,1.227563,-2.8673267,0.8423961,-1.223351,1.3832027,-0.7317809,-0.13958906,0.29493412,1.093345,0.22180709,0.2640862,-0.93701303,-0.644038905,8.662487623,2.290288714,0.551674191,-0.067190463,-0.010386538,-0.644038905,8.662487623,2.290288714,0.551674191,-0.067190463,-0.010386538,-9.5768585,114.864586,25.490913,5.85878,-0.7411108,-0.11913359
16.28333418,1.227563,-2.8673267,0.8423961,-1.223351,1.3832027,-0.7317809,-0.13958906,0.29493412,1.093345,0.22180709,0.2640862,-0.93701303,-0.644038905,8.662487623,2.290288714,0.551674191,-0.067190463,-0.010386538,-0.644038905,8.662487623,2.290288714,0.551674191,-0.067190463,-0.010386538,-9.5768585,114.864586,25.490913,5.85878,-0.7411108,-0.11913359
16.30000085,1.2246199,-2.8624742,0.8603669,-1.2195526,1.3875319,-0.74731624,-0.17782666,0.29788116,1.0866086,0.22834411,0.25969103,-0.9320733,-1.618192015,9.623864981,2.859138736,0.662807826,-0.149744074,-0.01092577,-1.618192015,9.623864981,2.859138736,0.662807826,-0.149744074,-0.01092577,-24.062515,127.61245,31.822214,7.039019,-1.6516771,-0.12531859
16.30000085,1.2246199,-2.8624742,0.8603669,-1.2195526,1.3875319,-0.74731624,-0.17782666,0.29788116,1.0866086,0.22834411,0.25969103,-0.9320733,-1.618192015,9.623864981,2.859138736,0.662807826,-0.149744074,-0.01092577,-1.618192015,9.623864981,2.859138736,0.662807826,-0.149744074,-0.01092577,-24.062515,127.61245,31.822214,7.039019,-1.6516771,-0.12531859
16.31666752,1.221037,-2.8575664,0.8782191,-1.2156457,1.3917868,-0.76275915,-0.2161905,0.3007766,1.0791818,0.23478979,0.25527182,-0.9264544,-1.540482245,9.496591605,2.736145938,0.64526628,-0.139738015,-0.010871492,-1.540482245,9.496591605,2.736145938,0.64526628,-0.139738015,-0.010871492,-22.906971,125.924805,30.453304,6.852728,-1.5413103,-0.12469602
16.33333419,1.2171851,-2.8526864,0.895744,-1.2117441,1.3959366,-0.77789915,-0.23176177,0.29736057,1.0578893,0.23416132,0.24895914,-0.9084806,-0.428527237,8.36281237,1.960277986,0.506425667,-0.03839019,-0.0103706,-0.428527237,8.36281237,1.960277986,0.506425667,-0.03839019,-0.0103706,-6.3722,110.89089,21.817894,5.3782406,-0.4234438,-0.118950784
16.33333419,1.2171851,-2.8526864,0.895744,-1.2117441,1.3959366,-0.77789915,-0.23176177,0.29736057,1.0578893,0.23416132,0.24895914,-0.9084806,-0.428527237,8.36281237,1.960277986,0.506425667,-0.03839019,-0.0103706,-0.428527237,8.36281237,1.960277986,0.506425667,-0.03839019,-0.0103706,-6.3722,110.89089,21.817894,5.3782406,-0.4234438,-0.118950784
16.35000085,1.2126993,-2.8477743,0.9131142,-1.2077397,1.400014,-0.7929386,-0.27034998,0.30029732,1.0499783,0.2405952,0.24465449,-0.9023542,-1.41316217,9.290759632,2.51172675,0.614547415,-0.122723316,-0.010823341,-1.41316217,9.290759632,2.51172675,0.614547415,-0.122723316,-0.010823341,-21.013721,123.19547,27.955519,6.5264935,-1.3536382,-0.12414372
16.35000085,1.2126993,-2.8477743,0.9131142,-1.2077397,1.400014,-0.7929386,-0.27034998,0.30029732,1.0499783,0.2405952,0.24465449,-0.9023542,-1.41316217,9.290759632,2.51172675,0.614547415,-0.122723316,-0.010823341,-1.41316217,9.290759632,2.51172675,0.614547415,-0.122723316,-0.010823341,-21.013721,123.19547,27.955519,6.5264935,-1.3536382,-0.12414372
16.36666752,1.207569,-2.8428087,0.93034637,-1.2036282,1.4040191,-0.8078667,-0.30895317,0.30318666,1.0414026,0.24693756,0.24034457,-0.8955602,-1.333305446,9.167860212,2.390181686,0.596303141,-0.11247296,-0.010765461,-1.333305446,9.167860212,2.390181686,0.596303141,-0.11247296,-0.010765461,-19.826252,121.56583,26.602722,6.3327394,-1.2405767,-0.12347984
16.36666752,1.207569,-2.8428087,0.93034637,-1.2036282,1.4040191,-0.8078667,-0.30895317,0.30318666,1.0414026,0.24693756,0.24034457,-0.8955602,-1.333305446,9.167860212,2.390181686,0.596303141,-0.11247296,-0.010765461,-1.333305446,9.167860212,2.390181686,0.596303141,-0.11247296,-0.010765461,-19.826252,121.56583,26.602722,6.3327394,-1.2405767,-0.12347984
16.38333419,1.202193,-2.8378732,0.94725156,-1.1995267,1.4079245,-0.8224908,-0.32310253,0.2997206,1.0201454,0.24605921,0.23433359,-0.8775059,-0.228210993,8.07389537,1.634278173,0.459023788,-0.010695764,-0.010288754,-0.228210993,8.07389537,1.634278173,0.459023788,-0.010695764,-0.010288754,-3.3934975,107.05985,18.189516,4.8748326,-0.11797428,-0.11801201
16.38333419,1.202193,-2.8378732,0.94725156,-1.1995267,1.4079245,-0.8224908,-0.32310253,0.2997206,1.0201454,0.24605921,0.23433359,-0.8775059,-0.228210993,8.07389537,1.634278173,0.459023788,-0.010695764,-0.010288754,-0.228210993,8.07389537,1.634278173,0.459023788,-0.010695764,-0.010288754,-3.3934975,107.05985,18.189516,4.8748326,-0.11797428,-0.11801201
16.40000086,1.1961814,-2.8329058,0.96398354,-1.1953231,1.4117613,-0.8369944,-0.3618132,0.30267537,1.0111167,0.25239316,0.23015264,-0.8702052,-1.210766955,8.968613914,2.167642941,0.564021624,-0.095884992,-0.010693115,-1.210766955,8.968613914,2.167642941,0.564021624,-0.095884992,-0.010693115,-18.004105,118.92382,24.125866,5.9899096,-1.0576115,-0.12265003
16.40000086,1.1961814,-2.8329058,0.96398354,-1.1953231,1.4117613,-0.8369944,-0.3618132,0.30267537,1.0111167,0.25239316,0.23015264,-0.8702052,-1.210766955,8.968613914,2.167642941,0.564021624,-0.095884992,-0.010693115,-1.210766955,8.968613914,2.167642941,0.564021624,-0.095884992,-0.010693115,-18.004105,118.92382,24.125866,5.9899096,-1.0576115,-0.12265003
16.41666752,1.1895255,-2.827884,0.98055947,-1.1910148,1.4155278,-0.8513675,-0.40042758,0.3055949,1.0014528,0.25863186,0.22597738,-0.86225504,-1.131334542,8.851089017,2.048506827,0.545297504,-0.085550163,-0.010634217,-1.131334542,8.851089017,2.048506827,0.545297504,-0.085550163,-0.010634217,-16.822945,117.36544,22.799881,5.7910595,-0.9436183,-0.12197447
16.43333419,1.1826489,-2.8228958,0.9968101,-1.1867213,1.4191967,-0.865436,-0.41306508,0.3020964,0.9802986,0.25751376,0.22026962,-0.84416926,-0.047227337,7.795980577,1.313866395,0.40989663,0.015535921,-0.010148436,-0.047227337,7.795980577,1.313866395,0.40989663,0.015535921,-0.010148436,-0.7022705,103.3747,14.623333,4.353102,0.17136121,-0.11640257
16.43333419,1.1826489,-2.8228958,0.9968101,-1.1867213,1.4191967,-0.865436,-0.41306508,0.3020964,0.9802986,0.25751376,0.22026962,-0.84416926,-0.047227337,7.795980577,1.313866395,0.40989663,0.015535921,-0.010148436,-0.047227337,7.795980577,1.313866395,0.40989663,0.015535921,-0.010148436,-0.7022705,103.3747,14.623333,4.353102,0.17136121,-0.11640257
16.45000086,1.1751388,-2.8178728,1.0128702,-1.1823279,1.4228008,-0.8793654,-0.4516711,0.30510232,0.9702111,0.26375097,0.21624264,-0.8357187,-1.016800245,8.658374309,1.828637684,0.51168264,-0.069614896,-0.010541146,-1.016800245,8.658374309,1.828637684,0.51168264,-0.069614896,-0.010541146,-15.11982,114.81004,20.352737,5.4340696,-0.7678523,-0.12090695
16.45000086,1.1751388,-2.8178728,1.0128702,-1.1823279,1.4228008,-0.8793654,-0.4516711,0.30510232,0.9702111,0.26375097,0.21624264,-0.8357187,-1.016800245,8.658374309,1.828637684,0.51168264,-0.069614896,-0.010541146,-1.016800245,8.658374309,1.828637684,0.51168264,-0.069614896,-0.010541146,-15.11982,114.81004,20.352737,5.4340696,-0.7678523,-0.12090695
16.45000086,1.1751388,-2.8178728,1.0128702,-1.1823279,1.4228008,-0.8793654,-0.4516711,0.30510232,0.9702111,0.26375097,0.21624264,-0.8357187,-1.016800245,8.658374309,1.828637684,0.51168264,-0.069614896,-0.010541146,-1.016800245,8.658374309,1.828637684,0.51168264,-0.069614896,-0.010541146,-15.11982,114.81004,20.352737,5.4340696,-0.7678523,-0.12090695
16.46666753,1.1669873,-2.8127956,1.0287569,-1.1778309,1.4263377,-0.89314467,-0.49007174,0.30807978,0.95951986,0.2698948,0.21223265,-0.82663465,-0.939898308,8.54605938,1.71220459,0.492582618,-0.059342925,-0.010481272,-0.939898308,8.54605938,1.71220459,0.492582618,-0.059342925,-0.010481272,-13.976288,113.32075,19.056837,5.2312274,-0.65455246,-0.120220184
16.48333419,1.158642,-2.8077555,1.0443213,-1.1733533,1.429785,-0.90662,-0.5011127,0.30456603,0.93853354,0.26854813,0.20683272,-0.80856997,0.111855543,7.528944864,1.000156214,0.359412079,0.040019542,-0.009957644,0.111855543,7.528944864,1.000156214,0.359412079,0.040019542,-0.009957644,1.6632919,99.83381,11.131739,3.8169563,0.44141555,-0.11421418
16.48333419,1.158642,-2.8077555,1.0443213,-1.1733533,1.429785,-0.90662,-0.5011127,0.30456603,0.93853354,0.26854813,0.20683272,-0.80856997,0.111855543,7.528944864,1.000156214,0.359412079,0.040019542,-0.009957644,0.111855543,7.528944864,1.000156214,0.359412079,0.040019542,-0.009957644,1.6632919,99.83381,11.131739,3.8169563,0.44141555,-0.11421418
16.50000086,1.1496685,-2.8026774,1.0596788,-1.1687757,1.4331676,-0.9199372,-0.5393876,0.30765316,0.9274519,0.27469516,0.20297605,-0.79899776,-0.835692939,8.359940703,1.495792152,0.457875158,-0.044265878,-0.010370158,-0.835692939,8.359940703,1.495792152,0.457875158,-0.044265878,-0.010370158,-12.426754,110.85281,16.648167,4.862634,-0.48825264,-0.11894572
16.50000086,1.1496685,-2.8026774,1.0596788,-1.1687757,1.4331676,-0.9199372,-0.5393876,0.30765316,0.9274519,0.27469516,0.20297605,-0.79899776,-0.835692939,8.359940703,1.495792152,0.457875158,-0.044265878,-0.010370158,-0.835692939,8.359940703,1.495792152,0.457875158,-0.044265878,-0.010370158,-12.426754,110.85281,16.648167,4.862634,-0.48825264,-0.11894572
16.51666753,1.140061,-2.7975435,1.0748471,-1.1640954,1.4364853,-0.9330863,-0.57734585,0.31071937,0.91580063,0.28074706,0.19915217,-0.78881484,-0.762787327,8.252744258,1.382319304,0.438500887,-0.03417699,-0.010309785,-0.762787327,8.252744258,1.382319304,0.438500887,-0.03417699,-0.010309785,-11.342648,109.43139,15.385214,4.6568794,-0.3769722,-0.11825323
16.5333342,1.1302881,-2.7924488,1.0896976,-1.1594392,1.4397188,-0.94593245,-0.58671826,0.30720168,0.8950455,0.27917656,0.19406195,-0.77082264,0.247547942,7.271764073,0.693617184,0.307821329,0.062502111,-0.009719548,0.247547942,7.271764073,0.693617184,0.307821329,0.062502111,-0.009719548,3.681038,96.42359,7.7199593,3.2690625,0.6893983,-0.11148322
16.5333342,1.1302881,-2.7924488,1.0896976,-1.1594392,1.4397188,-0.94593245,-0.58671826,0.30720168,0.8950455,0.27917656,0.19406195,-0.77082264,0.247547942,7.271764073,0.693617184,0.307821329,0.062502111,-0.009719548,0.247547942,7.271764073,0.693617184,0.307821329,0.062502111,-0.009719548,3.681038,96.42359,7.7199593,3.2690625,0.6893983,-0.11148322
16.5333342,1.1302881,-2.7924488,1.0896976,-1.1594392,1.4397188,-0.94593245,-0.58671826,0.30720168,0.8950455,0.27917656,0.19406195,-0.77082264,0.247547942,7.271764073,0.693617184,0.307821329,0.062502111,-0.009719548,0.247547942,7.271764073,0.693617184,0.307821329,0.062502111,-0.009719548,3.681038,96.42359,7.7199593,3.2690625,0.6893983,-0.11148322
16.55000086,1.119896,-2.7873135,1.1043258,-1.1546853,1.4428915,-0.9586028,-0.62443626,0.3103946,0.8830351,0.28523752,0.1904014,-0.760166,-0.67041932,8.072288939,1.169516691,0.402822872,-0.020127845,-0.010181669,-0.67041932,8.072288939,1.169516691,0.402822872,-0.020127845,-0.010181669,-9.969135,107.03855,13.016721,4.277979,-0.22201014,-0.11678374
16.55000086,1.119896,-2.7873135,1.1043258,-1.1546853,1.4428915,-0.9586028,-0.62443626,0.3103946,0.8830351,0.28523752,0.1904014,-0.760166,-0.67041932,8.072288939,1.169516691,0.402822872,-0.020127845,-0.010181669,-0.67041932,8.072288939,1.169516691,0.402822872,-0.020127845,-0.010181669,-9.969135,107.03855,13.016721,4.277979,-0.22201014,-0.11678374
16.56666753,1.1088805,-2.7821212,1.1187501,-1.1498315,1.4460031,-0.9710869,-0.6617299,0.31357414,0.8704935,0.29120585,0.18678373,-0.748922,-0.602766805,7.970038367,1.059208533,0.38326945,-0.010357655,-0.010119507,-0.602766805,7.970038367,1.059208533,0.38326945,-0.010357655,-0.010119507,-8.963142,105.68271,11.788991,4.0703216,-0.11424494,-0.11607075
16.5833342,1.097729,-2.7769709,1.1328608,-1.1450052,1.4490345,-0.98327106,-0.66937006,0.31006444,0.8500287,0.2894298,0.18199739,-0.7310562,0.359640012,7.023504381,0.394642856,0.255373575,0.082794861,-0.0094399,0.359640012,7.023504381,0.394642856,0.255373575,0.082794861,-0.0094399,5.347847,93.13167,4.392375,2.7120674,0.9132273,-0.10827565
16.5833342,1.097729,-2.7769709,1.1328608,-1.1450052,1.4490345,-0.98327106,-0.66937006,0.31006444,0.8500287,0.2894298,0.18199739,-0.7310562,0.359640012,7.023504381,0.394642856,0.255373575,0.082794861,-0.0094399,0.359640012,7.023504381,0.394642856,0.255373575,0.082794861,-0.0094399,5.347847,93.13167,4.392375,2.7120674,0.9132273,-0.10827565
16.60000087,1.085971,-2.7717745,1.1467361,-1.1400799,1.4520086,-0.99526125,-0.7063078,0.31339055,0.837165,0.29541618,0.17855,-0.7193555,-0.522921882,7.794957571,0.850530026,0.346822995,0.002527777,-0.009974471,-0.522921882,7.794957571,0.850530026,0.346822995,0.002527777,-0.009974471,-7.7758484,103.36114,9.466399,3.6832602,0.027881384,-0.11440718
16.60000087,1.085971,-2.7717745,1.1467361,-1.1400799,1.4520086,-0.99526125,-0.7063078,0.31339055,0.837165,0.29541618,0.17855,-0.7193555,-0.522921882,7.794957571,0.850530026,0.346822995,0.002527777,-0.009974471,-0.522921882,7.794957571,0.850530026,0.346822995,0.002527777,-0.009974471,-7.7758484,103.36114,9.466399,3.6832602,0.027881384,-0.11440718
16.61666753,1.0736043,-2.76652,1.1603941,-1.1350576,1.4549268,-1.0070487,-0.74271494,0.31670618,0.82380605,0.30130488,0.17515284,-0.70709723,-0.461139179,7.696727678,0.743112538,0.327086763,0.011880335,-0.009910179,-0.461139179,7.696727678,0.743112538,0.327086763,0.011880335,-0.009910179,-6.8571396,102.05861,8.270843,3.4736614,0.1310401,-0.11366975
16.61666753,1.0736043,-2.76652,1.1603941,-1.1350576,1.4549268,-1.0070487,-0.74271494,0.31670618,0.82380605,0.30130488,0.17515284,-0.70709723,-0.461139179,7.696727678,0.743112538,0.327086763,0.011880335,-0.009910179,-0.461139179,7.696727678,0.743112538,0.327086763,0.011880335,-0.009910179,-6.8571396,102.05861,8.270843,3.4736614,0.1310401,-0.11366975
16.6333342,1.0611321,-2.7613087,1.1737436,-1.1300652,1.457771,-1.0185386,-0.7485696,0.31321236,0.8036917,0.2993305,0.17066444,-0.68941283,0.44888084,6.782672128,0.103258005,0.202235237,0.100768758,-0.009123044,0.44888084,6.782672128,0.103258005,0.202235237,0.100768758,-0.009123044,6.674858,89.93823,1.1492616,2.1477382,1.1114794,-0.10464132
16.6333342,1.0611321,-2.7613087,1.1737436,-1.1300652,1.457771,-1.0185386,-0.7485696,0.31321236,0.8036917,0.2993305,0.17066444,-0.68941283,0.44888084,6.782672128,0.103258005,0.202235237,0.100768758,-0.009123044,0.44888084,6.782672128,0.103258005,0.202235237,0.100768758,-0.009123044,6.674858,89.93823,1.1492616,2.1477382,1.1114794,-0.10464132
16.65000087,1.0480698,-2.7560487,1.1868455,-1.1249757,1.4605618,-1.0298187,-0.7845096,0.31668994,0.79004794,0.305245,0.16743758,-0.6767202,-0.393929959,7.526003577,0.538638553,0.289982995,0.023488942,-0.009748742,-0.393929959,7.526003577,0.538638553,0.289982995,0.023488942,-0.009748742,-5.8577385,99.79481,5.995047,3.0796194,0.25908303,-0.111818075
16.65000087,1.0480698,-2.7560487,1.1868455,-1.1249757,1.4605618,-1.0298187,-0.7845096,0.31668994,0.79004794,0.305245,0.16743758,-0.6767202,-0.393929959,7.526003577,0.538638553,0.289982995,0.023488942,-0.009748742,-0.393929959,7.526003577,0.538638553,0.289982995,0.023488942,-0.009748742,-5.8577385,99.79481,5.995047,3.0796194,0.25908303,-0.111818075
16.66666754,1.0344173,-2.7507286,1.1997179,-1.1197892,1.4632992,-1.0408792,-0.81981647,0.32016683,0.7759481,0.31106657,0.16426648,-0.66349816,-0.338432656,7.431842695,0.434413517,0.270180087,0.032324955,-0.009679763,-0.338432656,7.431842695,0.434413517,0.270180087,0.032324955,-0.009679763,-5.0324936,98.546234,4.8350224,2.8693125,0.35654426,-0.11102688
16.6833342,1.0206901,-2.7454507,1.2122889,-1.1146383,1.4659641,-1.0516481,-0.82384413,0.31669578,0.7562419,0.30890033,0.16006847,-0.64605135,0.516754232,6.547912321,-0.180470461,0.148581516,0.116345586,-0.008771902,0.516754232,6.547912321,-0.180470461,0.148581516,0.116345586,-0.008771902,7.6841354,86.82532,-2.0086362,1.5779357,1.2832918,-0.10061371
16.6833342,1.0206901,-2.7454507,1.2122889,-1.1146383,1.4659641,-1.0516481,-0.82384413,0.31669578,0.7562419,0.30890033,0.16006847,-0.64605135,0.516754232,6.547912321,-0.180470461,0.148581516,0.116345586,-0.008771902,0.516754232,6.547912321,-0.180470461,0.148581516,0.116345586,-0.008771902,7.6841354,86.82532,-2.0086362,1.5779357,1.2832918,-0.10061371
16.70000087,1.0063927,-2.7401216,1.2246009,-1.1093909,1.4685793,-1.0621892,-0.8585738,0.32034427,0.741894,0.3147566,0.15707883,-0.63241714,-0.283283729,7.264386115,0.234175221,0.232525846,0.042600364,-0.009500637,-0.283283729,7.264386115,0.234175221,0.232525846,0.042600364,-0.009500637,-4.212429,96.32576,2.6063702,2.4694245,0.469882,-0.10897231
16.70000087,1.0063927,-2.7401216,1.2246009,-1.1093909,1.4685793,-1.0621892,-0.8585738,0.32034427,0.741894,0.3147566,0.15707883,-0.63241714,-0.283283729,7.264386115,0.234175221,0.232525846,0.042600364,-0.009500637,-0.283283729,7.264386115,0.234175221,0.232525846,0.042600364,-0.009500637,-4.212429,96.32576,2.6063702,2.4694245,0.469882,-0.10897231
16.70000087,1.0063927,-2.7401216,1.2246009,-1.1093909,1.4685793,-1.0621892,-0.8585738,0.32034427,0.741894,0.3147566,0.15707883,-0.63241714,-0.283283729,7.264386115,0.234175221,0.232525846,0.042600364,-0.009500637,-0.283283729,7.264386115,0.234175221,0.232525846,0.042600364,-0.009500637,-4.212429,96.32576,2.6063702,2.4694245,0.469882,-0.10897231
16.71666754,0.9915269,-2.7347288,1.236672,-1.1040478,1.4711485,-1.0724962,-0.8925707,0.32400048,0.7271334,0.32052225,0.15414958,-0.6182931,-0.234076956,7.173684352,0.133091709,0.212699007,0.050850057,-0.009426825,-0.234076956,7.173684352,0.133091709,0.212699007,0.050850057,-0.009426825,-3.4807243,95.123055,1.4813107,2.2588634,0.56087613,-0.10812569
16.73333421,0.97661793,-2.7293823,1.2484503,-1.098742,1.4736493,-1.0825136,-0.89473844,0.32055295,0.7078896,0.31817818,0.15023196,-0.60113955,0.56540073,6.317512662,-0.456679756,0.094550826,0.129513814,-0.008390848,0.56540073,6.317512662,-0.456679756,0.094550826,0.129513814,-0.008390848,8.407509,83.77022,-5.0828457,1.0041298,1.4285374,-0.096243024
16.73333421,0.97661793,-2.7293823,1.2484503,-1.098742,1.4736493,-1.0825136,-0.89473844,0.32055295,0.7078896,0.31817818,0.15023196,-0.60113955,0.56540073,6.317512662,-0.456679756,0.094550826,0.129513814,-0.008390848,0.56540073,6.317512662,-0.456679756,0.094550826,0.129513814,-0.008390848,8.407509,83.77022,-5.0828457,1.0041298,1.4285374,-0.096243024
16.75000087,0.96116215,-2.7239776,1.2599596,-1.0933417,1.4761055,-1.0922917,-0.9280522,0.32439637,0.69291747,0.32398292,0.14747852,-0.58663434,-0.190172022,7.009135113,-0.062495117,0.174677125,0.059743962,-0.009231039,-0.190172022,7.009135113,-0.062495117,0.174677125,0.059743962,-0.009231039,-2.827858,92.94113,-0.69557065,1.8550711,0.6589759,-0.10588002
16.75000087,0.96116215,-2.7239776,1.2599596,-1.0933417,1.4761055,-1.0922917,-0.9280522,0.32439637,0.69291747,0.32398292,0.14747852,-0.58663434,-0.190172022,7.009135113,-0.062495117,0.174677125,0.059743962,-0.009231039,-0.190172022,7.009135113,-0.062495117,0.174677125,0.059743962,-0.009231039,-2.827858,92.94113,-0.69557065,1.8550711,0.6589759,-0.10588002
16.76666754,0.9451629,-2.718508,1.2712189,-1.0878432,1.4785184,-1.1018219,-0.96053785,0.3282465,0.677575,0.32970107,0.14478573,-0.5716696,-0.14696025,6.920771074,-0.160765841,0.154812704,0.067353827,-0.009148965,-0.14696025,6.920771074,-0.160765841,0.154812704,0.067353827,-0.009148965,-2.185299,91.769424,-1.7893238,1.6441109,0.7429127,-0.10493863
16.78333421,0.92915267,-2.7130818,1.2821931,-1.0823889,1.4808701,-1.1110687,-0.9608256,0.32482848,0.65884364,0.3271822,0.1411386,-0.5548629,0.597160201,6.090535298,-0.725145503,0.040347243,0.140298223,-0.007983655,0.597160201,6.090535298,-0.725145503,0.040347243,0.140298223,-0.007983655,8.879772,80.7605,-8.070869,0.42848772,1.5474894,-0.09157252
16.78333421,0.92915267,-2.7130818,1.2821931,-1.0823889,1.4808701,-1.1110687,-0.9608256,0.32482848,0.65884364,0.3271822,0.1411386,-0.5548629,0.597160201,6.090535298,-0.725145503,0.040347243,0.140298223,-0.007983655,0.597160201,6.090535298,-0.725145503,0.040347243,0.140298223,-0.007983655,8.879772,80.7605,-8.070869,0.42848772,1.5474894,-0.09157252
16.78333421,0.92915267,-2.7130818,1.2821931,-1.0823889,1.4808701,-1.1110687,-0.9608256,0.32482848,0.65884364,0.3271822,0.1411386,-0.5548629,0.597160201,6.090535298,-0.725145503,0.040347243,0.140298223,-0.007983655,0.597160201,6.090535298,-0.725145503,0.040347243,0.140298223,-0.007983655,8.879772,80.7605,-8.070869,0.42848772,1.5474894,-0.09157252
16.80000088,0.9126218,-2.7075973,1.2928896,-1.0768368,1.4831799,-1.1200627,-0.9925253,0.32887334,0.64332926,0.3329487,0.13861609,-0.5395472,-0.113098463,6.758151623,-0.351546053,0.116555985,0.074862639,-0.008935708,-0.113098463,6.758151623,-0.351546053,0.116555985,0.074862639,-0.008935708,-1.6817741,89.61309,-3.9127076,1.2378246,0.8257349,-0.10249257
16.80000088,0.9126218,-2.7075973,1.2928896,-1.0768368,1.4831799,-1.1200627,-0.9925253,0.32887334,0.64332926,0.3329487,0.13861609,-0.5395472,-0.113098463,6.758151623,-0.351546053,0.116555985,0.074862639,-0.008935708,-0.113098463,6.758151623,-0.351546053,0.116555985,0.074862639,-0.008935708,-1.6817741,89.61309,-3.9127076,1.2378246,0.8257349,-0.10249257
16.81666754,0.8955761,-2.7020447,1.3033277,-1.0711899,1.4854479,-1.1287954,-1.0233059,0.33293644,0.62748814,0.33862373,0.13615786,-0.5238094,-0.075548707,6.67230655,-0.446646683,0.096774,0.081793082,-0.008844446,-0.075548707,6.67230655,-0.446646683,0.096774,0.081793082,-0.008844446,-1.1234093,88.474785,-4.9711776,1.0277399,0.9021777,-0.101445794
16.83333421,0.8785519,-2.696536,1.31349,-1.0655886,1.4876586,-1.1372526,-1.0217044,0.32954872,0.60932064,0.3359433,0.13276908,-0.50740635,0.61457364,5.865810504,-0.985635859,-0.013822873,0.148769238,-0.007552995,0.61457364,5.865810504,-0.985635859,-0.013822873,0.148769238,-0.007552995,9.13871,77.78065,-10.970127,-0.14679891,1.6409247,-0.08663285
16.83333421,0.8785519,-2.696536,1.31349,-1.0655886,1.4876586,-1.1372526,-1.0217044,0.32954872,0.60932064,0.3359433,0.13276908,-0.50740635,0.61457364,5.865810504,-0.985635859,-0.013822873,0.148769238,-0.007552995,0.61457364,5.865810504,-0.985635859,-0.013822873,0.148769238,-0.007552995,9.13871,77.78065,-10.970127,-0.14679891,1.6409247,-0.08663285
16.85000088,0.8610366,-2.6909654,1.3233681,-1.0598913,1.4898312,-1.1454427,-1.0516009,0.33381543,0.5933467,0.34167603,0.13048205,-0.49135065,-0.050424295,6.511263035,-0.632172453,0.058477954,0.087943579,-0.00861323,-0.050424295,6.511263035,-0.632172453,0.058477954,0.087943579,-0.00861323,-0.74980927,86.33935,-7.0360794,0.6210359,0.9700177,-0.098793745
16.85000088,0.8610366,-2.6909654,1.3233681,-1.0598913,1.4898312,-1.1454427,-1.0516009,0.33381543,0.5933467,0.34167603,0.13048205,-0.49135065,-0.050424295,6.511263035,-0.632172453,0.058477954,0.087943579,-0.00861323,-0.050424295,6.511263035,-0.632172453,0.058477954,0.087943579,-0.00861323,-0.74980927,86.33935,-7.0360794,0.6210359,0.9700177,-0.098793745
16.86666755,0.8430377,-2.6853178,1.3329806,-1.0540994,1.4919678,-1.1533602,-1.0804942,0.33810464,0.5770896,0.34732243,0.1282576,-0.4749164,-0.017988594,6.427101492,-0.724242554,0.038810476,0.094173718,-0.008512084,-0.017988594,6.427101492,-0.724242554,0.038810476,0.094173718,-0.008512084,-0.2674904,85.223366,-8.06082,0.41216725,1.0387361,-0.0976336
16.86666755,0.8430377,-2.6853178,1.3329806,-1.0540994,1.4919678,-1.1533602,-1.0804942,0.33810464,0.5770896,0.34732243,0.1282576,-0.4749164,-0.017988594,6.427101492,-0.724242554,0.038810476,0.094173718,-0.008512084,-0.017988594,6.427101492,-0.724242554,0.038810476,0.094173718,-0.008512084,-0.2674904,85.223366,-8.06082,0.41216725,1.0387361,-0.0976336
16.88333421,0.8250922,-2.6797183,1.3423281,-1.0483559,1.4940525,-1.1610098,-1.0770055,0.33473617,0.55953175,0.3444887,0.12510923,-0.45897174,0.620270802,5.641723219,-1.238263671,-0.067816852,0.15504023,-0.007102691,0.620270802,5.641723219,-1.238263671,-0.067816852,0.15504023,-0.007102691,9.223427,74.80925,-13.781875,-0.72021496,1.7100937,-0.08146787
16.88333421,0.8250922,-2.6797183,1.3423281,-1.0483559,1.4940525,-1.1610098,-1.0770055,0.33473617,0.55953175,0.3444887,0.12510923,-0.45897174,0.620270802,5.641723219,-1.238263671,-0.067816852,0.15504023,-0.007102691,0.620270802,5.641723219,-1.238263671,-0.067816852,0.15504023,-0.007102691,9.223427,74.80925,-13.781875,-0.72021496,1.7100937,-0.08146787
16.90000088,0.8066885,-2.6740506,1.3513848,-1.0425175,1.4961029,-1.1683823,-1.104921,0.33923253,0.543181,0.35019976,0.123043254,-0.44225475,-0.000227548,6.266902043,-0.904290695,0.000629604,0.099003218,-0.008262815,-0.000227548,6.266902043,-0.904290695,0.000629604,0.099003218,-0.008262815,-0.003383637,83.09912,-10.064755,0.006686389,1.0920055,-0.094774485
16.90000088,0.8066885,-2.6740506,1.3513848,-1.0425175,1.4961029,-1.1683823,-1.104921,0.33923253,0.543181,0.35019976,0.123043254,-0.44225475,-0.000227548,6.266902043,-0.904290695,0.000629604,0.099003218,-0.008262815,-0.000227548,6.266902043,-0.904290695,0.000629604,0.099003218,-0.008262815,-0.003383637,83.09912,-10.064755,0.006686389,1.0920055,-0.094774485
16.91666755,0.78783584,-2.6683052,1.360171,-1.0365838,1.498119,-1.1754713,-1.1317536,0.34374985,0.5265916,0.35582814,0.121036984,-0.42520005,0.0277221,6.183716327,-0.993389753,-0.01888512,0.104526758,-0.008149883,0.0277221,6.183716327,-0.993389753,-0.01888512,0.104526758,-0.008149883,0.41222763,81.99608,-11.056428,-0.20055997,1.1529301,-0.09347916
16.93333422,0.7690684,-2.6626053,1.3687018,-1.030702,1.5000857,-1.1823015,-1.12639,0.34040594,0.5096853,0.35284832,0.118114576,-0.4097663,0.616541274,5.418567456,-1.48216155,-0.121292096,0.159243714,-0.006635125,0.616541274,5.418567456,-1.48216155,-0.121292096,0.159243714,-0.006635125,9.167969,71.850204,-16.496458,-1.288122,1.7564582,-0.07610488
16.93333422,0.7690684,-2.6626053,1.3687018,-1.030702,1.5000857,-1.1823015,-1.12639,0.34040594,0.5096853,0.35284832,0.118114576,-0.4097663,0.616541274,5.418567456,-1.48216155,-0.121292096,0.159243714,-0.006635125,0.616541274,5.418567456,-1.48216155,-0.121292096,0.159243714,-0.006635125,9.167969,71.850204,-16.496458,-1.288122,1.7564582,-0.07610488
16.95000088,0.7498775,-2.6568336,1.3769383,-1.0247257,1.5020218,-1.1888437,-1.1521578,0.34513575,0.4930425,0.35854843,0.11626361,-0.3924679,0.039415289,6.024306284,-1.167366768,-0.056717894,0.108101664,-0.007882041,0.039415289,6.024306284,-1.167366768,-0.056717894,0.108101664,-0.007882041,0.58610535,79.8823,-12.992792,-0.60234404,1.1923614,-0.090407014
16.95000088,0.7498775,-2.6568336,1.3769383,-1.0247257,1.5020218,-1.1888437,-1.1521578,0.34513575,0.4930425,0.35854843,0.11626361,-0.3924679,0.039415289,6.024306284,-1.167366768,-0.056717894,0.108101664,-0.007882041,0.039415289,6.024306284,-1.167366768,-0.056717894,0.108101664,-0.007882041,0.58610535,79.8823,-12.992792,-0.60234404,1.1923614,-0.090407014
16.95000088,0.7498775,-2.6568336,1.3769383,-1.0247257,1.5020218,-1.1888437,-1.1521578,0.34513575,0.4930425,0.35854843,0.11626361,-0.3924679,0.039415289,6.024306284,-1.167366768,-0.056717894,0.108101664,-0.007882041,0.039415289,6.024306284,-1.167366768,-0.056717894,0.108101664,-0.007882041,0.58610535,79.8823,-12.992792,-0.60234404,1.1923614,-0.090407014
16.96666755,0.7302745,-2.6509807,1.3849001,-1.0186547,1.5039274,-1.195094,-1.1767688,0.3498889,0.476204,0.36416814,0.11446906,-0.374878,0.063471483,5.941943346,-1.253308333,-0.075985404,0.112926182,-0.007756721,0.063471483,5.941943346,-1.253308333,-0.075985404,0.112926182,-0.007756721,0.94382095,78.79017,-13.949322,-0.806965,1.2455758,-0.08896959
16.98333422,0.710789,-2.645175,1.392618,-1.0126369,1.5057875,-1.2010945,-1.1695529,0.34656104,0.4599899,0.36105314,0.11175538,-0.3600047,0.605666309,5.195162559,-1.717192315,-0.174052713,0.161542259,-0.006152597,0.605666309,5.195162559,-1.717192315,-0.174052713,0.161542259,-0.006152597,9.006258,68.887856,-19.11235,-1.8484398,1.7818111,-0.07057029
16.98333422,0.710789,-2.645175,1.392618,-1.0126369,1.5057875,-1.2010945,-1.1695529,0.34656104,0.4599899,0.36105314,0.11175538,-0.3600047,0.605666309,5.195162559,-1.717192315,-0.174052713,0.161542259,-0.006152597,0.605666309,5.195162559,-1.717192315,-0.174052713,0.161542259,-0.006152597,9.006258,68.887856,-19.11235,-1.8484398,1.7818111,-0.07057029
17.00000089,0.6909182,-2.639292,1.4000384,-1.0065241,1.5076206,-1.2067996,-1.1930202,0.35153332,0.44313776,0.3667493,0.11010271,-0.34221074,0.070268673,5.783274379,-1.420689914,-0.113251149,0.115314291,-0.007470359,0.070268673,5.783274379,-1.420689914,-0.113251149,0.115314291,-0.007470359,1.0448952,76.68622,-15.812279,-1.2027272,1.2719166,-0.085685015
17.00000089,0.6909182,-2.639292,1.4000384,-1.0065241,1.5076206,-1.2067996,-1.1930202,0.35153332,0.44313776,0.3667493,0.11010271,-0.34221074,0.070268673,5.783274379,-1.420689914,-0.113251149,0.115314291,-0.007470359,0.070268673,5.783274379,-1.420689914,-0.113251149,0.115314291,-0.007470359,1.0448952,76.68622,-15.812279,-1.2027272,1.2719166,-0.085685015
17.01666755,0.6706748,-2.633324,1.4071813,-1.0003159,1.5094271,-1.2122045,-1.2152635,0.35652664,0.42613342,0.37236655,0.10849941,-0.3241688,0.091036455,5.701248606,-1.503428744,-0.132207884,0.119454852,-0.007331579,0.091036455,5.701248606,-1.503428744,-0.132207884,0.119454852,-0.007331579,1.3537121,75.59856,-16.733162,-1.4040477,1.317587,-0.08409321
17.03333422,0.6505795,-2.6274028,1.4140916,-0.9941629,1.5111917,-1.2173702,-1.2062292,0.3532087,0.41064766,0.36911696,0.105974324,-0.30990708,0.589533115,4.971333039,-1.942824803,-0.225827833,0.162103451,-0.005657494,0.589533115,4.971333039,-1.942824803,-0.225827833,0.162103451,-0.005657494,8.766357,65.919876,-21.62364,-2.3982916,1.7880011,-0.06489146
17.03333422,0.6505795,-2.6274028,1.4140916,-0.9941629,1.5111917,-1.2173702,-1.2062292,0.3532087,0.41064766,0.36911696,0.105974324,-0.30990708,0.589533115,4.971333039,-1.942824803,-0.225827833,0.162103451,-0.005657494,0.589533115,4.971333039,-1.942824803,-0.225827833,0.162103451,-0.005657494,8.766357,65.919876,-21.62364,-2.3982916,1.7880011,-0.06489146
17.03333422,0.6505795,-2.6274028,1.4140916,-0.9941629,1.5111917,-1.2173702,-1.2062292,0.3532087,0.41064766,0.36911696,0.105974324,-0.30990708,0.589533115,4.971333039,-1.942824803,-0.225827833,0.162103451,-0.005657494,0.589533115,4.971333039,-1.942824803,-0.225827833,0.162103451,-0.005657494,8.766357,65.919876,-21.62364,-2.3982916,1.7880011,-0.06489146
17.05000089,0.63013923,-2.621401,1.4207036,-0.9879148,1.5129333,-1.2222338,-1.2272543,0.35842198,0.39366844,0.3748158,0.10449856,-0.291704,0.094112455,5.542929464,-1.663918165,-0.16873553,0.120744593,-0.00702599,0.094112455,5.542929464,-1.663918165,-0.16873553,0.120744593,-0.00702599,1.3994522,73.499245,-18.51941,-1.7919713,1.3318129,-0.0805881
17.05000089,0.63013923,-2.621401,1.4207036,-0.9879148,1.5129333,-1.2222338,-1.2272543,0.35842198,0.39366844,0.3748158,0.10449856,-0.291704,0.094112455,5.542929464,-1.663918165,-0.16873553,0.120744593,-0.00702599,0.094112455,5.542929464,-1.663918165,-0.16873553,0.120744593,-0.00702599,1.3994522,73.499245,-18.51941,-1.7919713,1.3318129,-0.0805881
17.06666756,0.60936797,-2.6153095,1.4270368,-0.9815724,1.5146494,-1.2267908,-1.2469965,0.3636571,0.37658033,0.3804356,0.103063,-0.27329895,0.112060131,5.461234529,-1.743194121,-0.187273304,0.124218544,-0.006872982,0.112060131,5.461234529,-1.743194121,-0.187273304,0.124218544,-0.006872982,1.6663342,72.41597,-19.40175,-1.9888425,1.3701305,-0.0788331
17.08333422,0.588775,-2.6092677,1.4331491,-0.9752874,1.5163264,-1.2311205,-1.2361909,0.3603398,0.36185482,0.37705955,0.100706145,-0.25969476,0.569758258,4.7468102,-2.15861928,-0.276363682,0.161100742,-0.005150907,0.569758258,4.7468102,-2.15861928,-0.276363682,0.161100742,-0.005150907,8.472305,62.942703,-24.025433,-2.9349823,1.7769412,-0.0590809
17.08333422,0.588775,-2.6092677,1.4331491,-0.9752874,1.5163264,-1.2311205,-1.2361909,0.3603398,0.36185482,0.37705955,0.100706145,-0.25969476,0.569758258,4.7468102,-2.15861928,-0.276363682,0.161100742,-0.005150907,0.569758258,4.7468102,-2.15861928,-0.276363682,0.161100742,-0.005150907,8.472305,62.942703,-24.025433,-2.9349823,1.7769412,-0.0590809
17.10000089,0.5678791,-2.6031392,1.438963,-0.9689059,1.5179808,-1.2351416,-1.2546453,0.36579826,0.34483013,0.38276872,0.09938739,-0.24117023,0.112376697,5.303456808,-1.89624591,-0.22283889,0.12450416,-0.006547022,0.112376697,5.303456808,-1.89624591,-0.22283889,0.12450416,-0.006547022,1.6710415,70.32384,-21.105217,-2.366549,1.3732809,-0.07509434
17.10000089,0.5678791,-2.6031392,1.438963,-0.9689059,1.5179808,-1.2351416,-1.2546453,0.36579826,0.34483013,0.38276872,0.09938739,-0.24117023,0.112376697,5.303456808,-1.89624591,-0.22283889,0.12450416,-0.006547022,0.112376697,5.303456808,-1.89624591,-0.22283889,0.12450416,-0.006547022,1.6710415,70.32384,-21.105217,-2.366549,1.3732809,-0.07509434
17.11666756,0.5466961,-2.5969179,1.444498,-0.96243095,1.5196157,-1.2388519,-1.2717654,0.37127224,0.32773933,0.38839763,0.09810369,-0.22249363,0.128041712,5.221590989,-1.97207133,-0.240905316,0.127347836,-0.006380056,0.128041712,5.221590989,-1.97207133,-0.240905316,0.127347836,-0.006380056,1.9039803,69.2383,-21.949154,-2.5584145,1.4046466,-0.073179245
17.11666756,0.5466961,-2.5969179,1.444498,-0.96243095,1.5196157,-1.2388519,-1.2717654,0.37127224,0.32773933,0.38839763,0.09810369,-0.22249363,0.128041712,5.221590989,-1.97207133,-0.240905316,0.127347836,-0.006380056,0.128041712,5.221590989,-1.97207133,-0.240905316,0.127347836,-0.006380056,1.9039803,69.2383,-21.949154,-2.5584145,1.4046466,-0.073179245
17.13333423,0.5257207,-2.5907447,1.4498249,-0.9560151,1.5212127,-1.2423462,-1.2592425,0.3679489,0.31380263,0.38489914,0.09589487,-0.20959106,0.547660463,4.521700484,-2.364042956,-0.325390242,0.158713573,-0.004633432,0.547660463,4.521700484,-2.364042956,-0.325390242,0.158713573,-0.004633432,8.143711,59.95775,-26.311798,-3.4556444,1.7506107,-0.05314547
17.13333423,0.5257207,-2.5907447,1.4498249,-0.9560151,1.5212127,-1.2423462,-1.2592425,0.3679489,0.31380263,0.38489914,0.09589487,-0.20959106,0.547660463,4.521700484,-2.364042956,-0.325390242,0.158713573,-0.004633432,0.547660463,4.521700484,-2.364042956,-0.325390242,0.158713573,-0.004633432,8.143711,59.95775,-26.311798,-3.4556444,1.7506107,-0.05314547
17.15000089,0.5044868,-2.5844817,1.4548547,-0.94950396,1.5227904,-1.2455286,-1.2750167,0.373643,0.29681233,0.39062348,0.09470722,-0.19083957,0.126343954,5.064073335,-2.117473674,-0.275354915,0.126710029,-0.006034063,0.126343954,5.064073335,-2.117473674,-0.275354915,0.126710029,-0.006034063,1.8787346,67.14961,-23.567482,-2.9242692,1.3976116,-0.06921071
17.15000089,0.5044868,-2.5844817,1.4548547,-0.94950396,1.5227904,-1.2455286,-1.2750167,0.373643,0.29681233,0.39062348,0.09470722,-0.19083957,0.126343954,5.064073335,-2.117473674,-0.275354915,0.126710029,-0.006034063,0.126343954,5.064073335,-2.117473674,-0.275354915,0.126710029,-0.006034063,1.8787346,67.14961,-23.567482,-2.9242692,1.3976116,-0.06921071
17.16666756,0.4830111,-2.5781205,1.4596066,-0.9428975,1.5243492,-1.2483969,-1.2894094,0.37935042,0.27979687,0.39627087,0.09354303,-0.17198302,0.140130865,4.982140197,-2.189595273,-0.292841369,0.12895259,-0.00585144,0.140130865,4.982140197,-2.189595273,-0.292841369,0.12895259,-0.00585144,2.083746,66.06318,-24.370195,-3.1099753,1.4223471,-0.06711602
17.18333423,0.46177077,-2.571811,1.4641628,-0.93635285,1.5258738,-1.2510623,-1.2752376,0.37600634,0.26667318,0.39265287,0.0914645,-0.1598231,0.524275946,4.295640258,-2.558917091,-0.372715903,0.155112642,-0.004106196,0.524275946,4.295640258,-2.558917091,-0.372715903,0.155112642,-0.004106196,7.7959833,56.96019,-28.480747,-3.958243,1.7108924,-0.04709807
17.18333423,0.46177077,-2.571811,1.4641628,-0.93635285,1.5258738,-1.2510623,-1.2752376,0.37600634,0.26667318,0.39265287,0.0914645,-0.1598231,0.524275946,4.295640258,-2.558917091,-0.372715903,0.155112642,-0.004106196,0.524275946,4.295640258,-2.558917091,-0.372715903,0.155112642,-0.004106196,7.7959833,56.96019,-28.480747,-3.958243,1.7108924,-0.04709807
17.2000009,0.4403179,-2.5654068,1.4684247,-0.9297121,1.5273792,-1.253413,-1.2882324,0.38193282,0.24979556,0.39839727,0.090378985,-0.14093578,0.137056532,4.825116211,-2.326945453,-0.325993495,0.127484381,-0.005484942,0.137056532,4.825116211,-2.326945453,-0.325993495,0.127484381,-0.005484942,2.0380306,63.98104,-25.898903,-3.462051,1.4061527,-0.062912285
17.2000009,0.4403179,-2.5654068,1.4684247,-0.9297121,1.5273792,-1.253413,-1.2882324,0.38193282,0.24979556,0.39839727,0.090378985,-0.14093578,0.137056532,4.825116211,-2.326945453,-0.325993495,0.127484381,-0.005484942,0.137056532,4.825116211,-2.326945453,-0.325993495,0.127484381,-0.005484942,2.0380306,63.98104,-25.898903,-3.462051,1.4061527,-0.062912285
17.2000009,0.4403179,-2.5654068,1.4684247,-0.9297121,1.5273792,-1.253413,-1.2882324,0.38193282,0.24979556,0.39839727,0.090378985,-0.14093578,0.137056532,4.825116211,-2.326945453,-0.325993495,0.127484381,-0.005484942,0.137056532,4.825116211,-2.326945453,-0.325993495,0.127484381,-0.005484942,2.0380306,63.98104,-25.898903,-3.462051,1.4061527,-0.062912285
17.21666756,0.4186704,-2.5589013,1.472411,-0.9229759,1.5288662,-1.2554482,-1.2998103,0.38786662,0.23293258,0.4040644,0.089309245,-0.12199117,0.149268886,4.74290258,-2.395297425,-0.342835994,0.12915985,-0.005287052,0.149268886,4.74290258,-2.395297425,-0.342835994,0.12915985,-0.005287052,2.2196283,62.89089,-26.65966,-3.6409183,1.4246331,-0.06064248
17.23333423,0.39728484,-2.552447,1.4762148,-0.9163032,1.5303222,-1.2572935,-1.2840647,0.3844957,0.22064342,0.40033022,0.08734374,-0.11061206,0.500353792,4.069232797,-2.742662798,-0.418080538,0.15046415,-0.003569149,0.500353792,4.069232797,-2.742662798,-0.418080538,0.15046415,-0.003569149,7.440261,53.958027,-30.525837,-4.4400153,1.6596196,-0.04093814
17.23333423,0.39728484,-2.552447,1.4762148,-0.9163032,1.5303222,-1.2572935,-1.2840647,0.3844957,0.22064342,0.40033022,0.08734374,-0.11061206,0.500353792,4.069232797,-2.742662798,-0.418080538,0.15046415,-0.003569149,0.500353792,4.069232797,-2.742662798,-0.418080538,0.15046415,-0.003569149,7.440261,53.958027,-30.525837,-4.4400153,1.6596196,-0.04093814
17.2500009,0.37573427,-2.545894,1.4797276,-0.9095344,1.5317595,-1.2588233,-1.2942005,0.390643,0.20395257,0.40609676,0.086332485,-0.091682166,0.145339838,4.586219788,-2.524507185,-0.374571348,0.12694969,-0.004900011,0.145339838,4.586219788,-2.524507185,-0.374571348,0.12694969,-0.004900011,2.1612034,60.813274,-28.097765,-3.9779477,1.4002551,-0.056203127
17.2500009,0.37573427,-2.545894,1.4797276,-0.9095344,1.5317595,-1.2588233,-1.2942005,0.390643,0.20395257,0.40609676,0.086332485,-0.091682166,0.145339838,4.586219788,-2.524507185,-0.374571348,0.12694969,-0.004900011,0.145339838,4.586219788,-2.524507185,-0.374571348,0.12694969,-0.004900011,2.1612034,60.813274,-28.097765,-3.9779477,1.4002551,-0.056203127
17.26666757,0.35403702,-2.5392363,1.4829689,-0.90266985,1.5331811,-1.2600377,-1.3028921,0.39679006,0.18731661,0.4117845,0.085327245,-0.07274309,0.156238212,4.503688553,-2.588961516,-0.39069666,0.128091311,-0.004687048,0.156238212,4.503688553,-2.588961516,-0.39069666,0.128091311,-0.004687048,2.3232622,59.71891,-28.815142,-4.1491985,1.4128472,-0.05376044
17.28333423,0.3326267,-2.5326319,1.4860411,-0.8958707,1.5345724,-1.2610757,-1.2856563,0.39337742,0.17587776,0.4079359,0.08345132,-0.06217853,0.476492117,3.84214151,-2.915338343,-0.461360245,0.144918118,-0.003022441,0.476492117,3.84214151,-2.915338343,-0.461360245,0.144918118,-0.003022441,7.085438,50.946796,-32.447716,-4.899646,1.5984468,-0.034667395
17.28333423,0.3326267,-2.5326319,1.4860411,-0.8958707,1.5345724,-1.2610757,-1.2856563,0.39337742,0.17587776,0.4079359,0.08345132,-0.06217853,0.476492117,3.84214151,-2.915338343,-0.461360245,0.144918118,-0.003022441,0.476492117,3.84214151,-2.915338343,-0.461360245,0.144918118,-0.003022441,7.085438,50.946796,-32.447716,-4.899646,1.5984468,-0.034667395
17.28333423,0.3326267,-2.5326319,1.4860411,-0.8958707,1.5345724,-1.2610757,-1.2856563,0.39337742,0.17587776,0.4079359,0.08345132,-0.06217853,0.476492117,3.84214151,-2.915338343,-0.461360245,0.144918118,-0.003022441,0.476492117,3.84214151,-2.915338343,-0.461360245,0.144918118,-0.003022441,7.085438,50.946796,-32.447716,-4.899646,1.5984468,-0.034667395
17.3000009,0.31109995,-2.5259242,1.4888276,-0.88897455,1.5359461,-1.2617992,-1.2928693,0.39973474,0.1594457,0.41372594,0.08248296,-0.04329979,0.151784803,4.347569047,-2.709835323,-0.420885167,0.125216346,-0.004279406,0.151784803,4.347569047,-2.709835323,-0.420885167,0.125216346,-0.004279406,2.25704,57.648766,-30.160467,-4.4698005,1.3811363,-0.049084783
17.3000009,0.31109995,-2.5259242,1.4888276,-0.88897455,1.5359461,-1.2617992,-1.2928693,0.39973474,0.1594457,0.41372594,0.08248296,-0.04329979,0.151784803,4.347569047,-2.709835323,-0.420885167,0.125216346,-0.004279406,0.151784803,4.347569047,-2.709835323,-0.420885167,0.125216346,-0.004279406,2.25704,57.648766,-30.160467,-4.4698005,1.3811363,-0.049084783
17.31666757,0.28947565,-2.5191092,1.4913467,-0.88198256,1.5373034,-1.2622088,-1.2986175,0.40608355,0.14310572,0.4194342,0.08150731,-0.024459383,0.161595335,4.264648863,-2.770364252,-0.436242377,0.125858099,-0.004051474,0.161595335,4.264648863,-2.770364252,-0.436242377,0.125858099,-0.004051474,2.4029226,56.549244,-30.834154,-4.632894,1.3882148,-0.046470404
17.33333424,0.26816168,-2.5123458,1.4937102,-0.8750578,1.5386306,-1.2624563,-1.2799872,0.4026167,0.13252962,0.4154718,0.079704545,-0.014739138,0.453007293,3.614694932,-3.076764815,-0.502398324,0.138616962,-0.002466536,0.453007293,3.614694932,-3.076764815,-0.502398324,0.138616962,-0.002466536,6.7362185,47.930855,-34.244392,-5.33547,1.5289451,-0.028291166
17.33333424,0.26816168,-2.5123458,1.4937102,-0.8750578,1.5386306,-1.2624563,-1.2799872,0.4026167,0.13252962,0.4154718,0.079704545,-0.014739138,0.453007293,3.614694932,-3.076764815,-0.502398324,0.138616962,-0.002466536,0.453007293,3.614694932,-3.076764815,-0.502398324,0.138616962,-0.002466536,6.7362185,47.930855,-34.244392,-5.33547,1.5289451,-0.028291166
17.3500009,0.24678062,-2.5054777,1.4957945,-0.86803573,1.5399421,-1.2623916,-1.2842293,0.4091637,0.116425924,0.42128256,0.07874905,0.003997381,0.156909985,4.108806973,-2.883017609,-0.464825442,0.122397603,-0.00362353,0.156909985,4.108806973,-2.883017609,-0.464825442,0.122397603,-0.00362353,2.3332515,54.48278,-32.087986,-4.936446,1.3500456,-0.041561887
17.3500009,0.24678062,-2.5054777,1.4957945,-0.86803573,1.5399421,-1.2623916,-1.2842293,0.4091637,0.116425924,0.42128256,0.07874905,0.003997381,0.156909985,4.108806973,-2.883017609,-0.464825442,0.122397603,-0.00362353,0.156909985,4.108806973,-2.883017609,-0.464825442,0.122397603,-0.00362353,2.3332515,54.48278,-32.087986,-4.936446,1.3500456,-0.041561887
17.36666757,0.22535181,-2.4984996,1.4976175,-0.86091745,1.5412381,-1.2620159,-1.2869959,0.4156974,0.100448646,0.42700958,0.077769995,0.022647962,0.165742888,4.025704109,-2.93949398,-0.479347603,0.122569435,-0.003381476,0.165742888,4.025704109,-2.93949398,-0.479347603,0.122569435,-0.003381476,2.4645967,53.380836,-32.716568,-5.0906715,1.3519409,-0.038785532
17.36666757,0.22535181,-2.4984996,1.4976175,-0.86091745,1.5412381,-1.2620159,-1.2869959,0.4156974,0.100448646,0.42700958,0.077769995,0.022647962,0.165742888,4.025704109,-2.93949398,-0.479347603,0.122569435,-0.003381476,0.165742888,4.025704109,-2.93949398,-0.479347603,0.122569435,-0.003381476,2.4645967,53.380836,-32.716568,-5.0906715,1.3519409,-0.038785532
17.38333424,0.20425487,-2.491577,1.4992979,-0.8538685,1.5425042,-1.2614928,-1.2670716,0.4121632,0.09074203,0.42293334,0.07601898,0.03149691,0.430142743,3.386977643,-3.227026186,-0.541108342,0.131686114,-0.001902233,0.430142743,3.386977643,-3.227026186,-0.541108342,0.131686114,-0.001902233,6.3962226,44.911324,-35.9168,-5.7465706,1.4524978,-0.021818608
17.38333424,0.20425487,-2.491577,1.4992979,-0.8538685,1.5425042,-1.2614928,-1.2670716,0.4121632,0.09074203,0.42293334,0.07601898,0.03149691,0.430142743,3.386977643,-3.227026186,-0.541108342,0.131686114,-0.001902233,0.430142743,3.386977643,-3.227026186,-0.541108342,0.131686114,-0.001902233,6.3962226,44.911324,-35.9168,-5.7465706,1.4524978,-0.021818608
17.40000091,0.1831408,-2.4845448,1.5007061,-0.84672177,1.5437546,-1.2606614,-1.2683151,0.41889104,0.0750309,0.42876253,0.07503758,0.05000045,0.160907272,3.870681544,-3.043737352,-0.506218723,0.118584138,-0.002934558,0.160907272,3.870681544,-3.043737352,-0.506218723,0.118584138,-0.002934558,2.3926911,51.325237,-33.876797,-5.376043,1.307983,-0.03365938
17.40000091,0.1831408,-2.4845448,1.5007061,-0.84672177,1.5437546,-1.2606614,-1.2683151,0.41889104,0.0750309,0.42876253,0.07503758,0.05000045,0.160907272,3.870681544,-3.043737352,-0.506218723,0.118584138,-0.002934558,0.160907272,3.870681544,-3.043737352,-0.506218723,0.118584138,-0.002934558,2.3926911,51.325237,-33.876797,-5.376043,1.307983,-0.03365938
17.41666758,0.16202904,-2.4773986,1.5018594,-0.83947843,1.544988,-1.2595236,-1.2680776,0.425593,0.059479572,0.43450335,0.0740188,0.06837207,0.168951839,3.787079836,-3.096313339,-0.519898337,0.11832097,-0.002678467,0.168951839,3.787079836,-3.096313339,-0.519898337,0.11832097,-0.002678467,2.5123138,50.21668,-34.461967,-5.5213203,1.3050803,-0.030722015
17.43333424,0.14126885,-2.4703093,1.5028844,-0.83230644,1.546193,-1.2582537,-1.2469709,0.42197502,0.05064884,0.4303115,0.07230425,0.07633006,0.40798944,3.159144993,-3.366226991,-0.577416393,0.124242072,-0.001330041,0.40798944,3.159144993,-3.366226991,-0.577416393,0.124242072,-0.001330041,6.066803,41.890263,-37.466106,-6.132162,1.37039,-0.01525557
17.43333424,0.14126885,-2.4703093,1.5028844,-0.83230644,1.546193,-1.2582537,-1.2469709,0.42197502,0.05064884,0.4303115,0.07230425,0.07633006,0.40798944,3.159144993,-3.366226991,-0.577416393,0.124242072,-0.001330041,0.40798944,3.159144993,-3.366226991,-0.577416393,0.124242072,-0.001330041,6.066803,41.890263,-37.466106,-6.132162,1.37039,-0.01525557
17.45000091,0.120541856,-2.4631073,1.5036457,-0.8250366,1.5473799,-1.2566804,-1.2451994,0.42885858,0.035390515,0.43615282,0.07126049,0.094511785,0.164139471,3.63248592,-3.192526654,-0.545067123,0.113873771,-0.002213355,0.164139471,3.63248592,-3.192526654,-0.545067123,0.113873771,-0.002213355,2.440754,48.166763,-35.53282,-5.788613,1.2560277,-0.025387183
17.45000091,0.120541856,-2.4631073,1.5036457,-0.8250366,1.5473799,-1.2566804,-1.2451994,0.42885858,0.035390515,0.43615282,0.07126049,0.094511785,0.164139471,3.63248592,-3.192526654,-0.545067123,0.113873771,-0.002213355,0.164139471,3.63248592,-3.192526654,-0.545067123,0.113873771,-0.002213355,2.440754,48.166763,-35.53282,-5.788613,1.2560277,-0.025387183
17.45000091,0.120541856,-2.4631073,1.5036457,-0.8250366,1.5473799,-1.2566804,-1.2451994,0.42885858,0.035390515,0.43615282,0.07126049,0.094511785,0.164139471,3.63248592,-3.192526654,-0.545067123,0.113873771,-0.002213355,0.164139471,3.63248592,-3.192526654,-0.545067123,0.113873771,-0.002213355,2.440754,48.166763,-35.53282,-5.788613,1.2560277,-0.025387183
17.46666758,0.099867314,-2.4557898,1.5041596,-0.81766987,1.5485501,-1.2548069,-1.2419538,0.43570438,0.020323278,0.44190133,0.07016829,0.112518236,0.171430334,3.548505619,-3.241196775,-0.557873703,0.11320487,-0.001944842,0.171430334,3.548505619,-3.241196775,-0.557873703,0.11320487,-0.001944842,2.549169,47.053185,-36.07452,-5.9246187,1.2486497,-0.022307336
17.48333425,0.07956196,-2.4485307,1.5045582,-0.8103767,1.5496906,-1.2528164,-1.2197813,0.43198994,0.012365775,0.4375923,0.068472214,0.11956606,0.386575315,2.9314021,-3.494665758,-0.611306674,0.116383781,-0.000751538,0.386575315,2.9314021,-3.494665758,-0.611306674,0.116383781,-0.000751538,5.748375,38.87039,-38.89563,-6.492077,1.2837131,-0.008620143
17.48333425,0.07956196,-2.4485307,1.5045582,-0.8103767,1.5496906,-1.2528164,-1.2197813,0.43198994,0.012365775,0.4375923,0.068472214,0.11956606,0.386575315,2.9314021,-3.494665758,-0.611306674,0.116383781,-0.000751538,0.386575315,2.9314021,-3.494665758,-0.611306674,0.116383781,-0.000751538,5.748375,38.87039,-38.89563,-6.492077,1.2837131,-0.008620143
17.50000091,0.059339955,-2.4411576,1.5047023,-0.80298495,1.5508121,-1.2505293,-1.2150027,0.43900657,-0.002382428,0.44343758,0.067332864,0.1373415,0.16664455,3.394558994,-3.329486281,-0.581309665,0.108348913,-0.001463684,0.16664455,3.394558994,-3.329486281,-0.581309665,0.108348913,-0.001463684,2.4780045,45.011852,-37.057182,-6.1735086,1.1950885,-0.016788453
17.50000091,0.059339955,-2.4411576,1.5047023,-0.80298495,1.5508121,-1.2505293,-1.2150027,0.43900657,-0.002382428,0.44343758,0.067332864,0.1373415,0.16664455,3.394558994,-3.329486281,-0.581309665,0.108348913,-0.001463684,0.16664455,3.394558994,-3.329486281,-0.581309665,0.108348913,-0.001463684,2.4780045,45.011852,-37.057182,-6.1735086,1.1950885,-0.016788453
17.51666758,0.03922044,-2.4336674,1.5046078,-0.79549724,1.5519142,-1.2479494,-1.2087615,0.44597623,-0.016910708,0.44918296,0.06613006,0.15489896,0.17324169,3.310410397,-3.374249509,-0.593217708,0.107300065,-0.001184101,0.17324169,3.310410397,-3.374249509,-0.593217708,0.107300065,-0.001184101,2.576104,43.89604,-37.555397,-6.299972,1.1835197,-0.013581634
17.53333425,0.019485613,-2.4262376,1.5044116,-0.78808457,1.5529894,-1.245268,-1.185645,0.44215283,-0.02399874,0.44475433,0.064440966,0.16102546,0.365887221,2.704023128,-3.612593371,-0.642768587,0.108206694,-0.000168125,0.365887221,2.704023128,-3.612593371,-0.642768587,0.108206694,-0.000168125,5.440743,35.855347,-40.208164,-6.8262024,1.1935198,-0.001928389
17.53333425,0.019485613,-2.4262376,1.5044116,-0.78808457,1.5529894,-1.245268,-1.185645,0.44215283,-0.02399874,0.44475433,0.064440966,0.16102546,0.365887221,2.704023128,-3.612593371,-0.642768587,0.108206694,-0.000168125,0.365887221,2.704023128,-3.612593371,-0.642768587,0.108206694,-0.000168125,5.440743,35.855347,-40.208164,-6.8262024,1.1935198,-0.001928389
17.53333425,0.019485613,-2.4262376,1.5044116,-0.78808457,1.5529894,-1.245268,-1.185645,0.44215283,-0.02399874,0.44475433,0.064440966,0.16102546,0.365887221,2.704023128,-3.612593371,-0.642768587,0.108206694,-0.000168125,0.365887221,2.704023128,-3.612593371,-0.642768587,0.108206694,-0.000168125,5.440743,35.855347,-40.208164,-6.8262024,1.1935198,-0.001928389
17.55000092,-0.000115919,-2.4186904,1.5039701,-0.78057444,1.554042,-1.242298,-1.1778797,0.44928148,-0.038185816,0.4505934,0.06316446,0.17831196,0.168541701,3.15711768,-3.454934298,-0.614938538,0.102083108,-0.000688784,0.168541701,3.15711768,-3.454934298,-0.614938538,0.102083108,-0.000688784,2.506215,41.86338,-38.45342,-6.5306473,1.1259767,-0.007900357
17.55000092,-0.000115919,-2.4186904,1.5039701,-0.78057444,1.554042,-1.242298,-1.1778797,0.44928148,-0.038185816,0.4505934,0.06316446,0.17831196,0.168541701,3.15711768,-3.454934298,-0.614938538,0.102083108,-0.000688784,0.168541701,3.15711768,-3.454934298,-0.614938538,0.102083108,-0.000688784,2.506215,41.86338,-38.45342,-6.5306473,1.1259767,-0.007900357
17.56666758,-0.019565485,-2.4110246,1.5033005,-0.7729673,1.5550721,-1.2390441,-1.1686723,0.45634794,-0.05212521,0.4563278,0.061813667,0.19533995,0.174526729,3.072622711,-3.49599319,-0.62596322,0.100681637,-0.000399533,0.174526729,3.072622711,-3.49599319,-0.62596322,0.100681637,-0.000399533,2.5952125,40.742977,-38.910404,-6.6477294,1.1105185,-0.004582644
17.58333425,-0.03861711,-2.403422,1.502542,-0.7654379,1.5560749,-1.2357041,-1.1447426,0.45239827,-0.058352944,0.45177472,0.060116496,0.20053746,0.345906846,2.476884373,-3.720619908,-0.671870695,0.099787275,0.000417763,0.345906846,2.476884373,-3.720619908,-0.671870695,0.099787275,0.000417763,5.143635,32.843487,-41.4105,-7.135267,1.1006536,0.004791737
17.58333425,-0.03861711,-2.403422,1.502542,-0.7654379,1.5560749,-1.2357041,-1.1447426,0.45239827,-0.058352944,0.45177472,0.060116496,0.20053746,0.345906846,2.476884373,-3.720619908,-0.671870695,0.099787275,0.000417763,0.345906846,2.476884373,-3.720619908,-0.671870695,0.099787275,0.000417763,5.143635,32.843487,-41.4105,-7.135267,1.1006536,0.004791737
17.60000092,-0.057486095,-2.395701,1.5015496,-0.7578112,1.5570523,-1.232085,-1.1340277,0.45961097,-0.0719323,0.4575938,0.058671437,0.21725784,0.169943929,2.91993039,-3.569483521,-0.646014941,0.095150888,0.000107496,0.169943929,2.91993039,-3.569483521,-0.646014941,0.095150888,0.000107496,2.5270662,38.718277,-39.72835,-6.8606787,1.0495143,0.001232982
17.60000092,-0.057486095,-2.395701,1.5015496,-0.7578112,1.5570523,-1.232085,-1.1340277,0.45961097,-0.0719323,0.4575938,0.058671437,0.21725784,0.169943929,2.91993039,-3.569483521,-0.646014941,0.095150888,0.000107496,0.169943929,2.91993039,-3.569483521,-0.646014941,0.095150888,0.000107496,2.5270662,38.718277,-39.72835,-6.8606787,1.0495143,0.001232982
17.61666759,-0.076154426,-2.3878584,1.5003388,-0.750088,1.5580055,-1.2281917,-1.1219028,0.46674758,-0.08524102,0.463302,0.057138685,0.2336816,0.175321864,2.835230302,-3.606978602,-0.656166768,0.093419889,0.000403872,0.175321864,2.835230302,-3.606978602,-0.656166768,0.093419889,0.000403872,2.607036,37.595154,-40.14567,-6.968491,1.0304214,0.004632413
17.61666759,-0.076154426,-2.3878584,1.5003388,-0.750088,1.5580055,-1.2281917,-1.1219028,0.46674758,-0.08524102,0.463302,0.057138685,0.2336816,0.175321864,2.835230302,-3.606978602,-0.656166768,0.093419889,0.000403872,0.175321864,2.835230302,-3.606978602,-0.656166768,0.093419889,0.000403872,2.607036,37.595154,-40.14567,-6.968491,1.0304214,0.004632413
17.63333425,-0.094413795,-2.380082,1.4990525,-0.74244463,1.5589287,-1.2242283,-1.0972914,0.46265736,-0.09062022,0.45862052,0.055419475,0.2379474,0.326616201,2.25025108,-3.819191617,-0.698664947,0.091197765,0.001004003,0.326616201,2.25025108,-3.819191617,-0.698664947,0.091197765,0.001004003,4.856783,29.83833,-42.507603,-7.4198217,1.0059114,0.011515915
17.63333425,-0.094413795,-2.380082,1.4990525,-0.74244463,1.5589287,-1.2242283,-1.0972914,0.46265736,-0.09062022,0.45862052,0.055419475,0.2379474,0.326616201,2.25025108,-3.819191617,-0.698664947,0.091197765,0.001004003,0.326616201,2.25025108,-3.819191617,-0.698664947,0.091197765,0.001004003,4.856783,29.83833,-42.507603,-7.4198217,1.0059114,0.011515915
17.65000092,-0.112442076,-2.3721857,1.4975435,-0.7347039,1.5598252,-1.2199963,-1.0836831,0.46992353,-0.103551626,0.4644046,0.053771883,0.25402826,0.17092175,2.682972386,-3.673754998,-0.674612194,0.087616277,0.00091999,0.17092175,2.682972386,-3.673754998,-0.674612194,0.087616277,0.00091999,2.5416064,35.576214,-40.888893,-7.1643815,0.96640754,0.010552287
17.65000092,-0.112442076,-2.3721857,1.4975435,-0.7347039,1.5598252,-1.2199963,-1.0836831,0.46992353,-0.103551626,0.4644046,0.053771883,0.25402826,0.17092175,2.682972386,-3.673754998,-0.674612194,0.087616277,0.00091999,0.17092175,2.682972386,-3.673754998,-0.674612194,0.087616277,0.00091999,2.5416064,35.576214,-40.888893,-7.1643815,0.96640754,0.010552287
17.66666759,-0.13022208,-2.3641696,1.4958265,-0.72686774,1.560692,-1.2155017,-1.0687023,0.4771002,-0.11619056,0.4700687,0.05201988,0.26977807,0.175768333,2.598167868,-3.70783296,-0.683908229,0.085575831,0.001221713,0.175768333,2.598167868,-3.70783296,-0.683908229,0.085575831,0.001221713,2.613675,34.451706,-41.26818,-7.2631054,0.9439014,0.014013052
17.68333426,-0.14758447,-2.3562217,1.4940474,-0.7191138,1.5615307,-1.2109522,-1.0435482,0.47285843,-0.12073628,0.46525288,0.050272845,0.27311411,0.307962954,2.024396692,-3.908830147,-0.723229065,0.082508359,0.001586861,0.307962954,2.024396692,-3.908830147,-0.723229065,0.082508359,0.001586861,4.579409,26.8435,-43.50528,-7.6806927,0.9100672,0.018201292
17.68333426,-0.14758447,-2.3562217,1.4940474,-0.7191138,1.5615307,-1.2109522,-1.0435482,0.47285843,-0.12073628,0.46525288,0.050272845,0.27311411,0.307962954,2.024396692,-3.908830147,-0.723229065,0.082508359,0.001586861,0.307962954,2.024396692,-3.908830147,-0.723229065,0.082508359,0.001586861,4.579409,26.8435,-43.50528,-7.6806927,0.9100672,0.018201292
17.70000092,-0.16466849,-2.348153,1.4920567,-0.711264,1.562337,-1.2061458,-1.0271176,0.48015252,-0.13298373,0.47098437,0.048383318,0.28848863,0.171569008,2.44660097,-3.768213483,-0.700789297,0.079534557,0.001743324,0.171569008,2.44660097,-3.768213483,-0.700789297,0.079534557,0.001743324,2.5512311,32.44193,-41.940216,-7.4423823,0.87726617,0.019995928
17.70000092,-0.16466849,-2.348153,1.4920567,-0.711264,1.562337,-1.2061458,-1.0271176,0.48015252,-0.13298373,0.47098437,0.048383318,0.28848863,0.171569008,2.44660097,-3.768213483,-0.700789297,0.079534557,0.001743324,0.171569008,2.44660097,-3.768213483,-0.700789297,0.079534557,0.001743324,2.5512311,32.44193,-41.940216,-7.4423823,0.87726617,0.019995928
17.70000092,-0.16466849,-2.348153,1.4920567,-0.711264,1.562337,-1.2061458,-1.0271176,0.48015252,-0.13298373,0.47098437,0.048383318,0.28848863,0.171569008,2.44660097,-3.768213483,-0.700789297,0.079534557,0.001743324,0.171569008,2.44660097,-3.768213483,-0.700789297,0.079534557,0.001743324,2.5512311,32.44193,-41.940216,-7.4423823,0.87726617,0.019995928
17.71666759,-0.18145786,-2.3399632,1.4898698,-0.7033193,1.5631112,-1.2010884,-1.0093602,0.48734146,-0.14491837,0.4765869,0.04638033,0.30349934,0.175942345,2.361718202,-3.799078257,-0.709256883,0.077212981,0.002047698,0.175942345,2.361718202,-3.799078257,-0.709256883,0.077212981,0.002047698,2.6162627,31.316383,-42.28374,-7.532308,0.8516592,0.023487091
17.73333426,-0.1978234,-2.3318453,1.4876338,-0.6954591,1.5638548,-1.1959924,-0.9838046,0.482931,-0.14865115,0.47163177,0.044592235,0.30591193,0.290052892,1.799019573,-3.990406403,-0.745707762,0.073774479,0.002163472,0.290052892,1.799019573,-3.990406403,-0.745707762,0.073774479,0.002163472,4.3130865,23.855,-44.413223,-7.9194164,0.8137325,0.024815023
17.73333426,-0.1978234,-2.3318453,1.4876338,-0.6954591,1.5638548,-1.1959924,-0.9838046,0.482931,-0.14865115,0.47163177,0.044592235,0.30591193,0.290052892,1.799019573,-3.990406403,-0.745707762,0.073774479,0.002163472,0.290052892,1.799019573,-3.990406403,-0.745707762,0.073774479,0.002163472,4.3130865,23.855,-44.413223,-7.9194164,0.8137325,0.024815023
17.75000093,-0.21386476,-2.3236067,1.4851984,-0.6875036,1.5645618,-1.190652,-0.9646391,0.4902192,-0.16018356,0.47728983,0.04243092,0.32051915,0.172071483,2.210478114,-3.853745987,-0.724681847,0.070971645,0.002571808,0.172071483,2.210478114,-3.853745987,-0.724681847,0.070971645,0.002571808,2.558703,29.31094,-42.892193,-7.696121,0.78281724,0.029498637
17.75000093,-0.21386476,-2.3236067,1.4851984,-0.6875036,1.5645618,-1.190652,-0.9646391,0.4902192,-0.16018356,0.47728983,0.04243092,0.32051915,0.172071483,2.210478114,-3.853745987,-0.724681847,0.070971645,0.002571808,0.172071483,2.210478114,-3.853745987,-0.724681847,0.070971645,0.002571808,2.558703,29.31094,-42.892193,-7.696121,0.78281724,0.029498637
17.76666759,-0.22956663,-2.3152466,1.482579,-0.6794555,1.5652311,-1.1850749,-0.94419974,0.49738693,-0.17138757,0.48280704,0.04014408,0.33473098,0.176072634,2.125531911,-3.881688559,-0.732371138,0.068388878,0.002876161,0.176072634,2.125531911,-3.881688559,-0.732371138,0.068388878,0.002876161,2.6182,28.184553,-43.203194,-7.7777815,0.7543293,0.03298956
17.78333426,-0.24484085,-2.3069603,1.4799223,-0.6714938,1.5658695,-1.1794733,-0.9183843,0.49279603,-0.17433095,0.4777068,0.038313497,0.33623648,0.27293059,1.574370872,-4.064531146,-0.76620682,0.065060248,0.002730688,0.27293059,1.574370872,-4.064531146,-0.76620682,0.065060248,0.002730688,4.058478,20.876158,-45.23823,-8.137116,0.71761453,0.03132099
17.78333426,-0.24484085,-2.3069603,1.4799223,-0.6714938,1.5658695,-1.1794733,-0.9183843,0.49279603,-0.17433095,0.4777068,0.038313497,0.33623648,0.27293059,1.574370872,-4.064531146,-0.76620682,0.065060248,0.002730688,0.27293059,1.574370872,-4.064531146,-0.76620682,0.065060248,0.002730688,4.058478,20.876158,-45.23823,-8.137116,0.71761453,0.03132099
17.78333426,-0.24484085,-2.3069603,1.4799223,-0.6714938,1.5658695,-1.1794733,-0.9183843,0.49279603,-0.17433095,0.4777068,0.038313497,0.33623648,0.27293059,1.574370872,-4.064531146,-0.76620682,0.065060248,0.002730688,0.27293059,1.574370872,-4.064531146,-0.76620682,0.065060248,0.002730688,4.058478,20.876158,-45.23823,-8.137116,0.71761453,0.03132099
17.80000093,-0.25974673,-2.298557,1.4770794,-0.6634386,1.5664682,-1.1736413,-0.89658606,0.5000433,-0.18512325,0.4832678,0.03584921,0.35001945,0.17266126,1.974496511,-3.93117783,-0.746425038,0.061984259,0.003399164,0.17266126,1.974496511,-3.93117783,-0.746425038,0.061984259,0.003399164,2.567473,26.181824,-43.75401,-7.927034,0.6836864,0.03898841
17.80000093,-0.25974673,-2.298557,1.4770794,-0.6634386,1.5664682,-1.1736413,-0.89658606,0.5000433,-0.18512325,0.4832678,0.03584921,0.35001945,0.17266126,1.974496511,-3.93117783,-0.746425038,0.061984259,0.003399164,0.17266126,1.974496511,-3.93117783,-0.746425038,0.061984259,0.003399164,2.567473,26.181824,-43.75401,-7.927034,0.6836864,0.03898841
17.8166676,-0.27427033,-2.2900329,1.4740642,-0.65529287,1.5670222,-1.1675864,-0.87357396,0.507161,-0.19557476,0.4886775,0.033244677,0.3633824,0.176348907,1.88983339,-3.956305135,-0.75335341,0.059161041,0.003700794,0.176348907,1.88983339,-3.956305135,-0.75335341,0.059161041,0.003700794,2.6223083,25.05919,-44.033676,-8.000613,0.6525463,0.042448103
17.83333426,-0.2883647,-2.2815862,1.4710239,-0.6472359,1.5675449,-1.1615224,-0.84764475,0.5023802,-0.19775377,0.4834249,0.031366028,0.36399475,0.256700779,1.350524235,-4.131904938,-0.784851872,0.056419341,0.003283608,0.256700779,1.350524235,-4.131904938,-0.784851872,0.056419341,0.003283608,3.8171406,17.907951,-45.988102,-8.335127,0.62230533,0.037662983
17.83333426,-0.2883647,-2.2815862,1.4710239,-0.6472359,1.5675449,-1.1615224,-0.84764475,0.5023802,-0.19775377,0.4834249,0.031366028,0.36399475,0.256700779,1.350524235,-4.131904938,-0.784851872,0.056419341,0.003283608,0.256700779,1.350524235,-4.131904938,-0.784851872,0.056419341,0.003283608,3.8171406,17.907951,-45.988102,-8.335127,0.62230533,0.037662983
17.85000093,-0.30204868,-2.2730217,1.4678104,-0.6390872,1.5680218,-1.1552423,-0.8233298,0.5095586,-0.20778765,0.48886356,0.028567983,0.37690672,0.173558432,1.738966141,-4.001155075,-0.766124025,0.052630858,0.004218886,0.173558432,1.738966141,-4.001155075,-0.766124025,0.052630858,0.004218886,2.580814,23.058691,-44.532856,-8.136237,0.58051836,0.048390627
17.85000093,-0.30204868,-2.2730217,1.4678104,-0.6390872,1.5680218,-1.1552423,-0.8233298,0.5095586,-0.20778765,0.48886356,0.028567983,0.37690672,0.173558432,1.738966141,-4.001155075,-0.766124025,0.052630858,0.004218886,0.173558432,1.738966141,-4.001155075,-0.766124025,0.052630858,0.004218886,2.580814,23.058691,-44.532856,-8.136237,0.58051836,0.048390627
17.8666676,-0.3153094,-2.2643368,1.4644371,-0.6308504,1.5684489,-1.1487535,-0.79786783,0.51658916,-0.2174691,0.494139,0.025621507,0.3893746,0.177118549,1.654188809,-4.023929812,-0.772369065,0.049596944,0.004515101,0.177118549,1.654188809,-4.023929812,-0.772369065,0.049596944,0.004515101,2.6337528,21.934544,-44.78634,-8.202559,0.5470543,0.05178821
17.8666676,-0.3153094,-2.2643368,1.4644371,-0.6308504,1.5684489,-1.1487535,-0.79786783,0.51658916,-0.2174691,0.494139,0.025621507,0.3893746,0.177118549,1.654188809,-4.023929812,-0.772369065,0.049596944,0.004515101,0.177118549,1.654188809,-4.023929812,-0.772369065,0.049596944,0.004515101,2.6337528,21.934544,-44.78634,-8.202559,0.5470543,0.05178821
17.88333427,-0.32814193,-2.255733,1.4610504,-0.62270546,1.5688455,-1.1422706,-0.77196985,0.51160264,-0.21891445,0.4887281,0.02369195,0.38911474,0.24159729,1.126967728,-4.193563881,-0.801821078,0.047909878,0.003819338,0.24159729,1.126967728,-4.193563881,-0.801821078,0.047909878,0.003819338,3.5925517,14.943592,-46.674366,-8.51534,0.52844596,0.043807805
17.88333427,-0.32814193,-2.255733,1.4610504,-0.62270546,1.5688455,-1.1422706,-0.77196985,0.51160264,-0.21891445,0.4887281,0.02369195,0.38911474,0.24159729,1.126967728,-4.193563881,-0.801821078,0.047909878,0.003819338,0.24159729,1.126967728,-4.193563881,-0.801821078,0.047909878,0.003819338,3.5925517,14.943592,-46.674366,-8.51534,0.52844596,0.043807805
17.90000093,-0.34052414,-2.247013,1.4575031,-0.6144711,1.5691887,-1.1355872,-0.74526906,0.5186747,-0.22817513,0.49401852,0.02052957,0.4011137,0.175145976,1.503261434,-4.064755641,-0.783953873,0.042973339,0.005024547,0.175145976,1.503261434,-4.064755641,-0.783953873,0.042973339,0.005024547,2.6044207,19.933247,-45.24073,-8.32559,0.47399592,0.057631552
17.90000093,-0.34052414,-2.247013,1.4575031,-0.6144711,1.5691887,-1.1355872,-0.74526906,0.5186747,-0.22817513,0.49401852,0.02052957,0.4011137,0.175145976,1.503261434,-4.064755641,-0.783953873,0.042973339,0.005024547,0.175145976,1.503261434,-4.064755641,-0.783953873,0.042973339,0.005024547,2.6044207,19.933247,-45.24073,-8.32559,0.47399592,0.057631552
17.9166676,-0.35244465,-2.2381773,1.453809,-0.60615075,1.5694754,-1.1287098,-0.7174946,0.52558184,-0.2370751,0.49913162,0.01721358,0.41265047,0.178719818,1.418413476,-4.085463998,-0.789565016,0.039756298,0.005312681,0.178719818,1.418413476,-4.085463998,-0.789565016,0.039756298,0.005312681,2.6575637,18.808163,-45.471214,-8.38518,0.43851197,0.06093645
17.93333427,-0.36394033,-2.2294252,1.4501126,-0.5979254,1.5697309,-1.121853,-0.6917728,0.5203857,-0.23781788,0.49355352,0.01523413,0.41154483,0.227755432,0.904064768,-4.250037509,-0.81720873,0.039589102,0.004333414,0.227755432,0.904064768,-4.250037509,-0.81720873,0.039589102,0.004333414,3.3867233,11.987899,-47.302917,-8.678757,0.4366678,0.049704254
17.93333427,-0.36394033,-2.2294252,1.4501126,-0.5979254,1.5697309,-1.121853,-0.6917728,0.5203857,-0.23781788,0.49355352,0.01523413,0.41154483,0.227755432,0.904064768,-4.250037509,-0.81720873,0.039589102,0.004333414,0.227755432,0.904064768,-4.250037509,-0.81720873,0.039589102,0.004333414,3.3867233,11.987899,-47.302917,-8.678757,0.4366678,0.049704254
17.95000094,-0.37494817,-2.220559,1.4462689,-0.5896144,1.5699255,-1.1148112,-0.6628282,0.5273194,-0.24629718,0.49866417,0.011687245,0.4225977,0.177788366,1.267422378,-4.122773656,-0.800044748,0.033083442,0.00580939,0.177788366,1.267422378,-4.122773656,-0.800044748,0.033083442,0.00580939,2.643713,16.80602,-45.88647,-8.496475,0.36491036,0.0666337
17.95000094,-0.37494817,-2.220559,1.4462689,-0.5896144,1.5699255,-1.1148112,-0.6628282,0.5273194,-0.24629718,0.49866417,0.011687245,0.4225977,0.177788366,1.267422378,-4.122773656,-0.800044748,0.033083442,0.00580939,0.177788366,1.267422378,-4.122773656,-0.800044748,0.033083442,0.00580939,2.643713,16.80602,-45.88647,-8.496475,0.36491036,0.0666337
17.95000094,-0.37494817,-2.220559,1.4462689,-0.5896144,1.5699255,-1.1148112,-0.6628282,0.5273194,-0.24629718,0.49866417,0.011687245,0.4225977,0.177788366,1.267422378,-4.122773656,-0.800044748,0.033083442,0.00580939,0.177788366,1.267422378,-4.122773656,-0.800044748,0.033083442,0.00580939,2.643713,16.80602,-45.88647,-8.496475,0.36491036,0.0666337
17.9666676,-0.3854581,-2.2115781,1.4422915,-0.5812199,1.5700591,-1.1075932,-0.6328889,0.5340724,-0.2544113,0.50358605,0.007981747,0.43317166,0.181540644,1.182464956,-4.141727526,-0.805071384,0.029713375,0.006086606,0.181540644,1.182464956,-4.141727526,-0.805071384,0.029713375,0.006086606,2.6995094,15.679485,-46.097427,-8.549858,0.32773852,0.06981337
17.98333427,-0.39554885,-2.2026854,1.4383224,-0.57292306,1.5701582,-1.100408,-0.6074881,0.52865165,-0.25448608,0.49783605,0.005952813,0.4312556,0.215505463,0.680925116,-4.302478458,-0.831198198,0.031519541,0.004823221,0.215505463,0.680925116,-4.302478458,-0.831198198,0.031519541,0.004823221,3.2045662,9.029067,-47.886585,-8.827325,0.34766054,0.05532235
17.98333427,-0.39554885,-2.2026854,1.4383224,-0.57292306,1.5701582,-1.100408,-0.6074881,0.52865165,-0.25448608,0.49783605,0.005952813,0.4312556,0.215505463,0.680925116,-4.302478458,-0.831198198,0.031519541,0.004823221,0.215505463,0.680925116,-4.302478458,-0.831198198,0.031519541,0.004823221,3.2045662,9.029067,-47.886585,-8.827325,0.34766054,0.05532235
18.00000094,-0.40511724,-2.1936812,1.4342195,-0.56454366,1.5701926,-1.0930533,-0.5764556,0.5354117,-0.26218292,0.50273454,0.002002513,0.44133717,0.181922323,1.030951568,-4.176229115,-0.814553888,0.023035882,0.006567252,0.181922323,1.030951568,-4.176229115,-0.814553888,0.023035882,0.006567252,2.705185,13.670418,-46.48143,-8.650562,0.25408578,0.07532638
18.00000094,-0.40511724,-2.1936812,1.4342195,-0.56454366,1.5701926,-1.0930533,-0.5764556,0.5354117,-0.26218292,0.50273454,0.002002513,0.44133717,0.181922323,1.030951568,-4.176229115,-0.814553888,0.023035882,0.006567252,0.181922323,1.030951568,-4.176229115,-0.814553888,0.023035882,0.006567252,2.705185,13.670418,-46.48143,-8.650562,0.25408578,0.07532638
18.01666761,-0.41415432,-2.1845675,1.4299955,-0.5560854,1.5701582,-1.0855384,-0.5445117,0.5419734,-0.26951072,0.50743026,-0.002116659,0.4509263,0.186063751,0.945725304,-4.193778094,-0.819051153,0.019538132,0.006830968,0.186063751,0.945725304,-4.193778094,-0.819051153,0.019538132,0.006830968,2.766768,12.540318,-46.67675,-8.698323,0.2155056,0.0783512
18.03333427,-0.42278004,-2.1755438,1.4257898,-0.5477275,1.5700896,-1.0780703,-0.51957315,0.5363262,-0.2689545,0.5015008,-0.004189996,0.44823024,0.205032073,0.457755509,-4.351453961,-0.843876769,0.023765123,0.005284152,0.205032073,0.457755509,-4.351453961,-0.843876769,0.023765123,0.005284152,3.048827,6.069838,-48.431683,-8.961971,0.2621293,0.06060922
18.03333427,-0.42278004,-2.1755438,1.4257898,-0.5477275,1.5700896,-1.0780703,-0.51957315,0.5363262,-0.2689545,0.5015008,-0.004189996,0.44823024,0.205032073,0.457755509,-4.351453961,-0.843876769,0.023765123,0.005284152,0.205032073,0.457755509,-4.351453961,-0.843876769,0.023765123,0.005284152,3.048827,6.069838,-48.431683,-8.961971,0.2621293,0.06060922
18.03333427,-0.42278004,-2.1755438,1.4257898,-0.5477275,1.5700896,-1.0780703,-0.51957315,0.5363262,-0.2689545,0.5015008,-0.004189996,0.44823024,0.205032073,0.457755509,-4.351453961,-0.843876769,0.023765123,0.005284152,0.205032073,0.457755509,-4.351453961,-0.843876769,0.023765123,0.005284152,3.048827,6.069838,-48.431683,-8.961971,0.2621293,0.06060922
18.05000094,-0.43085158,-2.166413,1.4214631,-0.5392909,1.5699483,-1.0704495,-0.4866175,0.54287714,-0.27587023,0.5061552,-0.008566843,0.45732194,0.188029301,0.793475587,-4.225996348,-0.827604588,0.012900996,0.007291898,0.188029301,0.793475587,-4.225996348,-0.827604588,0.012900996,0.007291898,2.7959957,10.521486,-47.03534,-8.789161,0.14229798,0.08363807
18.05000094,-0.43085158,-2.166413,1.4214631,-0.5392909,1.5699483,-1.0704495,-0.4866175,0.54287714,-0.27587023,0.5061552,-0.008566843,0.45732194,0.188029301,0.793475587,-4.225996348,-0.827604588,0.012900996,0.007291898,0.188029301,0.793475587,-4.225996348,-0.827604588,0.012900996,0.007291898,2.7959957,10.521486,-47.03534,-8.789161,0.14229798,0.08363807
18.06666761,-0.4383613,-2.1571748,1.4170277,-0.53077966,1.5697308,-1.0626851,-0.4528401,0.5492174,-0.28241646,0.5105895,-0.013116239,0.4659142,0.192706522,0.708084696,-4.242371099,-0.831607596,0.009315033,0.007539369,0.192706522,0.708084696,-4.242371099,-0.831607596,0.009315033,0.007539369,2.865546,9.389203,-47.21759,-8.831673,0.10274482,0.086476564
18.08333428,-0.44546974,-2.148033,1.4126203,-0.52237225,1.569478,-1.0549792,-0.42850277,0.5433319,-0.28126624,0.5044748,-0.015226244,0.46248013,0.196677482,0.233566599,-4.398012461,-0.855389647,0.016393017,0.005714152,0.196677482,0.233566599,-4.398012461,-0.855389647,0.016393017,0.005714152,2.9245942,3.097093,-48.94988,-9.084238,0.18081498,0.06554133
18.08333428,-0.44546974,-2.148033,1.4126203,-0.52237225,1.569478,-1.0549792,-0.42850277,0.5433319,-0.28126624,0.5044748,-0.015226244,0.46248013,0.196677482,0.233566599,-4.398012461,-0.855389647,0.016393017,0.005714152,0.196677482,0.233566599,-4.398012461,-0.855389647,0.016393017,0.005714152,2.9245942,3.097093,-48.94988,-9.084238,0.18081498,0.06554133
18.10000094,-0.45199546,-2.1387866,1.4081048,-0.5138915,1.5691435,-1.0471375,-0.39380017,0.54964423,-0.28740764,0.5088479,-0.02004204,0.4705729,0.196526639,0.554795503,-4.272845492,-0.83929994,0.00277147,0.007976744,0.196526639,0.554795503,-4.272845492,-0.83929994,0.00277147,0.007976744,2.9223511,7.3565884,-47.55677,-8.913365,0.030569315,0.09149325
18.10000094,-0.45199546,-2.1387866,1.4081048,-0.5138915,1.5691435,-1.0471375,-0.39380017,0.54964423,-0.28740764,0.5088479,-0.02004204,0.4705729,0.196526639,0.554795503,-4.272845492,-0.83929994,0.00277147,0.007976744,0.196526639,0.554795503,-4.272845492,-0.83929994,0.00277147,0.007976744,2.9223511,7.3565884,-47.55677,-8.913365,0.030569315,0.09149325
18.11666761,-0.45793185,-2.1294372,1.4034939,-0.50534034,1.5687276,-1.0391686,-0.35836792,0.5557279,-0.2931817,0.5129884,-0.025028953,0.47816157,0.201984244,0.468753797,-4.288522767,-0.842870023,-0.000862371,0.008206193,0.201984244,0.468753797,-4.288522767,-0.842870023,-0.000862371,0.008206193,3.0035057,6.2156754,-47.73126,-8.95128,-0.009511948,0.09412503
18.11666761,-0.45793185,-2.1294372,1.4034939,-0.50534034,1.5687276,-1.0391686,-0.35836792,0.5557279,-0.2931817,0.5129884,-0.025028953,0.47816157,0.201984244,0.468753797,-4.288522767,-0.842870023,-0.000862371,0.008206193,0.201984244,0.468753797,-4.288522767,-0.842870023,-0.000862371,0.008206193,3.0035057,6.2156754,-47.73126,-8.95128,-0.009511948,0.09412503
18.13333428,-0.46347913,-2.1201868,1.3989198,-0.49689597,1.568274,-1.0312703,-0.334768,0.549601,-0.2914788,0.5066826,-0.027167335,0.4740309,0.190639336,0.008123933,-4.442830527,-0.865814601,0.009475917,0.006109367,0.190639336,0.008123933,-4.442830527,-0.865814601,0.009475917,0.006109367,2.834807,0.107723355,-49.448704,-9.194951,0.10451937,0.07007444
18.13333428,-0.46347913,-2.1201868,1.3989198,-0.49689597,1.568274,-1.0312703,-0.334768,0.549601,-0.2914788,0.5066826,-0.027167335,0.4740309,0.190639336,0.008123933,-4.442830527,-0.865814601,0.009475917,0.006109367,0.190639336,0.008123933,-4.442830527,-0.865814601,0.009475917,0.006109367,2.834807,0.107723355,-49.448704,-9.194951,0.10451937,0.07007444
18.15000095,-0.46841827,-2.1108382,1.3942503,-0.48838314,1.5677325,-1.0232524,-0.29850155,0.55563676,-0.29685947,0.51073813,-0.0324296,0.4811237,0.207958177,0.313826312,-4.317930895,-0.849781108,-0.007259122,0.008617642,0.207958177,0.313826312,-4.317930895,-0.849781108,-0.007259122,0.008617642,3.092338,4.161337,-48.05857,-9.024675,-0.08006811,0.09884435
18.15000095,-0.46841827,-2.1108382,1.3942503,-0.48838314,1.5677325,-1.0232524,-0.29850155,0.55563676,-0.29685947,0.51073813,-0.0324296,0.4811237,0.207958177,0.313826312,-4.317930895,-0.849781108,-0.007259122,0.008617642,0.207958177,0.313826312,-4.317930895,-0.849781108,-0.007259122,0.008617642,3.092338,4.161337,-48.05857,-9.024675,-0.08006811,0.09884435
18.16666761,-0.47274372,-2.1013906,1.3894978,-0.4798063,1.567102,-1.0151232,-0.26160237,0.5614328,-0.30187768,0.51454455,-0.037866764,0.4877125,0.214332082,0.227242789,-4.333088233,-0.852939189,-0.010904094,0.00882637,0.214332082,0.227242789,-4.333088233,-0.852939189,-0.010904094,0.00882637,3.187118,3.0132394,-48.227272,-9.058214,-0.12027216,0.10123846
18.18333428,-0.4766942,-2.092045,1.3847902,-0.47133946,1.5664345,-1.0070765,-0.23887068,0.5550615,-0.29966325,0.5080425,-0.040020723,0.48292992,0.187144587,-0.219271679,-4.486665957,-0.875225983,0.003087207,0.006468089,0.187144587,-0.219271679,-4.486665957,-0.875225983,0.003087207,0.006468089,2.78284,-2.9075425,-49.936592,-9.2949,0.034051895,0.07418898
18.18333428,-0.4766942,-2.092045,1.3847902,-0.47133946,1.5664345,-1.0070765,-0.23887068,0.5550615,-0.29966325,0.5080425,-0.040020723,0.48292992,0.187144587,-0.219271679,-4.486665957,-0.875225983,0.003087207,0.006468089,0.187144587,-0.219271679,-4.486665957,-0.875225983,0.003087207,0.006468089,2.78284,-2.9075425,-49.936592,-9.2949,0.034051895,0.07418898
18.20000095,-0.4800147,-2.082608,1.38,-0.4628104,1.5656714,-0.9989279,-0.201232,0.56078804,-0.30430064,0.51174325,-0.045741417,0.48903045,0.222705961,0.070223603,-4.361933582,-0.859108797,-0.017098914,0.0092093,0.222705961,0.070223603,-4.361933582,-0.859108797,-0.017098914,0.0092093,3.3116376,0.931165,-48.54832,-9.123735,-0.18860102,0.105630666
18.20000095,-0.4800147,-2.082608,1.38,-0.4628104,1.5656714,-0.9989279,-0.201232,0.56078804,-0.30430064,0.51174325,-0.045741417,0.48903045,0.222705961,0.070223603,-4.361933582,-0.859108797,-0.017098914,0.0092093,0.222705961,0.070223603,-4.361933582,-0.859108797,-0.017098914,0.0092093,3.3116376,0.931165,-48.54832,-9.123735,-0.18860102,0.105630666
18.20000095,-0.4800147,-2.082608,1.38,-0.4628104,1.5656714,-0.9989279,-0.201232,0.56078804,-0.30430064,0.51174325,-0.045741417,0.48903045,0.222705961,0.070223603,-4.361933582,-0.859108797,-0.017098914,0.0092093,0.222705961,0.070223603,-4.361933582,-0.859108797,-0.017098914,0.0092093,3.3116376,0.931165,-48.54832,-9.123735,-0.18860102,0.105630666
18.21666762,-0.48270044,-2.073077,1.3751384,-0.45422304,1.5648093,-0.99068433,-0.16306035,0.56626433,-0.3085823,0.5151795,-0.051636107,0.49463198,0.230159195,-0.017145982,-4.376868825,-0.861881816,-0.020710361,0.009395364,0.230159195,-0.017145982,-4.376868825,-0.861881816,-0.020710361,0.009395364,3.4224672,-0.22735572,-48.71455,-9.153185,-0.22843528,0.107764825
18.23333428,-0.48502707,-2.063652,1.3703296,-0.44574907,1.5639129,-0.98253214,-0.14132349,0.55964774,-0.3058981,0.5084772,-0.053790063,0.48925126,0.186332842,-0.449224115,-4.53016653,-0.883663935,-0.002698388,0.0067886,0.186332842,-0.449224115,-4.53016653,-0.883663935,-0.002698388,0.0067886,2.7707694,-5.956712,-50.420753,-9.384511,-0.029763222,0.07786524
18.23333428,-0.48502707,-2.063652,1.3703296,-0.44574907,1.5639129,-0.98253214,-0.14132349,0.55964774,-0.3058981,0.5084772,-0.053790063,0.48925126,0.186332842,-0.449224115,-4.53016653,-0.883663935,-0.002698388,0.0067886,0.186332842,-0.449224115,-4.53016653,-0.883663935,-0.002698388,0.0067886,2.7707694,-5.956712,-50.420753,-9.384511,-0.029763222,0.07786524
18.25000095,-0.4867055,-2.054141,1.3654497,-0.43721935,1.5629132,-0.9742936,-0.10251014,0.5650373,-0.30981398,0.51178294,-0.059972983,0.4943748,0.241101854,-0.17649401,-4.405517098,-0.867327638,-0.026642574,0.009747189,0.241101854,-0.17649401,-4.405517098,-0.867327638,-0.026642574,0.009747189,3.5851846,-2.3403106,-49.033405,-9.2110195,-0.2938676,0.11180025
18.25000095,-0.4867055,-2.054141,1.3654497,-0.43721935,1.5629132,-0.9742936,-0.10251014,0.5650373,-0.30981398,0.51178294,-0.059972983,0.4943748,0.241101854,-0.17649401,-4.405517098,-0.867327638,-0.026642574,0.009747189,0.241101854,-0.17649401,-4.405517098,-0.867327638,-0.026642574,0.009747189,3.5851846,-2.3403106,-49.033405,-9.2110195,-0.2938676,0.11180025
18.26666762,-0.4877314,-2.0445414,1.3605106,-0.42863837,1.5618067,-0.96597755,-0.063266106,0.57016265,-0.3133824,0.5148088,-0.066326804,0.4990058,0.249793053,-0.265094058,-4.420596634,-0.869746127,-0.030175362,0.009909095,0.249793053,-0.265094058,-4.420596634,-0.869746127,-0.030175362,0.009909095,3.7144227,-3.5151472,-49.20124,-9.236704,-0.33283424,0.11365732
18.28333429,-0.48841596,-2.0350518,1.3556305,-0.420174,1.5606658,-0.9577615,-0.042644307,0.5632994,-0.31027222,0.5079032,-0.06847104,0.49307775,0.188309744,-0.682558661,-4.573990307,-0.891157642,-0.007813991,0.007069147,0.188309744,-0.682558661,-4.573990307,-0.891157642,-0.007813991,0.007069147,2.800166,-9.050728,-50.908512,-9.464094,-0.08618832,0.08108312
18.28333429,-0.48841596,-2.0350518,1.3556305,-0.420174,1.5606658,-0.9577615,-0.042644307,0.5632994,-0.31027222,0.5079032,-0.06847104,0.49307775,0.188309744,-0.682558661,-4.573990307,-0.891157642,-0.007813991,0.007069147,0.188309744,-0.682558661,-4.573990307,-0.891157642,-0.007813991,0.007069147,2.800166,-9.050728,-50.908512,-9.464094,-0.08618832,0.08108312
18.28333429,-0.48841596,-2.0350518,1.3556305,-0.420174,1.5606658,-0.9577615,-0.042644307,0.5632994,-0.31027222,0.5079032,-0.06847104,0.49307775,0.188309744,-0.682558661,-4.573990307,-0.891157642,-0.007813991,0.007069147,0.188309744,-0.682558661,-4.573990307,-0.891157642,-0.007813991,0.007069147,2.800166,-9.050728,-50.908512,-9.464094,-0.08618832,0.08108312
18.30000095,-0.48843768,-2.0254817,1.3506912,-0.41166154,1.5594137,-0.94947505,-0.002858859,0.5683211,-0.3134915,0.51077497,-0.0751145,0.4972486,0.263432921,-0.427173741,-4.449427588,-0.874476424,-0.035785959,0.010227848,0.263432921,-0.427173741,-4.449427588,-0.874476424,-0.035785959,0.010227848,3.9172475,-5.664324,-49.52213,-9.28694,-0.39471912,0.11731342
18.30000095,-0.48843768,-2.0254817,1.3506912,-0.41166154,1.5594137,-0.94947505,-0.002858859,0.5683211,-0.3134915,0.51077497,-0.0751145,0.4972486,0.263432921,-0.427173741,-4.449427588,-0.874476424,-0.035785959,0.010227848,0.263432921,-0.427173741,-4.449427588,-0.874476424,-0.035785959,0.010227848,3.9172475,-5.664324,-49.52213,-9.28694,-0.39471912,0.11731342
18.31666762,-0.48779243,-2.015831,1.3457037,-0.40310514,1.5580474,-0.9411266,0.037253056,0.57306486,-0.3163743,0.5133513,-0.0819235,0.5009378,0.273460883,-0.51733401,-4.464939662,-0.876557266,-0.039191648,0.010364786,0.273460883,-0.51733401,-4.464939662,-0.876557266,-0.039191648,0.010364786,4.0663633,-6.859849,-49.69478,-9.309038,-0.43228388,0.118884094
18.33333429,-0.48682514,-2.0062943,1.3407817,-0.39466867,1.556647,-0.9328865,0.056645583,0.56596,-0.31287986,0.5062396,-0.08404077,0.49451613,0.193015056,-0.919681509,-4.618477971,-0.897674058,-0.01218373,0.007308244,0.193015056,-0.919681509,-4.618477971,-0.897674058,-0.01218373,0.007308244,2.8701339,-12.194977,-51.40366,-9.5332985,-0.13438654,0.08382556
18.33333429,-0.48682514,-2.0062943,1.3407817,-0.39466867,1.556647,-0.9328865,0.056645583,0.56596,-0.31287986,0.5062396,-0.08404077,0.49451613,0.193015056,-0.919681509,-4.618477971,-0.897674058,-0.01218373,0.007308244,0.193015056,-0.919681509,-4.618477971,-0.897674058,-0.01218373,0.007308244,2.8701339,-12.194977,-51.40366,-9.5332985,-0.13438654,0.08382556
18.35000096,-0.48518404,-1.9966832,1.3358117,-0.38619193,1.5551275,-0.92459136,0.09719624,0.57058823,-0.31543294,0.5086385,-0.09113943,0.4977658,0.289820021,-0.682285936,-4.494166139,-0.880552101,-0.044420472,0.010648402,0.289820021,-0.682285936,-4.494166139,-0.880552101,-0.044420472,0.010648402,4.3096237,-9.0471115,-50.02007,-9.351463,-0.4899578,0.122137174
18.35000096,-0.48518404,-1.9966832,1.3358117,-0.38619193,1.5551275,-0.92459136,0.09719624,0.57058823,-0.31543294,0.5086385,-0.09113943,0.4977658,0.289820021,-0.682285936,-4.494166139,-0.880552101,-0.044420472,0.010648402,0.289820021,-0.682285936,-4.494166139,-0.880552101,-0.044420472,0.010648402,4.3096237,-9.0471115,-50.02007,-9.351463,-0.4899578,0.122137174
18.36666762,-0.48286524,-1.9869978,1.3308043,-0.37767977,1.5534865,-0.9162486,0.13796762,0.57492614,-0.3176629,0.5107246,-0.09839669,0.5005491,0.301218578,-0.774256101,-4.510325649,-0.882296643,-0.047651336,0.010759273,0.301218578,-0.774256101,-4.510325649,-0.882296643,-0.047651336,0.010759273,4.4791203,-10.266636,-50.199924,-9.36999,-0.52559423,0.12340886
18.36666762,-0.48286524,-1.9869978,1.3308043,-0.37767977,1.5534865,-0.9162486,0.13796762,0.57492614,-0.3176629,0.5107246,-0.09839669,0.5005491,0.301218578,-0.774256101,-4.510325649,-0.882296643,-0.047651336,0.010759273,0.301218578,-0.774256101,-4.510325649,-0.882296643,-0.047651336,0.010759273,4.4791203,-10.266636,-50.199924,-9.36999,-0.52559423,0.12340886
18.38333429,-0.48024508,-1.9774299,1.3258675,-0.3692906,1.5518115,-0.90802217,0.15602425,0.5675799,-0.3138288,0.5034065,-0.100468226,0.49368903,0.200378903,-1.161598404,-4.664223835,-0.903205728,-0.015741549,0.007505853,0.200378903,-1.161598404,-4.664223835,-0.903205728,-0.015741549,0.007505853,2.9796343,-15.402795,-51.91281,-9.592045,-0.17362928,0.08609213
18.38333429,-0.48024508,-1.9774299,1.3258675,-0.3692906,1.5518115,-0.90802217,0.15602425,0.5675799,-0.3138288,0.5034065,-0.100468226,0.49368903,0.200378903,-1.161598404,-4.664223835,-0.903205728,-0.015741549,0.007505853,0.200378903,-1.161598404,-4.664223835,-0.903205728,-0.015741549,0.007505853,2.9796343,-15.402795,-51.91281,-9.592045,-0.17362928,0.08609213
18.40000096,-0.47694394,-1.9677953,1.3208934,-0.36087018,1.5500101,-0.8997554,0.19713067,0.5717872,-0.3157492,0.50529146,-0.10801119,0.4960577,0.320282412,-0.942563651,-4.540259198,-0.885543536,-0.052440069,0.01100698,0.320282412,-0.942563651,-4.540259198,-0.885543536,-0.052440069,0.01100698,4.7625995,-12.498394,-50.533085,-9.404472,-0.57841396,0.12625006
18.40000096,-0.47694394,-1.9677953,1.3208934,-0.36087018,1.5500101,-0.8997554,0.19713067,0.5717872,-0.3157492,0.50529146,-0.10801119,0.4960577,0.320282412,-0.942563651,-4.540259198,-0.885543536,-0.052440069,0.01100698,0.320282412,-0.942563651,-4.540259198,-0.885543536,-0.052440069,0.01100698,4.7625995,-12.498394,-50.533085,-9.404472,-0.57841396,0.12625006
18.41666763,-0.47295764,-1.9580935,1.3158921,-0.35242325,1.5480796,-0.89145625,0.23835164,0.57569414,-0.31736004,0.5068484,-0.11570509,0.49797866,0.333022366,-1.036492516,-4.557165881,-0.886930405,-0.055450541,0.011091075,0.333022366,-1.036492516,-4.557165881,-0.886930405,-0.055450541,0.011091075,4.9520426,-13.743891,-50.721256,-9.419201,-0.6116195,0.12721463
18.43333429,-0.46869212,-1.9485127,1.310966,-0.3441023,1.5461178,-0.8832787,0.2549727,0.56811357,-0.3132296,0.49932423,-0.1177098,0.49074113,0.210108593,-1.408522881,-4.711311868,-0.907666445,-0.018427314,0.007662294,0.210108593,-1.408522881,-4.711311868,-0.907666445,-0.018427314,0.007662294,3.1243148,-18.677013,-52.4369,-9.639418,-0.20325327,0.08788651
18.43333429,-0.46869212,-1.9485127,1.310966,-0.3441023,1.5461178,-0.8832787,0.2549727,0.56811357,-0.3132296,0.49932423,-0.1177098,0.49074113,0.210108593,-1.408522881,-4.711311868,-0.907666445,-0.018427314,0.007662294,0.210108593,-1.408522881,-4.711311868,-0.907666445,-0.018427314,0.007662294,3.1243148,-18.677013,-52.4369,-9.639418,-0.20325327,0.08788651
18.45000096,-0.46374217,-1.9388726,1.3060129,-0.3357598,1.5440218,-0.875075,0.29642338,0.57187647,-0.3145536,0.50065565,-0.12568668,0.49227613,0.354646562,-1.208352827,-4.587962107,-0.889394871,-0.059745967,0.011302557,0.354646562,-1.208352827,-4.587962107,-0.889394871,-0.059745967,0.011302557,5.2735944,-16.022758,-51.06402,-9.445374,-0.658998,0.12964033
18.45000096,-0.46374217,-1.9388726,1.3060129,-0.3357598,1.5440218,-0.875075,0.29642338,0.57187647,-0.3145536,0.50065565,-0.12568668,0.49227613,0.354646562,-1.208352827,-4.587962107,-0.889394871,-0.059745967,0.011302557,0.354646562,-1.208352827,-4.587962107,-0.889394871,-0.059745967,0.011302557,5.2735944,-16.022758,-51.06402,-9.445374,-0.658998,0.12964033
18.45000096,-0.46374217,-1.9388726,1.3060129,-0.3357598,1.5440218,-0.875075,0.29642338,0.57187647,-0.3145536,0.50065565,-0.12568668,0.49227613,0.354646562,-1.208352827,-4.587962107,-0.889394871,-0.059745967,0.011302557,0.354646562,-1.208352827,-4.587962107,-0.889394871,-0.059745967,0.011302557,5.2735944,-16.022758,-51.06402,-9.445374,-0.658998,0.12964033
18.46666763,-0.45810294,-1.929173,1.3010418,-0.32740036,1.5417893,-0.8668524,0.33788255,0.57532936,-0.31558487,0.5016438,-0.13380337,0.49338567,0.368653678,-1.304536995,-4.605796245,-0.89041392,-0.062491044,0.011359651,0.368653678,-1.304536995,-4.605796245,-0.89041392,-0.062491044,0.011359651,5.48188,-17.29816,-51.262512,-9.456196,-0.6892762,0.1302952
18.4833343,-0.45220813,-1.9195973,1.2961495,-0.3191697,1.5395268,-0.8587567,0.35297647,0.567521,-0.3112002,0.49391636,-0.13572119,0.48582846,0.221859375,-1.660982768,-4.759922696,-0.910977904,-0.020196367,0.007777493,0.221859375,-1.660982768,-4.759922696,-0.910977904,-0.020196367,0.007777493,3.299049,-22.024632,-52.97794,-9.674585,-0.22276592,0.08920785
18.4833343,-0.45220813,-1.9195973,1.2961495,-0.3191697,1.5395268,-0.8587567,0.35297647,0.567521,-0.3112002,0.49391636,-0.13572119,0.48582846,0.221859375,-1.660982768,-4.759922696,-0.910977904,-0.020196367,0.007777493,0.221859375,-1.660982768,-4.759922696,-0.910977904,-0.020196367,0.007777493,3.299049,-22.024632,-52.97794,-9.674585,-0.22276592,0.08920785
18.50000096,-0.44562903,-1.9099711,1.2912393,-0.31092802,1.5371227,-0.85064757,0.39456052,0.5708163,-0.31196702,0.49465343,-0.14411297,0.48658457,0.392595553,-1.480060106,-4.63750176,-0.892046481,-0.066244786,0.011534777,0.392595553,-1.480060106,-4.63750176,-0.892046481,-0.066244786,0.011534777,5.837896,-19.625597,-51.615395,-9.473534,-0.73068,0.1323039
18.50000096,-0.44562903,-1.9099711,1.2912393,-0.31092802,1.5371227,-0.85064757,0.39456052,0.5708163,-0.31196702,0.49465343,-0.14411297,0.48658457,0.392595553,-1.480060106,-4.63750176,-0.892046481,-0.066244786,0.011534777,0.392595553,-1.480060106,-4.63750176,-0.892046481,-0.066244786,0.011534777,5.837896,-19.625597,-51.615395,-9.473534,-0.73068,0.1323039
18.51666763,-0.43836015,-1.9002934,1.2863204,-0.30267936,1.534577,-0.8425318,0.43604726,0.57379645,-0.31245783,0.49503544,-0.15263125,0.48693997,0.407682206,-1.578420032,-4.656196176,-0.892652361,-0.068681584,0.011564805,0.407682206,-1.578420032,-4.656196176,-0.892652361,-0.068681584,0.011564805,6.0622344,-20.92985,-51.823463,-9.479968,-0.75755787,0.13264832
18.5333343,-0.43086028,-1.8907427,1.281483,-0.2945624,1.5320019,-0.83454794,0.44953156,0.5657701,-0.30786046,0.4871067,-0.15444222,0.47912154,0.23513193,-1.919079402,-4.809992568,-0.913036296,-0.021014858,0.007852843,0.23513193,-1.919079402,-4.809992568,-0.913036296,-0.021014858,0.007852843,3.4964118,-25.446993,-53.535217,-9.696445,-0.23179388,0.09007211
18.5333343,-0.43086028,-1.8907427,1.281483,-0.2945624,1.5320019,-0.83454794,0.44953156,0.5657701,-0.30786046,0.4871067,-0.15444222,0.47912154,0.23513193,-1.919079402,-4.809992568,-0.913036296,-0.021014858,0.007852843,0.23513193,-1.919079402,-4.809992568,-0.913036296,-0.021014858,0.007852843,3.4964118,-25.446993,-53.535217,-9.696445,-0.23179388,0.09007211
18.5333343,-0.43086028,-1.8907427,1.281483,-0.2945624,1.5320019,-0.83454794,0.44953156,0.5657701,-0.30786046,0.4871067,-0.15444222,0.47912154,0.23513193,-1.919079402,-4.809992568,-0.913036296,-0.021014858,0.007852843,0.23513193,-1.919079402,-4.809992568,-0.913036296,-0.021014858,0.007852843,3.4964118,-25.446993,-53.535217,-9.696445,-0.23179388,0.09007211
18.55000097,-0.42267975,-1.8811496,1.2766367,-0.28644556,1.5292803,-0.82656217,0.49103826,0.56858116,-0.30811155,0.48721328,-0.16322678,0.47916034,0.433580107,-1.757550707,-4.688788703,-0.893401651,-0.071853351,0.011704336,0.433580107,-1.757550707,-4.688788703,-0.893401651,-0.071853351,0.011704336,6.447336,-23.305122,-52.18622,-9.487926,-0.79254246,0.13424873
18.55000097,-0.42267975,-1.8811496,1.2766367,-0.28644556,1.5292803,-0.82656217,0.49103826,0.56858116,-0.30811155,0.48721328,-0.16322678,0.47916034,0.433580107,-1.757550707,-4.688788703,-0.893401651,-0.071853351,0.011704336,0.433580107,-1.757550707,-4.688788703,-0.893401651,-0.071853351,0.011704336,6.447336,-23.305122,-52.18622,-9.487926,-0.79254246,0.13424873
18.56666763,-0.4138124,-1.871513,1.2717899,-0.2783327,1.5264097,-0.8185818,0.53234243,0.5710697,-0.30810457,0.48695043,-0.17212766,0.4788261,0.449551042,-1.858364007,-4.7084565,-0.893575773,-0.073947587,0.011707922,0.449551042,-1.858364007,-4.7084565,-0.893575773,-0.073947587,0.011707922,6.684824,-24.641907,-52.40512,-9.489775,-0.8156419,0.13428986
18.5833343,-0.4047398,-1.8620064,1.2670274,-0.27035385,1.523513,-0.81073624,0.5441436,0.5628351,-0.30333614,0.47882646,-0.17380856,0.4708078,0.249334238,-2.182884849,-4.861417978,-0.913736735,-0.020865063,0.007890419,0.249334238,-2.182884849,-4.861417978,-0.913736735,-0.020865063,0.007890419,3.7076,-28.945053,-54.107582,-9.703884,-0.23014164,0.09050311
18.5833343,-0.4047398,-1.8620064,1.2670274,-0.27035385,1.523513,-0.81073624,0.5441436,0.5628351,-0.30333614,0.47882646,-0.17380856,0.4708078,0.249334238,-2.182884849,-4.861417978,-0.913736735,-0.020865063,0.007890419,0.249334238,-2.182884849,-4.861417978,-0.913736735,-0.020865063,0.007890419,3.7076,-28.945053,-54.107582,-9.703884,-0.23014164,0.09050311
18.60000097,-0.3949937,-1.8524667,1.2622637,-0.26238734,1.5204628,-0.8029002,0.585364,0.5651455,-0.30311662,0.4782647,-0.18296394,0.47019717,0.476937881,-2.040867352,-4.741821563,-0.893389348,-0.076506166,0.011812947,0.476937881,-2.040867352,-4.741821563,-0.893389348,-0.076506166,0.011812947,7.0920663,-27.061901,-52.776474,-9.487795,-0.843863,0.1354945
18.60000097,-0.3949937,-1.8524667,1.2622637,-0.26238734,1.5204628,-0.8029002,0.585364,0.5651455,-0.30311662,0.4782647,-0.18296394,0.47019717,0.476937881,-2.040867352,-4.741821563,-0.893389348,-0.076506166,0.011812947,0.476937881,-2.040867352,-4.741821563,-0.893389348,-0.076506166,0.011812947,7.0920663,-27.061901,-52.776474,-9.487795,-0.843863,0.1354945
18.61666764,-0.384567,-1.8428911,1.2575066,-0.254436,1.517257,-0.79507893,0.6262786,0.5671283,-0.3026581,0.47732103,-0.19221859,0.46924475,0.493487177,-2.144064551,-4.762393509,-0.893093368,-0.078222909,0.011790778,0.493487177,-2.144064551,-4.762393509,-0.893093368,-0.078222909,0.011790778,7.3381543,-28.430296,-53.00544,-9.484652,-0.8627987,0.13524023
18.61666764,-0.384567,-1.8428911,1.2575066,-0.254436,1.517257,-0.79507893,0.6262786,0.5671283,-0.3026581,0.47732103,-0.19221859,0.46924475,0.493487177,-2.144064551,-4.762393509,-0.893093368,-0.078222909,0.011790778,0.493487177,-2.144064551,-4.762393509,-0.893093368,-0.078222909,0.011790778,7.3381543,-28.430296,-53.00544,-9.484652,-0.8627987,0.13524023
18.63333431,-0.37396187,-1.8334488,1.252835,-0.24662101,1.5140281,-0.78739536,0.6363324,0.5586984,-0.2977577,0.46900922,-0.1937437,0.46108466,0.263752678,-2.452033605,-4.913861325,-0.912962481,-0.019746376,0.007892199,0.263752678,-2.452033605,-4.913861325,-0.912962481,-0.019746376,0.007892199,3.9220023,-32.513966,-54.691277,-9.695662,-0.21780252,0.09052352
18.63333431,-0.37396187,-1.8334488,1.252835,-0.24662101,1.5140281,-0.78739536,0.6363324,0.5586984,-0.2977577,0.46900922,-0.1937437,0.46108466,0.263752678,-2.452033605,-4.913861325,-0.912962481,-0.019746376,0.007892199,0.263752678,-2.452033605,-4.913861325,-0.912962481,-0.019746376,0.007892199,3.9220023,-32.513966,-54.691277,-9.695662,-0.21780252,0.09052352
18.65000097,-0.3626936,-1.823982,1.24817,-0.23883086,1.5106392,-0.7797308,0.6770613,0.5604943,-0.29711097,0.46774325,-0.20323916,0.45989823,0.521818198,-2.329569597,-4.796289819,-0.891909357,-0.080149409,0.011863056,0.521818198,-2.329569597,-4.796289819,-0.891909357,-0.080149409,0.011863056,7.7594366,-30.890093,-53.382706,-9.472077,-0.884048,0.13606925
18.65000097,-0.3626936,-1.823982,1.24817,-0.23883086,1.5106392,-0.7797308,0.6770613,0.5604943,-0.29711097,0.46774325,-0.20323916,0.45989823,0.521818198,-2.329569597,-4.796289819,-0.891909357,-0.080149409,0.011863056,0.521818198,-2.329569597,-4.796289819,-0.891909357,-0.080149409,0.011863056,7.7594366,-30.890093,-53.382706,-9.472077,-0.884048,0.13606925
18.66666764,-0.3507543,-1.8144884,1.2435185,-0.23106803,1.5070899,-0.77208996,0.7173834,0.5619582,-0.29624632,0.4660845,-0.21281466,0.45840365,0.538603956,-2.435121205,-4.817719301,-0.891116245,-0.081462722,0.011816959,0.538603956,-2.435121205,-4.817719301,-0.891116245,-0.081462722,0.011816959,8.009041,-32.289707,-53.621216,-9.4636545,-0.8985338,0.13554052
18.68333431,-0.33866444,-1.8051301,1.2389535,-0.2234432,1.5035189,-0.7645884,0.72563493,0.55334926,-0.29125234,0.4575922,-0.21416067,0.45016143,0.277598047,-2.725921965,-4.966904125,-0.910614035,-0.017678554,0.007860828,0.277598047,-2.725921965,-4.966904125,-0.910614035,-0.017678554,0.007860828,4.127883,-36.145725,-55.281643,-9.670721,-0.19499445,0.09016369
18.68333431,-0.33866444,-1.8051301,1.2389535,-0.2234432,1.5035189,-0.7645884,0.72563493,0.55334926,-0.29125234,0.4575922,-0.21416067,0.45016143,0.277598047,-2.725921965,-4.966904125,-0.910614035,-0.017678554,0.007860828,0.277598047,-2.725921965,-4.966904125,-0.910614035,-0.017678554,0.007860828,4.127883,-36.145725,-55.281643,-9.670721,-0.19499445,0.09016369
18.70000098,-0.32592505,-1.7957565,1.234401,-0.21585684,1.4997855,-0.7571135,0.76567125,0.5546201,-0.29022798,0.45558926,-0.22395957,0.4484778,0.567227398,-2.623085091,-4.851933674,-0.888903217,-0.082743957,0.011858992,0.567227398,-2.623085091,-4.851933674,-0.888903217,-0.082743957,0.011858992,8.434671,-34.78211,-54.00202,-9.440152,-0.91266584,0.13602264
18.70000098,-0.32592505,-1.7957565,1.234401,-0.21585684,1.4997855,-0.7571135,0.76567125,0.5546201,-0.29022798,0.45558926,-0.22395957,0.4484778,0.567227398,-2.623085091,-4.851933674,-0.888903217,-0.082743957,0.011858992,0.567227398,-2.623085091,-4.851933674,-0.888903217,-0.082743957,0.011858992,8.434671,-34.78211,-54.00202,-9.440152,-0.91266584,0.13602264
18.70000098,-0.32592505,-1.7957565,1.234401,-0.21585684,1.4997855,-0.7571135,0.76567125,0.5546201,-0.29022798,0.45558926,-0.22395957,0.4484778,0.567227398,-2.623085091,-4.851933674,-0.888903217,-0.082743957,0.011858992,0.567227398,-2.623085091,-4.851933674,-0.888903217,-0.082743957,0.011858992,8.434671,-34.78211,-54.00202,-9.440152,-0.91266584,0.13602264
18.71666764,-0.3125273,-1.7863648,1.2298675,-0.20831025,1.4958857,-0.74967104,0.80520445,0.55555695,-0.28900415,0.45318285,-0.23382507,0.44652015,0.583860581,-2.730671349,-4.873992426,-0.887568882,-0.083644889,0.011790214,0.583860581,-2.730671349,-4.873992426,-0.887568882,-0.083644889,0.011790214,8.682007,-36.208702,-54.247536,-9.4259815,-0.92260313,0.13523376
18.73333431,-0.2990079,-1.7771107,1.2254211,-0.20090322,1.4919691,-0.7423678,0.8116093,0.5467831,-0.28395206,0.44452128,-0.23496737,0.43825534,0.290063763,-3.003839346,-5.02009636,-0.906608872,-0.014702277,0.007801152,0.290063763,-3.003839346,-5.02009636,-0.906608872,-0.014702277,0.007801152,4.313248,-39.83091,-55.873672,-9.628186,-0.16216612,0.08947921
18.73333431,-0.2990079,-1.7771107,1.2254211,-0.20090322,1.4919691,-0.7423678,0.8116093,0.5467831,-0.28395206,0.44452128,-0.23496737,0.43825534,0.290063763,-3.003839346,-5.02009636,-0.906608872,-0.014702277,0.007801152,0.290063763,-3.003839346,-5.02009636,-0.906608872,-0.014702277,0.007801152,4.313248,-39.83091,-55.873672,-9.628186,-0.16216612,0.08947921
18.75000098,-0.2848553,-1.7678508,1.220993,-0.19354878,1.4878824,-0.7350989,0.85075843,0.5475212,-0.28259575,0.4417495,-0.24503857,0.43615815,0.612085492,-2.920391261,-4.908199259,-0.884297114,-0.084285269,0.011804613,0.612085492,-2.920391261,-4.908199259,-0.884297114,-0.084285269,0.011804613,9.101711,-38.72439,-54.628258,-9.391235,-0.9296665,0.13539891
18.75000098,-0.2848553,-1.7678508,1.220993,-0.19354878,1.4878824,-0.7350989,0.85075843,0.5475212,-0.28259575,0.4417495,-0.24503857,0.43615815,0.612085492,-2.920391261,-4.908199259,-0.884297114,-0.084285269,0.011804613,0.612085492,-2.920391261,-4.908199259,-0.884297114,-0.084285269,0.011804613,9.101711,-38.72439,-54.628258,-9.391235,-0.9296665,0.13539891
18.76666765,-0.27006042,-1.7585813,1.2165897,-0.18624711,1.4836274,-0.72786814,0.88930917,0.54792607,-0.28106132,0.43856508,-0.2551507,0.4338257,0.628082337,-3.029680612,-4.93073065,-0.882404852,-0.08475212,0.011715888,0.628082337,-3.029680612,-4.93073065,-0.882404852,-0.08475212,0.011715888,9.339584,-40.173565,-54.879032,-9.37114,-0.9348159,0.13438123
18.78333431,-0.25517324,-1.7494522,1.2122724,-0.179086,1.4793584,-0.72077584,0.8938346,0.53900546,-0.27598846,0.42974713,-0.25606665,0.42559284,0.300316948,-3.284670684,-5.072900955,-0.900900297,-0.010882176,0.007716551,0.300316948,-3.284670684,-5.072900955,-0.900900297,-0.010882176,0.007716551,4.465713,-43.554733,-56.461388,-9.567561,-0.1200304,0.088508844
18.78333431,-0.25517324,-1.7494522,1.2122724,-0.179086,1.4793584,-0.72077584,0.8938346,0.53900546,-0.27598846,0.42974713,-0.25606665,0.42559284,0.300316948,-3.284670684,-5.072900955,-0.900900297,-0.010882176,0.007716551,0.300316948,-3.284670684,-5.072900955,-0.900900297,-0.010882176,0.007716551,4.465713,-43.554733,-56.461388,-9.567561,-0.1200304,0.088508844
18.78333431,-0.25517324,-1.7494522,1.2122724,-0.179086,1.4793584,-0.72077584,0.8938346,0.53900546,-0.27598846,0.42974713,-0.25606665,0.42559284,0.300316948,-3.284670684,-5.072900955,-0.900900297,-0.010882176,0.007716551,0.300316948,-3.284670684,-5.072900955,-0.900900297,-0.010882176,0.007716551,4.465713,-43.554733,-56.461388,-9.567561,-0.1200304,0.088508844
18.80000098,-0.23967241,-1.7403258,1.207979,-0.17199236,1.474917,-0.71372247,0.93190825,0.53920764,-0.27434877,0.42617697,-0.26636747,0.42316988,0.65519279,-3.220273071,-4.964576235,-0.878067519,-0.084769823,0.011706511,0.65519279,-3.220273071,-4.964576235,-0.878067519,-0.084769823,0.011706511,9.742717,-42.70082,-55.255733,-9.325077,-0.93501115,0.13427368
18.80000098,-0.23967241,-1.7403258,1.207979,-0.17199236,1.474917,-0.71372247,0.93190825,0.53920764,-0.27434877,0.42617697,-0.26636747,0.42316988,0.65519279,-3.220273071,-4.964576235,-0.878067519,-0.084769823,0.011706511,0.65519279,-3.220273071,-4.964576235,-0.878067519,-0.084769823,0.011706511,9.742717,-42.70082,-55.255733,-9.325077,-0.93501115,0.13427368
18.81666765,-0.22354831,-1.7311989,1.2037139,-0.16496485,1.4703034,-0.70671296,0.9692933,0.5390767,-0.27255374,0.4221882,-0.2766903,0.42054865,0.670124175,-3.330971213,-4.987447281,-0.875614098,-0.084808536,0.011599888,0.670124175,-3.330971213,-4.987447281,-0.875614098,-0.084808536,0.011599888,9.964746,-44.16868,-55.51029,-9.299022,-0.93543816,0.13305071
18.83333432,-0.20736209,-1.722214,1.1995345,-0.15807863,1.4656796,-0.6998405,0.97191525,0.5300291,-0.26749113,0.41322747,-0.27735615,0.41240156,0.307488554,-3.566876867,-5.12458342,-0.893452298,-0.006292521,0.007612002,0.307488554,-3.566876867,-5.12458342,-0.893452298,-0.006292521,0.007612002,4.572355,-47.296787,-57.036613,-9.488463,-0.06940651,0.08730966
18.83333432,-0.20736209,-1.722214,1.1995345,-0.15807863,1.4656796,-0.6998405,0.97191525,0.5300291,-0.26749113,0.41322747,-0.27735615,0.41240156,0.307488554,-3.566876867,-5.12458342,-0.893452298,-0.006292521,0.007612002,0.307488554,-3.566876867,-5.12458342,-0.893452298,-0.006292521,0.007612002,4.572355,-47.296787,-57.036613,-9.488463,-0.06940651,0.08730966
18.85000098,-0.19058418,-1.7132412,1.1953831,-0.1512752,1.4608798,-0.6930122,1.0087346,0.52969307,-0.26561773,0.40883335,-0.28784597,0.40974307,0.69537865,-3.521431625,-5.02056797,-0.870232214,-0.084228248,0.011570834,0.69537865,-3.521431625,-5.02056797,-0.870232214,-0.084228248,0.011570834,10.340281,-46.694183,-55.87892,-9.241866,-0.9290376,0.13271746
18.85000098,-0.19058418,-1.7132412,1.1953831,-0.1512752,1.4608798,-0.6930122,1.0087346,0.52969307,-0.26561773,0.40883335,-0.28784597,0.40974307,0.69537865,-3.521431625,-5.02056797,-0.870232214,-0.084228248,0.011570834,0.69537865,-3.521431625,-5.02056797,-0.870232214,-0.084228248,0.011570834,10.340281,-46.694183,-55.87892,-9.241866,-0.9290376,0.13271746
18.86666765,-0.17320491,-1.7042764,1.1912632,-0.14455189,1.4559064,-0.6862296,1.0447783,0.5290279,-0.26361042,0.40401414,-0.29833433,0.40692902,0.708732079,-3.632857034,-5.043459238,-0.867207935,-0.083839364,0.011449377,0.708732079,-3.632857034,-5.043459238,-0.867207935,-0.083839364,0.011449377,10.538846,-48.171684,-56.1337,-9.209748,-0.9247482,0.13132435
18.86666765,-0.17320491,-1.7042764,1.1912632,-0.14455189,1.4559064,-0.6862296,1.0447783,0.5290279,-0.26361042,0.40401414,-0.29833433,0.40692902,0.708732079,-3.632857034,-5.043459238,-0.867207935,-0.083839364,0.011449377,0.708732079,-3.632857034,-5.043459238,-0.867207935,-0.083839364,0.011449377,10.538846,-48.171684,-56.1337,-9.209748,-0.9247482,0.13132435
18.88333432,-0.15579431,-1.6954561,1.1872278,-0.13796993,1.4509277,-0.6795817,1.0454841,0.51987237,-0.25858885,0.39492878,-0.29872683,0.3989195,0.310826446,-3.849038172,-5.174610107,-0.884300167,-0.00102881,0.007493671,0.310826446,-3.849038172,-5.174610107,-0.884300167,-0.00102881,0.007493671,4.6219893,-51.038246,-57.59341,-9.391268,-0.011347771,0.0859524
18.88333432,-0.15579431,-1.6954561,1.1872278,-0.13796993,1.4509277,-0.6795817,1.0454841,0.51987237,-0.25858885,0.39492878,-0.29872683,0.3989195,0.310826446,-3.849038172,-5.174610107,-0.884300167,-0.00102881,0.007493671,0.310826446,-3.849038172,-5.174610107,-0.884300167,-0.00102881,0.007493671,4.6219893,-51.038246,-57.59341,-9.391268,-0.011347771,0.0859524
18.90000099,-0.13781655,-1.686656,1.1832235,-0.13148677,1.4457694,-0.67298037,1.0808771,0.51900256,-0.25653055,0.38968778,-0.30936295,0.39611852,0.731382453,-3.82198748,-5.07546328,-0.860828015,-0.082694522,0.011404551,0.731382453,-3.82198748,-5.07546328,-0.860828015,-0.082694522,0.011404551,10.875657,-50.679554,-56.489906,-9.1419935,-0.9121206,0.1308102
18.90000099,-0.13781655,-1.686656,1.1832235,-0.13148677,1.4457694,-0.67298037,1.0808771,0.51900256,-0.25653055,0.38968778,-0.30936295,0.39611852,0.731382453,-3.82198748,-5.07546328,-0.860828015,-0.082694522,0.011404551,0.731382453,-3.82198748,-5.07546328,-0.860828015,-0.082694522,0.011404551,10.875657,-50.679554,-56.489906,-9.1419935,-0.9121206,0.1308102
18.91666765,-0.119262174,-1.6778731,1.1792538,-0.12509783,1.4404346,-0.66642636,1.1154141,0.5178052,-0.25435904,0.38401702,-0.3199715,0.39320245,0.742733551,-3.9337233,-5.098226707,-0.857258741,-0.08189421,0.011270854,0.742733551,-3.9337233,-5.098226707,-0.857258741,-0.08189421,0.011270854,11.044448,-52.16117,-56.743263,-9.104088,-0.90329313,0.1292767
18.93333432,-0.10070744,-1.6692362,1.1753663,-0.11885002,1.4351007,-0.6600043,1.114203,0.50856483,-0.24940844,0.37482557,-0.3200642,0.385379,0.309620628,-4.12925444,-5.222319186,-0.873514668,0.004803756,0.007366448,0.309620628,-4.12925444,-5.222319186,-0.873514668,0.004803756,0.007366448,4.6040587,-54.753914,-58.124413,-9.276726,0.05298543,0.08449316
18.93333432,-0.10070744,-1.6692362,1.1753663,-0.11885002,1.4351007,-0.6600043,1.114203,0.50856483,-0.24940844,0.37482557,-0.3200642,0.385379,0.309620628,-4.12925444,-5.222319186,-0.873514668,0.004803756,0.007366448,0.309620628,-4.12925444,-5.222319186,-0.873514668,0.004803756,0.007366448,4.6040587,-54.753914,-58.124413,-9.276726,0.05298543,0.08449316
18.95000099,-0.0816126,-1.6606283,1.1715131,-0.1127174,1.4295866,-0.65362805,1.1480085,0.50716597,-0.24721305,0.3687176,-0.33079734,0.38253123,0.762074669,-4.12024042,-5.128732289,-0.849956936,-0.0802218,0.011215432,0.762074669,-4.12024042,-5.128732289,-0.849956936,-0.0802218,0.011215432,11.33205,-54.634388,-57.08279,-9.026543,-0.88484645,0.12864101
18.95000099,-0.0816126,-1.6606283,1.1715131,-0.1127174,1.4295866,-0.65362805,1.1480085,0.50716597,-0.24721305,0.3687176,-0.33079734,0.38253123,0.762074669,-4.12024042,-5.128732289,-0.849956936,-0.0802218,0.011215432,0.762074669,-4.12024042,-5.128732289,-0.849956936,-0.0802218,0.011215432,11.33205,-54.634388,-57.08279,-9.026543,-0.88484645,0.12864101
18.95000099,-0.0816126,-1.6606283,1.1715131,-0.1127174,1.4295866,-0.65362805,1.1480085,0.50716597,-0.24721305,0.3687176,-0.33079734,0.38253123,0.762074669,-4.12024042,-5.128732289,-0.849956936,-0.0802218,0.011215432,0.762074669,-4.12024042,-5.128732289,-0.849956936,-0.0802218,0.011215432,11.33205,-54.634388,-57.08279,-9.026543,-0.88484645,0.12864101
18.96666766,-0.061968446,-1.6520466,1.1676956,-0.106693484,1.4238935,-0.64730054,1.1808844,0.50544596,-0.24492684,0.3621783,-0.3414815,0.379606,0.770987964,-4.231508753,-5.151094024,-0.845874007,-0.079032409,0.011072392,0.770987964,-4.231508753,-5.151094024,-0.845874007,-0.079032409,0.011072392,11.464591,-56.109806,-57.331676,-8.983182,-0.87172747,0.12700033
18.98333432,-0.04235514,-1.6436114,1.1639582,-0.10080993,1.4182054,-0.641101,1.1777626,0.49614343,-0.24007218,0.3529009,-0.34125444,0.37201363,0.303241304,-4.405556473,-5.267087897,-0.86121164,0.011098309,0.007235962,0.303241304,-4.405556473,-5.267087897,-0.86121164,0.011098309,0.007235962,4.509198,-58.41768,-58.62269,-9.146068,0.12241435,0.08299649
18.98333432,-0.04235514,-1.6436114,1.1639582,-0.10080993,1.4182054,-0.641101,1.1777626,0.49614343,-0.24007218,0.3529009,-0.34125444,0.37201363,0.303241304,-4.405556473,-5.267087897,-0.86121164,0.011098309,0.007235962,0.303241304,-4.405556473,-5.267087897,-0.86121164,0.011098309,0.007235962,4.509198,-58.41768,-58.62269,-9.146068,0.12241435,0.08299649
19.00000099,-0.022230856,-1.6352143,1.1602566,-0.09505828,1.412337,-0.6349479,1.209835,0.4942239,-0.23778732,0.34591088,-0.3520324,0.36921343,0.786454676,-4.414291727,-5.179844777,-0.837762836,-0.076882513,0.011011519,0.786454676,-4.414291727,-5.179844777,-0.837762836,-0.076882513,0.011011519,11.694581,-58.53351,-57.651672,-8.897041,-0.8480141,0.12630212
19.00000099,-0.022230856,-1.6352143,1.1602566,-0.09505828,1.412337,-0.6349479,1.209835,0.4942239,-0.23778732,0.34591088,-0.3520324,0.36921343,0.786454676,-4.414291727,-5.179844777,-0.837762836,-0.076882513,0.011011519,0.786454676,-4.414291727,-5.179844777,-0.837762836,-0.076882513,0.011011519,11.694581,-58.53351,-57.651672,-8.897041,-0.8480141,0.12630212
19.01666766,-0.001587006,-1.6268511,1.1565919,-0.08943004,1.4062891,-0.6288406,1.2409039,0.49199116,-0.23543124,0.33848876,-0.36273757,0.36638063,0.792423831,-4.52423556,-5.201513491,-0.833213307,-0.075308734,0.010862326,0.792423831,-4.52423556,-5.201513491,-0.833213307,-0.075308734,0.010862326,11.783342,-59.991364,-57.892845,-8.848725,-0.83065534,0.12459087
19.03333433,0.018994827,-1.6186363,1.1530055,-0.08394093,1.4002537,-0.62285715,1.2358929,0.48264956,-0.23069629,0.32914886,-0.3621682,0.35906094,0.29131021,-4.676051593,-5.308447715,-0.847566285,0.017732895,0.007109488,0.29131021,-4.676051593,-5.308447715,-0.847566285,0.017732895,0.007109488,4.331783,-62.004444,-59.083023,-9.001154,0.19559383,0.08154583
19.03333433,0.018994827,-1.6186363,1.1530055,-0.08394093,1.4002537,-0.62285715,1.2358929,0.48264956,-0.23069629,0.32914886,-0.3621682,0.35906094,0.29131021,-4.676051593,-5.308447715,-0.847566285,0.017732895,0.007109488,0.29131021,-4.676051593,-5.308447715,-0.847566285,0.017732895,0.007109488,4.331783,-62.004444,-59.083023,-9.001154,0.19559383,0.08154583
19.03333433,0.018994827,-1.6186363,1.1530055,-0.08394093,1.4002537,-0.62285715,1.2358929,0.48264956,-0.23069629,0.32914886,-0.3621682,0.35906094,0.29131021,-4.676051593,-5.308447715,-0.847566285,0.017732895,0.007109488,0.29131021,-4.676051593,-5.308447715,-0.847566285,0.017732895,0.007109488,4.331783,-62.004444,-59.083023,-9.001154,0.19559383,0.08154583
19.05000099,0.04005638,-1.6104671,1.1494558,-0.07860075,1.3940376,-0.61691767,1.2660902,0.4802221,-0.22836964,0.3212641,-0.37294447,0.35640538,0.803466186,-4.701985205,-5.228264355,-0.824440401,-0.07272748,0.010799759,0.803466186,-4.701985205,-5.228264355,-0.824440401,-0.07272748,0.010799759,11.947542,-62.348324,-58.190582,-8.755557,-0.8021841,0.123873234
19.05000099,0.04005638,-1.6104671,1.1494558,-0.07860075,1.3940376,-0.61691767,1.2660902,0.4802221,-0.22836964,0.3212641,-0.37294447,0.35640538,0.803466186,-4.701985205,-5.228264355,-0.824440401,-0.07272748,0.010799759,0.803466186,-4.701985205,-5.228264355,-0.824440401,-0.07272748,0.010799759,11.947542,-62.348324,-58.190582,-8.755557,-0.8021841,0.123873234
19.06666766,0.06160558,-1.6023405,1.1459438,-0.073398806,1.3876424,-0.61102086,1.2952241,0.47748983,-0.2259922,0.31294885,-0.38362196,0.35375822,0.806280712,-4.810004716,-5.249102953,-0.81949674,-0.070814122,0.010648341,0.806280712,-4.810004716,-5.249102953,-0.81949674,-0.070814122,0.010648341,11.989394,-63.780663,-58.422516,-8.703055,-0.78107977,0.12213647
19.08333433,0.08306177,-1.5943631,1.142507,-0.06833421,1.3812639,-0.6052417,1.2883505,0.46813372,-0.22140092,0.30357245,-0.3826939,0.3467488,0.273446517,-4.938657251,-5.345970901,-0.83280382,0.024609466,0.006990882,0.273446517,-4.938657251,-5.345970901,-0.83280382,0.024609466,0.006990882,4.0661497,-65.486595,-59.500656,-8.844377,0.2714424,0.08018541
19.08333433,0.08306177,-1.5943631,1.142507,-0.06833421,1.3812639,-0.6052417,1.2883505,0.46813372,-0.22140092,0.30357245,-0.3826939,0.3467488,0.273446517,-4.938657251,-5.345970901,-0.83280382,0.024609466,0.006990882,0.273446517,-4.938657251,-5.345970901,-0.83280382,0.024609466,0.006990882,4.0661497,-65.486595,-59.500656,-8.844377,0.2714424,0.08018541
19.100001,0.10496461,-1.5864388,1.1391071,-0.0634358,1.3747056,-0.5995025,1.3165498,0.46521494,-0.21907775,0.29478493,-0.39341182,0.3443313,0.81240815,-4.981298432,-5.273549233,-0.810215478,-0.067833858,0.010587739,0.81240815,-4.981298432,-5.273549233,-0.810215478,-0.067833858,0.010587739,12.080509,-66.05202,-58.694603,-8.604488,-0.74820745,0.121441364
19.100001,0.10496461,-1.5864388,1.1391071,-0.0634358,1.3747056,-0.5995025,1.3165498,0.46521494,-0.21907775,0.29478493,-0.39341182,0.3443313,0.81240815,-4.981298432,-5.273549233,-0.810215478,-0.067833858,0.010587739,0.81240815,-4.981298432,-5.273549233,-0.810215478,-0.067833858,0.010587739,12.080509,-66.05202,-58.694603,-8.604488,-0.74820745,0.121441364
19.11666766,0.12732115,-1.5785652,1.1357437,-0.058690593,1.3679708,-0.59380233,1.3436272,0.46199998,-0.21672294,0.28557107,-0.40400583,0.34196165,0.811709986,-5.08662838,-5.293391143,-0.804966048,-0.065592161,0.010436332,0.811709986,-5.08662838,-5.293391143,-0.804966048,-0.065592161,0.010436332,12.0701275,-67.44869,-58.915443,-8.548739,-0.72348154,0.11970472
19.11666766,0.12732115,-1.5785652,1.1357437,-0.058690593,1.3679708,-0.59380233,1.3436272,0.46199998,-0.21672294,0.28557107,-0.40400583,0.34196165,0.811709986,-5.08662838,-5.293391143,-0.804966048,-0.065592161,0.010436332,0.811709986,-5.08662838,-5.293391143,-0.804966048,-0.065592161,0.010436332,12.0701275,-67.44869,-58.915443,-8.548739,-0.72348154,0.11970472
19.13333433,0.1495541,-1.5708412,1.1324525,-0.054080464,1.3612602,-0.588214,1.3349334,0.45265514,-0.21229185,0.27618426,-0.40269864,0.33529657,0.249606551,-5.191334628,-5.379235541,-0.817167332,0.031617524,0.006887657,0.249606551,-5.191334628,-5.379235541,-0.817167332,0.031617524,0.006887657,3.7116494,-68.8371,-59.87089,-8.678317,0.3487413,0.07900143
19.13333433,0.1495541,-1.5708412,1.1324525,-0.054080464,1.3612602,-0.588214,1.3349334,0.45265514,-0.21229185,0.27618426,-0.40269864,0.33529657,0.249606551,-5.191334628,-5.379235541,-0.817167332,0.031617524,0.006887657,0.249606551,-5.191334628,-5.379235541,-0.817167332,0.031617524,0.006887657,3.7116494,-68.8371,-59.87089,-8.678317,0.3487413,0.07900143
19.150001,0.17219894,-1.563178,1.1291978,-0.049653817,1.3543701,-0.5826598,1.3610221,0.44926187,-0.21001422,0.2664909,-0.4133107,0.33321223,0.812679052,-5.250337005,-5.315397113,-0.79535998,-0.062262688,0.010382911,0.812679052,-5.250337005,-5.315397113,-0.79535998,-0.062262688,0.010382911,12.0845375,-69.61947,-59.16037,-8.446723,-0.68675745,0.11909199
19.150001,0.17219894,-1.563178,1.1291978,-0.049653817,1.3543701,-0.5826598,1.3610221,0.44926187,-0.21001422,0.2664909,-0.4133107,0.33321223,0.812679052,-5.250337005,-5.315397113,-0.79535998,-0.062262688,0.010382911,0.812679052,-5.250337005,-5.315397113,-0.79535998,-0.062262688,0.010382911,12.0845375,-69.61947,-59.16037,-8.446723,-0.68675745,0.11909199
19.16666767,0.1952617,-1.5555732,1.1259792,-0.045395307,1.3473061,-0.57713866,1.3859373,0.4455851,-0.20772389,0.25637773,-0.4237694,0.33121446,0.808245076,-5.352085856,-5.334032921,-0.789899611,-0.05971417,0.010234081,0.808245076,-5.352085856,-5.334032921,-0.789899611,-0.05971417,0.010234081,12.018604,-70.96866,-59.367786,-8.388734,-0.6586473,0.11738491
19.18333433,0.21817094,-1.5481181,1.1228292,-0.04126915,1.3402714,-0.5717237,1.37547,0.4362776,-0.20347165,0.24700943,-0.42206842,0.32492155,0.219737401,-5.432223842,-5.408076092,-0.800967351,0.038689564,0.006801269,0.219737401,-5.432223842,-5.408076092,-0.800967351,0.038689564,0.006801269,3.2674952,-72.03129,-60.191887,-8.506273,0.4267459,0.07801056
19.18333433,0.21817094,-1.5481181,1.1228292,-0.04126915,1.3402714,-0.5717237,1.37547,0.4362776,-0.20347165,0.24700943,-0.42206842,0.32492155,0.219737401,-5.432223842,-5.408076092,-0.800967351,0.038689564,0.006801269,0.219737401,-5.432223842,-5.408076092,-0.800967351,0.038689564,0.006801269,3.2674952,-72.03129,-60.191887,-8.506273,0.4267459,0.07801056
19.200001,0.2414559,-1.5407307,1.1197155,-0.03734373,1.3330609,-0.56633544,1.3993492,0.4324321,-0.20128253,0.23641199,-0.43251497,0.3232629,0.803842718,-5.507145532,-5.353563965,-0.780179406,-0.05605692,0.010190118,0.803842718,-5.507145532,-5.353563965,-0.780179406,-0.05605692,0.010190118,11.953141,-73.02475,-59.585167,-8.285505,-0.6183078,0.116880655
19.200001,0.2414559,-1.5407307,1.1197155,-0.03734373,1.3330609,-0.56633544,1.3993492,0.4324321,-0.20128253,0.23641199,-0.43251497,0.3232629,0.803842718,-5.507145532,-5.353563965,-0.780179406,-0.05605692,0.010190118,0.803842718,-5.507145532,-5.353563965,-0.780179406,-0.05605692,0.010190118,11.953141,-73.02475,-59.585167,-8.285505,-0.6183078,0.116880655
19.200001,0.2414559,-1.5407307,1.1197155,-0.03734373,1.3330609,-0.56633544,1.3993492,0.4324321,-0.20128253,0.23641199,-0.43251497,0.3232629,0.803842718,-5.507145532,-5.353563965,-0.780179406,-0.05605692,0.010190118,0.803842718,-5.507145532,-5.353563965,-0.780179406,-0.05605692,0.010190118,11.953141,-73.02475,-59.585167,-8.285505,-0.6183078,0.116880655
19.21666767,0.2651214,-1.5334094,1.1166353,-0.03360134,1.3256786,-0.56097245,1.4220122,0.42831656,-0.19909927,0.22540174,-0.44278538,0.32172808,0.79559475,-5.604657364,-5.370915868,-0.774619359,-0.053229466,0.010046651,0.79559475,-5.604657364,-5.370915868,-0.774619359,-0.053229466,0.010046651,11.830494,-74.31776,-59.778294,-8.226458,-0.587121,0.11523509
19.23333434,0.28860417,-1.5262372,1.1136202,-0.02998804,1.3183347,-0.55570847,1.4098283,0.4190721,-0.19503896,0.21608326,-0.44067228,0.31583136,0.184091595,-5.659609143,-5.432353058,-0.784509375,0.045760058,0.006737643,0.184091595,-5.659609143,-5.432353058,-0.784509375,0.045760058,0.006737643,2.737442,-75.04642,-60.46209,-8.33149,0.50473344,0.07728076
19.23333434,0.28860417,-1.5262372,1.1136202,-0.02998804,1.3183347,-0.55570847,1.4098283,0.4190721,-0.19503896,0.21608326,-0.44067228,0.31583136,0.184091595,-5.659609143,-5.432353058,-0.784509375,0.045760058,0.006737643,0.184091595,-5.659609143,-5.432353058,-0.784509375,0.045760058,0.006737643,2.737442,-75.04642,-60.46209,-8.33149,0.50473344,0.07728076
19.250001,0.3124252,-1.519139,1.1106396,-0.026592635,1.3108186,-0.55046326,1.4314126,0.41479895,-0.19297718,0.2045868,-0.45090488,0.31468466,0.785742274,-5.750015742,-5.38789864,-0.764988147,-0.049260694,0.010014952,0.785742274,-5.750015742,-5.38789864,-0.764988147,-0.049260694,0.010014952,11.683988,-76.24521,-59.96731,-8.124174,-0.54334545,0.1148715
19.250001,0.3124252,-1.519139,1.1106396,-0.026592635,1.3108186,-0.55046326,1.4314126,0.41479895,-0.19297718,0.2045868,-0.45090488,0.31468466,0.785742274,-5.750015742,-5.38789864,-0.764988147,-0.049260694,0.010014952,0.785742274,-5.750015742,-5.38789864,-0.764988147,-0.049260694,0.010014952,11.683988,-76.24521,-59.96731,-8.124174,-0.54334545,0.1148715
19.26666767,0.33658808,-1.5121136,1.1076908,-0.023394981,1.3031343,-0.5452341,1.4517455,0.41026983,-0.19093803,0.19268876,-0.46093553,0.31369942,0.773650492,-5.84264154,-5.403888836,-0.759439684,-0.046170752,0.009878989,0.773650492,-5.84264154,-5.403888836,-0.759439684,-0.046170752,0.009878989,11.504183,-77.47343,-60.145283,-8.065249,-0.5092634,0.113312006
19.28333434,0.3605399,-1.5052369,1.1048036,-0.020322666,1.2954942,-0.5400976,1.4379116,0.40111363,-0.18708214,0.18345262,-0.45840243,0.30821735,0.143060255,-5.872033121,-5.452106541,-0.768130243,0.052786165,0.006698668,0.143060255,-5.872033121,-5.452106541,-0.768130243,0.052786165,0.006698668,2.127306,-77.86316,-60.681946,-8.157543,0.5822314,0.076833725
19.28333434,0.3605399,-1.5052369,1.1048036,-0.020322666,1.2954942,-0.5400976,1.4379116,0.40111363,-0.18708214,0.18345262,-0.45840243,0.30821735,0.143060255,-5.872033121,-5.452106541,-0.768130243,0.052786165,0.006698668,0.143060255,-5.872033121,-5.452106541,-0.768130243,0.052786165,0.006698668,2.127306,-77.86316,-60.681946,-8.157543,0.5822314,0.076833725
19.28333434,0.3605399,-1.5052369,1.1048036,-0.020322666,1.2954942,-0.5400976,1.4379116,0.40111363,-0.18708214,0.18345262,-0.45840243,0.30821735,0.143060255,-5.872033121,-5.452106541,-0.768130243,0.052786165,0.006698668,0.143060255,-5.872033121,-5.452106541,-0.768130243,0.052786165,0.006698668,2.127306,-77.86316,-60.681946,-8.157543,0.5822314,0.076833725
19.30000101,0.38479143,-1.4984409,1.101948,-0.017485132,1.2876877,-0.53496903,1.4571319,0.3964389,-0.18518639,0.1710678,-0.46836457,0.3076697,0.758441279,-5.977578257,-5.418449464,-0.75011653,-0.041895673,0.00986155,0.758441279,-5.977578257,-5.418449464,-0.75011653,-0.041895673,0.00986155,11.278022,-79.26269,-60.307343,-7.9662375,-0.46210927,0.11311197
19.30000101,0.38479143,-1.4984409,1.101948,-0.017485132,1.2876877,-0.53496903,1.4571319,0.3964389,-0.18518639,0.1710678,-0.46836457,0.3076697,0.758441279,-5.977578257,-5.418449464,-0.75011653,-0.041895673,0.00986155,0.758441279,-5.977578257,-5.418449464,-0.75011653,-0.041895673,0.00986155,11.278022,-79.26269,-60.307343,-7.9662375,-0.46210927,0.11311197
19.31666767,0.409345,-1.4917239,1.099121,-0.014859856,1.2797171,-0.52984625,1.4750698,0.39152524,-0.18332775,0.15829466,-0.47810295,0.30731487,0.742475411,-6.064548751,-5.432951825,-0.744692889,-0.03854467,0.009733173,0.742475411,-6.064548751,-5.432951825,-0.744692889,-0.03854467,0.009733173,11.040609,-80.41592,-60.468754,-7.9086385,-0.4251477,0.1116395
19.33333434,0.43366057,-1.4851546,1.0963516,-0.012355684,1.2717972,-0.52480894,1.4596627,0.3824847,-0.17968355,0.1491747,-0.47513738,0.3022619,0.097189033,-6.068033187,-5.467319746,-0.752144704,0.059755953,0.006685407,0.097189033,-6.068033187,-5.467319746,-0.752144704,0.059755953,0.006685407,1.4452009,-80.46212,-60.85127,-7.9877768,0.65910816,0.076681614
19.33333434,0.43366057,-1.4851546,1.0963516,-0.012355684,1.2717972,-0.52480894,1.4596627,0.3824847,-0.17968355,0.1491747,-0.47513738,0.3022619,0.097189033,-6.068033187,-5.467319746,-0.752144704,0.059755953,0.006685407,0.097189033,-6.068033187,-5.467319746,-0.752144704,0.059755953,0.006685407,1.4452009,-80.46212,-60.85127,-7.9877768,0.65910816,0.076681614
19.35000101,0.45823643,-1.4786711,1.0936112,-0.010102782,1.2637163,-0.51976895,1.4764606,0.37743968,-0.17798544,0.13591778,-0.4847767,0.30239075,0.72207345,-6.188250811,-5.445090994,-0.735871895,-0.033951454,0.009730347,0.72207345,-6.188250811,-5.445090994,-0.735871895,-0.033951454,0.009730347,10.737232,-82.056206,-60.603863,-7.8149595,-0.37448454,0.111607075
19.35000101,0.45823643,-1.4786711,1.0936112,-0.010102782,1.2637163,-0.51976895,1.4764606,0.37743968,-0.17798544,0.13591778,-0.4847767,0.30239075,0.72207345,-6.188250811,-5.445090994,-0.735871895,-0.033951454,0.009730347,0.72207345,-6.188250811,-5.445090994,-0.735871895,-0.033951454,0.009730347,10.737232,-82.056206,-60.603863,-7.8149595,-0.37448454,0.111607075
19.36666768,0.48307383,-1.4722731,1.0908967,-0.00807633,1.2554784,-0.5147223,1.4919538,0.3721705,-0.17633961,0.12228713,-0.49416783,0.3027464,0.702433467,-6.269306511,-5.458234391,-0.730699424,-0.030350782,0.009612156,0.702433467,-6.269306511,-5.458234391,-0.730699424,-0.030350782,0.009612156,10.445186,-83.131004,-60.75015,-7.760028,-0.33476913,0.11025143
19.36666768,0.48307383,-1.4722731,1.0908967,-0.00807633,1.2554784,-0.5147223,1.4919538,0.3721705,-0.17633961,0.12228713,-0.49416783,0.3027464,0.702433467,-6.269306511,-5.458234391,-0.730699424,-0.030350782,0.009612156,0.702433467,-6.269306511,-5.458234391,-0.730699424,-0.030350782,0.009612156,10.445186,-83.131004,-60.75015,-7.760028,-0.33476913,0.11025143
19.38333434,0.5076472,-1.4660207,1.0882355,-0.006166297,1.247299,-0.50975364,1.4750539,0.36327153,-0.17291509,0.11331892,-0.49076417,0.29812947,0.047064693,-6.246712341,-5.478270977,-0.736883984,0.066696819,0.006699126,0.047064693,-6.246712341,-5.478270977,-0.736883984,0.066696819,0.006699126,0.699852,-82.831406,-60.973156,-7.825708,0.7356659,0.07683897
19.38333434,0.5076472,-1.4660207,1.0882355,-0.006166297,1.247299,-0.50975364,1.4750539,0.36327153,-0.17291509,0.11331892,-0.49076417,0.29812947,0.047064693,-6.246712341,-5.478270977,-0.736883984,0.066696819,0.006699126,0.047064693,-6.246712341,-5.478270977,-0.736883984,0.066696819,0.006699126,0.699852,-82.831406,-60.973156,-7.825708,0.7356659,0.07683897
19.40000101,0.5324408,-1.4598589,1.0856009,-0.004523513,1.2389629,-0.50476974,1.4893895,0.3578862,-0.17144732,0.09920976,-0.50003296,0.29901,0.677197141,-6.381363099,-5.468144036,-0.72257649,-0.025426004,0.009623879,0.677197141,-6.381363099,-5.468144036,-0.72257649,-0.025426004,0.009623879,10.0699215,-84.616875,-60.860443,-7.6737623,-0.28044882,0.110385895
19.40000101,0.5324408,-1.4598589,1.0856009,-0.004523513,1.2389629,-0.50476974,1.4893895,0.3578862,-0.17144732,0.09920976,-0.50003296,0.29901,0.677197141,-6.381363099,-5.468144036,-0.72257649,-0.025426004,0.009623879,0.677197141,-6.381363099,-5.468144036,-0.72257649,-0.025426004,0.009623879,10.0699215,-84.616875,-60.860443,-7.6737623,-0.28044882,0.110385895
19.41666768,0.5574549,-1.4537886,1.0829875,-0.003120967,1.230477,-0.49976683,1.5024047,0.35229415,-0.17004648,0.08474479,-0.5090267,0.30014515,0.654019713,-6.455980994,-5.47990996,-0.717760479,-0.021563604,0.009515874,0.654019713,-6.455980994,-5.47990996,-0.717760479,-0.021563604,0.009515874,9.725273,-85.60631,-60.991398,-7.6226163,-0.23784655,0.10914707
19.43333435,0.58218056,-1.4478623,1.0804242,-0.001829694,1.222057,-0.49483442,1.4841015,0.34356198,-0.16684411,0.07596487,-0.5051792,0.29596838,-0.00651128,-6.407288656,-5.485167936,-0.722630415,0.073647488,0.006738495,-0.00651128,-6.407288656,-5.485167936,-0.722630415,0.073647488,0.006738495,-0.09682274,-84.96065,-61.04992,-7.674335,0.8123318,0.077290535
19.43333435,0.58218056,-1.4478623,1.0804242,-0.001829694,1.222057,-0.49483442,1.4841015,0.34356198,-0.16684411,0.07596487,-0.5051792,0.29596838,-0.00651128,-6.407288656,-5.485167936,-0.722630415,0.073647488,0.006738495,-0.00651128,-6.407288656,-5.485167936,-0.722630415,0.073647488,0.006738495,-0.09682274,-84.96065,-61.04992,-7.674335,0.8123318,0.077290535
19.45000101,0.60708606,-1.4420313,1.0778826,-0.000821011,1.2134879,-0.48987314,1.495946,0.33787107,-0.16563654,0.061028957,-0.5140248,0.29766953,0.624299065,-6.555981298,-5.487719979,-0.710502452,-0.016263252,0.009541358,0.624299065,-6.555981298,-5.487719979,-0.710502452,-0.016263252,0.009541358,9.283327,-86.93231,-61.078323,-7.545536,-0.17938367,0.10943937
19.45000101,0.60708606,-1.4420313,1.0778826,-0.000821011,1.2134879,-0.48987314,1.495946,0.33787107,-0.16563654,0.061028957,-0.5140248,0.29766953,0.624299065,-6.555981298,-5.487719979,-0.710502452,-0.016263252,0.009541358,0.624299065,-6.555981298,-5.487719979,-0.710502452,-0.016263252,0.009541358,9.283327,-86.93231,-61.078323,-7.545536,-0.17938367,0.10943937
19.45000101,0.60708606,-1.4420313,1.0778826,-0.000821011,1.2134879,-0.48987314,1.495946,0.33787107,-0.16563654,0.061028957,-0.5140248,0.29766953,0.624299065,-6.555981298,-5.487719979,-0.710502452,-0.016263252,0.009541358,0.624299065,-6.555981298,-5.487719979,-0.710502452,-0.016263252,0.009541358,9.283327,-86.93231,-61.078323,-7.545536,-0.17938367,0.10943937
19.46666768,0.6321702,-1.436296,1.0753585,-6.59E-05,1.2047764,-0.48487824,1.5064603,0.33199242,-0.16450539,0.045757588,-0.52257663,0.2996508,0.597829248,-6.623698791,-5.498047423,-0.706130457,-0.012130207,0.009443039,0.597829248,-6.623698791,-5.498047423,-0.706130457,-0.012130207,0.009443039,8.889721,-87.830246,-61.193268,-7.4991055,-0.13379619,0.10831165
19.48333435,0.65694284,-1.4307022,1.0728807,0.000583588,1.1961387,-0.4799468,1.4868507,0.3234512,-0.16152719,0.03720379,-0.5182812,0.29591036,-0.062679555,-6.549368581,-5.488361588,-0.709651688,0.08067814,0.006801768,-0.062679555,-6.549368581,-5.488361588,-0.709651688,0.08067814,0.006801768,-0.932045,-86.84463,-61.085464,-7.536501,0.8898799,0.07801628
19.48333435,0.65694284,-1.4307022,1.0728807,0.000583588,1.1961387,-0.4799468,1.4868507,0.3234512,-0.16152719,0.03720379,-0.5182812,0.29591036,-0.062679555,-6.549368581,-5.488361588,-0.709651688,0.08067814,0.006801768,-0.062679555,-6.549368581,-5.488361588,-0.709651688,0.08067814,0.006801768,-0.932045,-86.84463,-61.085464,-7.536501,0.8898799,0.07801628
19.50000102,0.681855,-1.4252076,1.0704204,0.000935875,1.1873592,-0.47497147,1.4961896,0.31749022,-0.16060443,0.021471629,-0.52666014,0.29849285,0.564127411,-6.711644537,-5.504031323,-0.699889593,-0.006407391,0.009480994,0.564127411,-6.711644537,-5.504031323,-0.699889593,-0.006407391,0.009480994,8.388575,-88.99641,-61.25987,-7.4328275,-0.070673525,0.108747005
19.50000102,0.681855,-1.4252076,1.0704204,0.000935875,1.1873592,-0.47497147,1.4961896,0.31749022,-0.16060443,0.021471629,-0.52666014,0.29849285,0.564127411,-6.711644537,-5.504031323,-0.699889593,-0.006407391,0.009480994,0.564127411,-6.711644537,-5.504031323,-0.699889593,-0.006407391,0.009480994,8.388575,-88.99641,-61.25987,-7.4328275,-0.070673525,0.108747005
19.51666768,0.70690393,-1.4198135,1.0679733,0.001021899,1.1784452,-0.46994784,1.5041981,0.31136048,-0.15976748,0.005425662,-0.53471977,0.3013784,0.534754883,-6.772322389,-5.513026537,-0.696050919,-0.001994273,0.009391988,0.534754883,-6.772322389,-5.513026537,-0.696050919,-0.001994273,0.009391988,7.951805,-89.800995,-61.359985,-7.3920608,-0.021996826,0.1077261
19.53333435,0.73162025,-1.4145579,1.065568,0.00100822,1.1696126,-0.46498036,1.4833835,0.30303478,-0.15701284,-0.002863208,-0.52997893,0.29806626,-0.120572909,-6.672694349,-5.48815286,-0.69816364,0.087886071,0.006886493,-0.120572909,-6.672694349,-5.48815286,-0.69816364,0.087886071,0.006886493,-1.7929192,-88.47993,-61.08314,-7.414498,0.96938336,0.078988075
19.53333435,0.73162025,-1.4145579,1.065568,0.00100822,1.1696126,-0.46498036,1.4833835,0.30303478,-0.15701284,-0.002863208,-0.52997893,0.29806626,-0.120572909,-6.672694349,-5.48815286,-0.69816364,0.087886071,0.006886493,-0.120572909,-6.672694349,-5.48815286,-0.69816364,0.087886071,0.006886493,-1.7929192,-88.47993,-61.08314,-7.414498,0.96938336,0.078988075
19.53333435,0.73162025,-1.4145579,1.065568,0.00100822,1.1696126,-0.46498036,1.4833835,0.30303478,-0.15701284,-0.002863208,-0.52997893,0.29806626,-0.120572909,-6.672694349,-5.48815286,-0.69816364,0.087886071,0.006886493,-0.120572909,-6.672694349,-5.48815286,-0.69816364,0.087886071,0.006886493,-1.7929192,-88.47993,-61.08314,-7.414498,0.96938336,0.078988075
19.55000102,0.75643533,-1.4094049,1.0631769,0.000683693,1.1606464,-0.45995355,1.4902183,0.2968404,-0.15639545,-0.019356545,-0.53784406,0.30158427,0.497603657,-6.848177327,-5.517334094,-0.690932911,0.004210759,0.00944042,0.497603657,-6.848177327,-5.517334094,-0.690932911,0.004210759,0.00944042,7.3993664,-90.80683,-61.40793,-7.3377075,0.04644467,0.10828161
19.55000102,0.75643533,-1.4094049,1.0631769,0.000683693,1.1606464,-0.45995355,1.4902183,0.2968404,-0.15639545,-0.019356545,-0.53784406,0.30158427,0.497603657,-6.848177327,-5.517334094,-0.690932911,0.004210759,0.00944042,0.497603657,-6.848177327,-5.517334094,-0.690932911,0.004210759,0.00944042,7.3993664,-90.80683,-61.40793,-7.3377075,0.04644467,0.10828161
19.56666769,0.7813457,-1.4043558,1.060793,8.08E-05,1.1515535,-0.45486242,1.495728,0.2904978,-0.15587519,-0.0361394,-0.545369,0.30542436,0.465659351,-6.901687231,-5.52508996,-0.687702362,0.008928357,0.009359312,0.465659351,-6.901687231,-5.52508996,-0.687702362,0.008928357,0.009359312,6.9243546,-91.51637,-61.49425,-7.303399,0.09847978,0.1073513
19.58333435,0.80590385,-1.3994422,1.0584474,-0.000615332,1.1425494,-0.4498207,1.4738157,0.28241006,-0.15334025,-0.04412465,-0.5401819,0.30252674,-0.179267811,-6.777412104,-5.484911909,-0.688336394,0.095386345,0.006988304,-0.179267811,-6.777412104,-5.484911909,-0.688336394,0.095386345,0.006988304,-2.6657124,-89.868484,-61.04707,-7.3101325,1.0521114,0.08015585
19.58333435,0.80590385,-1.3994422,1.0584474,-0.000615332,1.1425494,-0.4498207,1.4738157,0.28241006,-0.15334025,-0.04412465,-0.5401819,0.30252674,-0.179267811,-6.777412104,-5.484911909,-0.688336394,0.095386345,0.006988304,-0.179267811,-6.777412104,-5.484911909,-0.688336394,0.095386345,0.006988304,-2.6657124,-89.868484,-61.04707,-7.3101325,1.0521114,0.08015585
19.60000102,0.8305206,-1.3946334,1.0561105,-0.001635022,1.1334224,-0.44470328,1.4781599,0.27602136,-0.1530479,-0.061339557,-0.5474871,0.30702716,0.425635686,-6.965598082,-5.527887404,-0.683786011,0.015685632,0.009415725,0.425635686,-6.965598082,-5.527887404,-0.683786011,0.015685632,0.009415725,6.3292027,-92.36383,-61.525387,-7.2618074,0.17301252,0.10799837
19.60000102,0.8305206,-1.3946334,1.0561105,-0.001635022,1.1334224,-0.44470328,1.4781599,0.27602136,-0.1530479,-0.061339557,-0.5474871,0.30702716,0.425635686,-6.965598082,-5.527887404,-0.683786011,0.015685632,0.009415725,0.425635686,-6.965598082,-5.527887404,-0.683786011,0.015685632,0.009415725,6.3292027,-92.36383,-61.525387,-7.2618074,0.17301252,0.10799837
19.61666769,0.85519135,-1.3899318,1.0537766,-0.002944361,1.1241789,-0.43950495,1.4811932,0.26950416,-0.1528582,-0.07881764,-0.5544384,0.31186408,0.391594964,-7.011908392,-5.5344262,-0.681200719,0.020721093,0.009342267,0.391594964,-7.011908392,-5.5344262,-0.681200719,0.020721093,0.009342267,5.823017,-92.977905,-61.598164,-7.2343516,0.22855365,0.1071558
19.61666769,0.85519135,-1.3899318,1.0537766,-0.002944361,1.1241789,-0.43950495,1.4811932,0.26950416,-0.1528582,-0.07881764,-0.5544384,0.31186408,0.391594964,-7.011908392,-5.5344262,-0.681200719,0.020721093,0.009342267,0.391594964,-7.011908392,-5.5344262,-0.681200719,0.020721093,0.009342267,5.823017,-92.977905,-61.598164,-7.2343516,0.22855365,0.1071558
19.63333436,0.87949204,-1.385363,1.0514773,-0.004340261,1.1150303,-0.4343494,1.458292,0.26167628,-0.15053806,-0.0864595,-0.54881454,0.30936277,-0.237893321,-6.863802051,-5.478969824,-0.680289475,0.103312088,0.007104167,-0.237893321,-6.863802051,-5.478969824,-0.680289475,0.103312088,0.007104167,-3.5374737,-91.014015,-60.980934,-7.224674,1.1395323,0.081484795
19.63333436,0.87949204,-1.385363,1.0514773,-0.004340261,1.1150303,-0.4343494,1.458292,0.26167628,-0.15053806,-0.0864595,-0.54881454,0.30936277,-0.237893321,-6.863802051,-5.478969824,-0.680289475,0.103312088,0.007104167,-0.237893321,-6.863802051,-5.478969824,-0.680289475,0.103312088,0.007104167,-3.5374737,-91.014015,-60.980934,-7.224674,1.1395323,0.081484795
19.65000102,0.90381145,-1.3808999,1.0491817,-0.006071216,1.1057692,-0.42910132,1.4601746,0.25513405,-0.1505863,-0.10435142,-0.55552095,0.3148838,0.349332377,-7.06416284,-5.535906494,-0.678537974,0.028100699,0.00940342,0.349332377,-7.06416284,-5.535906494,-0.678537974,0.028100699,0.00940342,5.1945724,-93.6708,-61.61464,-7.2060733,0.3099507,0.10785723
19.65000102,0.90381145,-1.3808999,1.0491817,-0.006071216,1.1057692,-0.42910132,1.4601746,0.25513405,-0.1505863,-0.10435142,-0.55552095,0.3148838,0.349332377,-7.06416284,-5.535906494,-0.678537974,0.028100699,0.00940342,0.349332377,-7.06416284,-5.535906494,-0.678537974,0.028100699,0.00940342,5.1945724,-93.6708,-61.61464,-7.2060733,0.3099507,0.10785723
19.66666769,0.9281439,-1.3765466,1.046883,-0.008102317,1.0964009,-0.42375475,1.4607649,0.24848144,-0.15074246,-0.1224785,-0.5618596,0.32075256,0.31357889,-7.103429481,-5.541355034,-0.676634397,0.033487967,0.009335324,0.31357889,-7.103429481,-5.541355034,-0.676634397,0.033487967,0.009335324,4.662918,-94.191475,-61.67528,-7.1858573,0.36937228,0.10707617
19.68333436,0.95209086,-1.3723218,1.0446161,-0.010212882,1.0871365,-0.41844493,1.4369904,0.24093443,-0.14862828,-0.12973782,-0.5558046,0.31862321,-0.295500637,-6.932382598,-5.470611079,-0.674084575,0.111794753,0.00722955,-0.295500637,-6.932382598,-5.470611079,-0.674084575,0.111794753,0.00722955,-4.3940945,-91.92339,-60.8879,-7.158778,1.2330961,0.082922935
19.68333436,0.95209086,-1.3723218,1.0446161,-0.010212882,1.0871365,-0.41844493,1.4369904,0.24093443,-0.14862828,-0.12973782,-0.5558046,0.31862321,-0.295500637,-6.932382598,-5.470611079,-0.674084575,0.111794753,0.00722955,-0.295500637,-6.932382598,-5.470611079,-0.674084575,0.111794753,0.00722955,-4.3940945,-91.92339,-60.8879,-7.158778,1.2330961,0.082922935
19.70000103,0.97601736,-1.3682044,1.0423477,-0.012668797,1.0777686,-0.4130252,1.4364527,0.23427626,-0.14902873,-0.1482582,-0.5618822,0.32519323,0.269728983,-7.144543057,-5.541686806,-0.675233564,0.041555799,0.009397974,0.269728983,-7.144543057,-5.541686806,-0.675233564,0.041555799,0.009397974,4.01087,-94.73664,-61.678974,-7.1709805,0.45836046,0.10779476
19.70000103,0.97601736,-1.3682044,1.0423477,-0.012668797,1.0777686,-0.4130252,1.4364527,0.23427626,-0.14902873,-0.1482582,-0.5618822,0.32519323,0.269728983,-7.144543057,-5.541686806,-0.675233564,0.041555799,0.009397974,0.269728983,-7.144543057,-5.541686806,-0.675233564,0.041555799,0.009397974,4.01087,-94.73664,-61.678974,-7.1709805,0.45836046,0.10779476
19.70000103,0.97601736,-1.3682044,1.0423477,-0.012668797,1.0777686,-0.4130252,1.4364527,0.23427626,-0.14902873,-0.1482582,-0.5618822,0.32519323,0.269728983,-7.144543057,-5.541686806,-0.675233564,0.041555799,0.009397974,0.269728983,-7.144543057,-5.541686806,-0.675233564,0.041555799,0.009397974,4.01087,-94.73664,-61.678974,-7.1709805,0.45836046,0.10779476
19.71666769,0.99991703,-1.3641989,1.040071,-0.015434444,1.0683045,-0.40748936,1.4346472,0.22752962,-0.1495406,-0.16698393,-0.5675725,0.33211783,0.232694609,-7.176711369,-5.546005331,-0.67401516,0.0473233,0.009333786,0.232694609,-7.176711369,-5.546005331,-0.67401516,0.0473233,0.009333786,3.4601688,-95.16319,-61.72704,-7.158041,0.521976,0.107058525
19.73333436,1.023417,-1.3603177,1.0378213,-0.018272152,1.058952,-0.40198442,1.4101167,0.22028321,-0.14762494,-0.17382136,-0.5610985,0.33033106,-0.351255375,-6.983963864,-5.460176357,-0.669740373,0.120975327,0.007358965,-0.351255375,-6.983963864,-5.460176357,-0.669740373,0.120975327,0.007358965,-5.2231674,-92.60736,-60.771763,-7.112643,1.3343579,0.08440733
19.73333436,1.023417,-1.3603177,1.0378213,-0.018272152,1.058952,-0.40198442,1.4101167,0.22028321,-0.14762494,-0.17382136,-0.5610985,0.33033106,-0.351255375,-6.983963864,-5.460176357,-0.669740373,0.120975327,0.007358965,-0.351255375,-6.983963864,-5.460176357,-0.669740373,0.120975327,0.007358965,-5.2231674,-92.60736,-60.771763,-7.112643,1.3343579,0.08440733
19.75000103,1.0468585,-1.356545,1.0355656,-0.02146416,1.0495067,-0.39635202,1.407213,0.21355137,-0.14838341,-0.19291776,-0.56651103,0.33797014,0.187951443,-7.207140915,-5.545241021,-0.673844765,0.056142117,0.009394773,0.187951443,-7.207140915,-5.545241021,-0.673844765,0.056142117,0.009394773,2.794838,-95.56669,-61.718533,-7.1562314,0.61924756,0.107758045
19.75000103,1.0468585,-1.356545,1.0355656,-0.02146416,1.0495067,-0.39635202,1.407213,0.21355137,-0.14838341,-0.19291776,-0.56651103,0.33797014,0.187951443,-7.207140915,-5.545241021,-0.673844765,0.056142117,0.009394773,0.187951443,-7.207140915,-5.545241021,-0.673844765,0.056142117,0.009394773,2.794838,-95.56669,-61.718533,-7.1562314,0.61924756,0.107758045
19.7666677,1.0702344,-1.3528842,1.0332954,-0.024974499,1.0399768,-0.3905854,1.4030707,0.20675331,-0.1492574,-0.2121867,-0.57152456,0.34596735,0.150041638,-7.23243069,-5.548497737,-0.67330875,0.062318261,0.009332664,0.150041638,-7.23243069,-5.548497737,-0.67330875,0.062318261,0.009332664,2.2311192,-95.90203,-61.75478,-7.150539,0.6873704,0.10704565
19.78333437,1.093199,-1.3493431,1.0310493,-0.028549215,1.0305631,-0.38484466,1.3779045,0.19982383,-0.14752701,-0.21856324,-0.56464773,0.344489,-0.404310194,-7.019444576,-5.44786856,-0.667210802,0.130981731,0.007487549,-0.404310194,-7.019444576,-5.44786856,-0.667210802,0.130981731,0.007487549,-6.0120926,-93.077835,-60.634777,-7.0857787,1.4447285,0.08588219
19.78333437,1.093199,-1.3493431,1.0310493,-0.028549215,1.0305631,-0.38484466,1.3779045,0.19982383,-0.14752701,-0.21856324,-0.56464773,0.344489,-0.404310194,-7.019444576,-5.44786856,-0.667210802,0.130981731,0.007487549,-0.404310194,-7.019444576,-5.44786856,-0.667210802,0.130981731,0.007487549,-6.0120926,-93.077835,-60.634777,-7.0857787,1.4447285,0.08588219
19.78333437,1.093199,-1.3493431,1.0310493,-0.028549215,1.0305631,-0.38484466,1.3779045,0.19982383,-0.14752701,-0.21856324,-0.56464773,0.344489,-0.404310194,-7.019444576,-5.44786856,-0.667210802,0.130981731,0.007487549,-0.404310194,-7.019444576,-5.44786856,-0.667210802,0.130981731,0.007487549,-6.0120926,-93.077835,-60.634777,-7.0857787,1.4447285,0.08588219
19.80000103,1.1160676,-1.3459104,1.0287917,-0.0324857,1.0210687,-0.37895766,1.372695,0.19305877,-0.1486488,-0.23817876,-0.5693657,0.35320726,0.104898531,-7.252912104,-5.546798432,-0.674323084,0.071965881,0.009388163,0.104898531,-7.252912104,-5.546798432,-0.674323084,0.071965881,0.009388163,1.5598412,-96.173615,-61.735867,-7.161311,0.79378366,0.10768223
19.80000103,1.1160676,-1.3459104,1.0287917,-0.0324857,1.0210687,-0.37895766,1.372695,0.19305877,-0.1486488,-0.23817876,-0.5693657,0.35320726,0.104898531,-7.252912104,-5.546798432,-0.674323084,0.071965881,0.009388163,0.104898531,-7.252912104,-5.546798432,-0.674323084,0.071965881,0.009388163,1.5598412,-96.173615,-61.735867,-7.161311,0.79378366,0.10768223
19.8166677,1.1388321,-1.34259,1.0265137,-0.0367481,1.0115025,-0.37291917,1.3662881,0.18624769,-0.14988694,-0.2579331,-0.5736732,0.3622802,0.066755406,-7.271704235,-5.549035154,-0.674432684,0.07854699,0.009327384,0.066755406,-7.271704235,-5.549035154,-0.674432684,0.07854699,0.009327384,0.9926529,-96.4228,-61.76076,-7.162475,0.8663733,0.10698509
19.83333437,1.161176,-1.3393846,1.0242572,-0.041066963,1.0020595,-0.36690208,1.3406091,0.17965128,-0.1483285,-0.2638112,-0.56640834,0.3610716,-0.453956414,-7.039824151,-5.433864885,-0.666411628,0.141939259,0.007611892,-0.453956414,-7.039824151,-5.433864885,-0.666411628,0.141939259,0.007611892,-6.750332,-93.34807,-60.478916,-7.0772915,1.56559,0.08730841
19.83333437,1.161176,-1.3393846,1.0242572,-0.041066963,1.0020595,-0.36690208,1.3406091,0.17965128,-0.1483285,-0.2638112,-0.56640834,0.3610716,-0.453956414,-7.039824151,-5.433864885,-0.666411628,0.141939259,0.007611892,-0.453956414,-7.039824151,-5.433864885,-0.666411628,0.141939259,0.007611892,-6.750332,-93.34807,-60.478916,-7.0772915,1.56559,0.08730841
19.85000104,1.1833881,-1.336287,1.0219836,-0.045753516,0.9925484,-0.36072132,1.3331742,0.17289351,-0.14981574,-0.2838852,-0.5704097,0.37087014,0.021914628,-7.282881356,-5.546429644,-0.676548459,0.089057883,0.009375068,0.021914628,-7.282881356,-5.546429644,-0.676548459,0.089057883,0.009375068,0.3258705,-96.57101,-61.731762,-7.1849446,0.98230845,0.107532024
19.85000104,1.1833881,-1.336287,1.0219836,-0.045753516,0.9925484,-0.36072132,1.3331742,0.17289351,-0.14981574,-0.2838852,-0.5704097,0.37087014,0.021914628,-7.282881356,-5.546429644,-0.676548459,0.089057883,0.009375068,0.021914628,-7.282881356,-5.546429644,-0.676548459,0.089057883,0.009375068,0.3258705,-96.57101,-61.731762,-7.1849446,0.98230845,0.107532024
19.8666677,1.2054601,-1.3333017,1.019684,-0.050772432,0.9829759,-0.35437056,1.3245835,0.166111,-0.15141758,-0.3040626,-0.5739945,0.38101766,-0.016152306,-7.29537377,-5.547599073,-0.677255857,0.096071631,0.009313124,-0.016152306,-7.29537377,-5.547599073,-0.677255857,0.096071631,0.009313124,-0.24018478,-96.73666,-61.744778,-7.192457,1.0596701,0.10682154
19.8666677,1.2054601,-1.3333017,1.019684,-0.050772432,0.9829759,-0.35437056,1.3245835,0.166111,-0.15141758,-0.3040626,-0.5739945,0.38101766,-0.016152306,-7.29537377,-5.547599073,-0.677255857,0.096071631,0.009313124,-0.016152306,-7.29537377,-5.547599073,-0.677255857,0.096071631,0.009313124,-0.24018478,-96.73666,-61.744778,-7.192457,1.0596701,0.10682154
19.88333437,1.2271031,-1.3304261,1.0174037,-0.055839688,0.97353315,-0.34803757,1.29851,0.1598627,-0.15001664,-0.30940548,-0.5663606,0.38003623,-0.499668134,-7.046171623,-5.41828392,-0.667219467,0.153964396,0.0077263,-0.499668134,-7.046171623,-5.41828392,-0.667219467,0.153964396,0.0077263,-7.430065,-93.432236,-60.3055,-7.0858707,1.6982273,0.08862066
19.88333437,1.2271031,-1.3304261,1.0174037,-0.055839688,0.97353315,-0.34803757,1.29851,0.1598627,-0.15001664,-0.30940548,-0.5663606,0.38003623,-0.499668134,-7.046171623,-5.41828392,-0.667219467,0.153964396,0.0077263,-0.499668134,-7.046171623,-5.41828392,-0.667219467,0.153964396,0.0077263,-7.430065,-93.432236,-60.3055,-7.0858707,1.6982273,0.08862066
19.90000104,1.2485799,-1.3276567,1.0151006,-0.061278954,0.9640345,-0.34152287,1.2889365,0.15315346,-0.15186752,-0.32987434,-0.5696254,0.39090538,-0.060120091,-7.29798422,-5.544107579,-0.680368589,0.1074821,0.009350706,-0.060120091,-7.29798422,-5.544107579,-0.680368589,0.1074821,0.009350706,-0.89398575,-96.77127,-61.705917,-7.2255144,1.1855276,0.1072526
19.90000104,1.2485799,-1.3276567,1.0151006,-0.061278954,0.9640345,-0.34152287,1.2889365,0.15315346,-0.15186752,-0.32987434,-0.5696254,0.39090538,-0.060120091,-7.29798422,-5.544107579,-0.680368589,0.1074821,0.009350706,-0.060120091,-7.29798422,-5.544107579,-0.680368589,0.1074821,0.009350706,-0.89398575,-96.77127,-61.705917,-7.2255144,1.1855276,0.1072526
19.91666771,1.269882,-1.3249983,1.0127664,-0.06705588,0.95448714,-0.33482057,1.278253,0.14643839,-0.15382975,-0.3504096,-0.5724681,0.40211105,-0.097686521,-7.304657926,-5.544260441,-0.681616762,0.114931092,0.009285894,-0.097686521,-7.304657926,-5.544260441,-0.681616762,0.114931092,0.009285894,-1.4525986,-96.859764,-61.70762,-7.23877,1.26769,0.10650921
19.93333437,1.2907494,-1.3224441,1.0104475,-0.07287287,0.94507533,-0.32813308,1.2519089,0.14054935,-0.1525729,-0.3551807,-0.5644876,0.40131104,-0.540708966,-7.039907004,-5.401310745,-0.669475958,0.167114856,0.007828402,-0.540708966,-7.039907004,-5.401310745,-0.669475958,0.167114856,0.007828402,-8.040342,-93.34917,-60.11659,-7.1098347,1.8432769,0.089791775
19.93333437,1.2907494,-1.3224441,1.0104475,-0.07287287,0.94507533,-0.32813308,1.2519089,0.14054935,-0.1525729,-0.3551807,-0.5644876,0.40131104,-0.540708966,-7.039907004,-5.401310745,-0.669475958,0.167114856,0.007828402,-0.540708966,-7.039907004,-5.401310745,-0.669475958,0.167114856,0.007828402,-8.040342,-93.34917,-60.11659,-7.1098347,1.8432769,0.089791775
19.95000104,1.3114177,-1.3199947,1.0081017,-0.079064466,0.93561953,-0.32124624,1.2402928,0.13392681,-0.15477936,-0.37597698,-0.56700176,0.41323045,-0.14023566,-7.299416313,-5.539803449,-0.685589417,0.127251302,0.009311004,-0.14023566,-7.299416313,-5.539803449,-0.685589417,0.127251302,0.009311004,-2.0853043,-96.79026,-61.658012,-7.2809596,1.4035819,0.10679722
19.95000104,1.3114177,-1.3199947,1.0081017,-0.079064466,0.93561953,-0.32124624,1.2402928,0.13392681,-0.15477936,-0.37597698,-0.56700176,0.41323045,-0.14023566,-7.299416313,-5.539803449,-0.685589417,0.127251302,0.009311004,-0.14023566,-7.299416313,-5.539803449,-0.685589417,0.127251302,0.009311004,-2.0853043,-96.79026,-61.658012,-7.2809596,1.4035819,0.10679722
19.95000104,1.3114177,-1.3199947,1.0081017,-0.079064466,0.93561953,-0.32124624,1.2402928,0.13392681,-0.15477936,-0.37597698,-0.56700176,0.41323045,-0.14023566,-7.299416313,-5.539803449,-0.685589417,0.127251302,0.009311004,-0.14023566,-7.299416313,-5.539803449,-0.685589417,0.127251302,0.009311004,-2.0853043,-96.79026,-61.658012,-7.2809596,1.4035819,0.10679722
19.96666771,1.3318776,-1.3176547,1.0057194,-0.08559779,0.92612773,-0.3141547,1.2276173,0.12731925,-0.15709572,-0.39680198,-0.5690885,0.4254718,-0.176907933,-7.300611355,-5.538919523,-0.687310027,0.135132106,0.009242992,-0.176907933,-7.300611355,-5.538919523,-0.687310027,0.135132106,0.009242992,-2.630621,-96.80611,-61.648174,-7.2992325,1.4905071,0.10601711
19.98333438,1.3518994,-1.3154136,1.0033501,-0.09216282,0.91677684,-0.3070758,1.2011245,0.121800825,-0.155965,-0.40096787,-0.5607868,0.4248019,-0.576707831,-7.022058478,-5.382848364,-0.672980486,0.181448643,0.007914374,-0.576707831,-7.022058478,-5.382848364,-0.672980486,0.181448643,0.007914374,-8.575645,-93.112495,-59.911102,-7.147053,2.0013785,0.090777874
19.98333438,1.3518994,-1.3154136,1.0033501,-0.09216282,0.91677684,-0.3070758,1.2011245,0.121800825,-0.155965,-0.40096787,-0.5607868,0.4248019,-0.576707831,-7.022058478,-5.382848364,-0.672980486,0.181448643,0.007914374,-0.576707831,-7.022058478,-5.382848364,-0.672980486,0.181448643,0.007914374,-8.575645,-93.112495,-59.911102,-7.147053,2.0013785,0.090777874
20.00000104,1.3716904,-1.313274,1.0009482,-0.099103294,0.9073946,-0.2997804,1.1875694,0.115305305,-0.1585211,-0.42202237,-0.5625397,0.43774274,-0.217615524,-7.288261057,-5.533456588,-0.692005301,0.148362348,0.009253717,-0.217615524,-7.288261057,-5.533456588,-0.692005301,0.148362348,0.009253717,-3.2359428,-96.64234,-61.58737,-7.3490963,1.6364367,0.10614014
20.00000104,1.3716904,-1.313274,1.0009482,-0.099103294,0.9073946,-0.2997804,1.1875694,0.115305305,-0.1585211,-0.42202237,-0.5625397,0.43774274,-0.217615524,-7.288261057,-5.533456588,-0.692005301,0.148362348,0.009253717,-0.217615524,-7.288261057,-5.533456588,-0.692005301,0.148362348,0.009253717,-3.2359428,-96.64234,-61.58737,-7.3490963,1.6364367,0.10614014
20.01666771,1.3912413,-1.3112416,0.9985041,-0.10638839,0.8979896,-0.29226354,1.1730157,0.10884222,-0.1611803,-0.4430666,-0.56386274,0.45098418,-0.252826822,-7.284521733,-5.531506054,-0.694105046,0.156632944,0.009182545,-0.252826822,-7.284521733,-5.531506054,-0.694105046,0.156632944,0.009182545,-3.7595348,-96.59276,-61.565662,-7.3713956,1.7276614,0.10532379
20.03333438,1.4103532,-1.309302,0.9960714,-0.11369667,0.88873,-0.28475827,1.146493,0.10370227,-0.1601561,-0.44659308,-0.5552665,0.4503911,-0.607287747,-6.993980465,-5.362915971,-0.677521395,0.196977237,0.007982595,-0.607287747,-6.993980465,-5.362915971,-0.677521395,0.196977237,0.007982595,-9.030369,-92.74018,-59.689255,-7.195277,2.172659,0.091560364
20.03333438,1.4103532,-1.309302,0.9960714,-0.11369667,0.88873,-0.28475827,1.146493,0.10370227,-0.1601561,-0.44659308,-0.5552665,0.4503911,-0.607287747,-6.993980465,-5.362915971,-0.677521395,0.196977237,0.007982595,-0.607287747,-6.993980465,-5.362915971,-0.677521395,0.196977237,0.007982595,-9.030369,-92.74018,-59.689255,-7.195277,2.172659,0.091560364
20.03333438,1.4103532,-1.309302,0.9960714,-0.11369667,0.88873,-0.28475827,1.146493,0.10370227,-0.1601561,-0.44659308,-0.5552665,0.4503911,-0.607287747,-6.993980465,-5.362915971,-0.677521395,0.196977237,0.007982595,-0.607287747,-6.993980465,-5.362915971,-0.677521395,0.196977237,0.007982595,-9.030369,-92.74018,-59.689255,-7.195277,2.172659,0.091560364
20.05000105,1.4292053,-1.3074611,0.99360144,-0.121379495,0.8794519,-0.2770202,1.1311163,0.09736922,-0.16304907,-0.46783307,-0.55625176,0.4643138,-0.291213399,-7.2659212,-5.524993307,-0.69937019,0.170735803,0.00917872,-0.291213399,-7.2659212,-5.524993307,-0.69937019,0.170735803,0.00917872,-4.3303432,-96.346115,-61.493176,-7.4273114,1.8832159,0.10527992
20.05000105,1.4292053,-1.3074611,0.99360144,-0.121379495,0.8794519,-0.2770202,1.1311163,0.09736922,-0.16304907,-0.46783307,-0.55625176,0.4643138,-0.291213399,-7.2659212,-5.524993307,-0.69937019,0.170735803,0.00917872,-0.291213399,-7.2659212,-5.524993307,-0.69937019,0.170735803,0.00917872,-4.3303432,-96.346115,-61.493176,-7.4273114,1.8832159,0.10527992
20.06666771,1.447788,-1.3057249,0.9910839,-0.1294085,0.87016356,-0.2690446,1.1147985,0.091087334,-0.16603921,-0.48902288,-0.5568093,0.47851232,-0.324841482,-7.25757432,-5.521918586,-0.701766005,0.179388138,0.009102268,-0.324841482,-7.25757432,-5.521918586,-0.701766005,0.179388138,0.009102268,-4.830393,-96.235435,-61.458954,-7.452755,1.9786512,0.10440302
20.08333438,1.4659318,-1.3040752,0.9885759,-0.13745219,0.8610254,-0.26108032,1.0883626,0.08633262,-0.16510367,-0.49188027,-0.54794604,0.47794116,-0.632197567,-6.956942804,-5.341502256,-0.682879662,0.213680285,0.008031152,-0.632197567,-6.956942804,-5.341502256,-0.682879662,0.213680285,0.008031152,-9.400778,-92.24906,-59.45092,-7.252182,2.3568935,0.09211731
20.08333438,1.4659318,-1.3040752,0.9885759,-0.13745219,0.8610254,-0.26108032,1.0883626,0.08633262,-0.16510367,-0.49188027,-0.54794604,0.47794116,-0.632197567,-6.956942804,-5.341502256,-0.682879662,0.213680285,0.008031152,-0.632197567,-6.956942804,-5.341502256,-0.682879662,0.213680285,0.008031152,-9.400778,-92.24906,-59.45092,-7.252182,2.3568935,0.09211731
20.10000105,1.4837872,-1.3025204,0.98602635,-0.1458677,0.8518818,-0.2528676,1.0712823,0.08019905,-0.16831906,-0.5132311,-0.5481658,0.49279502,-0.360522754,-7.233369692,-5.514199393,-0.70743453,0.194305933,0.009084143,-0.360522754,-7.233369692,-5.514199393,-0.70743453,0.194305933,0.009084143,-5.3609734,-95.91448,-61.37304,-7.5129547,2.1431944,0.10419512
20.10000105,1.4837872,-1.3025204,0.98602635,-0.1458677,0.8518818,-0.2528676,1.0712823,0.08019905,-0.16831906,-0.5132311,-0.5481658,0.49279502,-0.360522754,-7.233369692,-5.514199393,-0.70743453,0.194305933,0.009084143,-0.360522754,-7.233369692,-5.514199393,-0.70743453,0.194305933,0.009084143,-5.3609734,-95.91448,-61.37304,-7.5129547,2.1431944,0.10419512
20.11666772,1.5013463,-1.3010668,0.98342425,-0.15462969,0.8427406,-0.24440229,1.053325,0.074133426,-0.17162463,-0.53449106,-0.5479599,0.50789654,-0.392136128,-7.220990625,-5.509999456,-0.710031542,0.203280868,0.0090037,-0.392136128,-7.220990625,-5.509999456,-0.710031542,0.203280868,0.0090037,-5.831064,-95.750336,-61.326294,-7.540535,2.242188,0.10327244
20.11666772,1.5013463,-1.3010668,0.98342425,-0.15462969,0.8427406,-0.24440229,1.053325,0.074133426,-0.17162463,-0.53449106,-0.5479599,0.50789654,-0.392136128,-7.220990625,-5.509999456,-0.710031542,0.203280868,0.0090037,-0.392136128,-7.220990625,-5.509999456,-0.710031542,0.203280868,0.0090037,-5.831064,-95.750336,-61.326294,-7.540535,2.242188,0.10327244
20.13333438,1.5184691,-1.2996937,0.9808299,-0.1633979,0.83375335,-0.23594898,1.0270939,0.06976725,-0.17075863,-0.5366502,-0.538862,0.507288,-0.651116362,-6.91230164,-5.318566431,-0.688817497,0.231475843,0.008060751,-0.651116362,-6.91230164,-5.318566431,-0.688817497,0.231475843,0.008060751,-9.6821,-91.65712,-59.195644,-7.315242,2.5531785,0.09245682
20.13333438,1.5184691,-1.2996937,0.9808299,-0.1633979,0.83375335,-0.23594898,1.0270939,0.06976725,-0.17075863,-0.5366502,-0.538862,0.507288,-0.651116362,-6.91230164,-5.318566431,-0.688817497,0.231475843,0.008060751,-0.651116362,-6.91230164,-5.318566431,-0.688817497,0.231475843,0.008060751,-9.6821,-91.65712,-59.195644,-7.315242,2.5531785,0.09245682
20.15000105,1.5352792,-1.2984117,0.97818995,-0.17253335,0.82477313,-0.22723268,1.0084385,0.063866735,-0.17427973,-0.5580348,-0.5383196,0.5230149,-0.424768593,-7.191961527,-5.500985734,-0.715939967,0.218926639,0.008971107,-0.424768593,-7.191961527,-5.500985734,-0.715939967,0.218926639,0.008971107,-6.316309,-95.36541,-61.22597,-7.6032825,2.4147608,0.1028986
20.15000105,1.5352792,-1.2984117,0.97818995,-0.17253335,0.82477313,-0.22723268,1.0084385,0.063866735,-0.17427973,-0.5580348,-0.5383196,0.5230149,-0.424768593,-7.191961527,-5.500985734,-0.715939967,0.218926639,0.008971107,-0.424768593,-7.191961527,-5.500985734,-0.715939967,0.218926639,0.008971107,-6.316309,-95.36541,-61.22597,-7.6032825,2.4147608,0.1028986
20.16666772,1.5517668,-1.2972264,0.9754929,-0.18201427,0.8158078,-0.2182498,0.9889695,0.058051236,-0.17788239,-0.5792876,-0.5373579,0.5389557,-0.454203202,-7.175891468,-5.495561187,-0.71863944,0.228174967,0.008886798,-0.454203202,-7.175891468,-5.495561187,-0.71863944,0.228174967,0.008886798,-6.7540016,-95.15232,-61.165596,-7.631951,2.51677,0.10193157
20.18333439,1.5678226,-1.2961152,0.97280204,-0.19149299,0.80700016,-0.20928061,0.9630537,0.054075558,-0.1770664,-0.58072126,-0.52805734,0.53825074,-0.664059011,-6.86121289,-5.294015615,-0.695099579,0.250271441,0.008071643,-0.664059011,-6.86121289,-5.294015615,-0.695099579,0.250271441,0.008071643,-9.8745575,-90.97968,-58.922394,-7.3819575,2.760494,0.09258175
20.18333439,1.5678226,-1.2961152,0.97280204,-0.19149299,0.80700016,-0.20928061,0.9630537,0.054075558,-0.1770664,-0.58072126,-0.52805734,0.53825074,-0.664059011,-6.86121289,-5.294015615,-0.695099579,0.250271441,0.008071643,-0.664059011,-6.86121289,-5.294015615,-0.695099579,0.250271441,0.008071643,-9.8745575,-90.97968,-58.922394,-7.3819575,2.760494,0.09258175
20.20000105,1.5835425,-1.2950902,0.9700622,-0.2013326,0.7982121,-0.20003493,0.94295293,0.04843964,-0.18087345,-0.6020612,-0.5267637,0.55478144,-0.4835039,-7.142820401,-5.485176505,-0.724626171,0.244437254,0.008841442,-0.4835039,-7.142820401,-5.485176505,-0.724626171,0.244437254,0.008841442,-7.189703,-94.7138,-61.050014,-7.69553,2.696143,0.10141134
20.20000105,1.5835425,-1.2950902,0.9700622,-0.2013326,0.7982121,-0.20003493,0.94295293,0.04843964,-0.18087345,-0.6020612,-0.5267637,0.55478144,-0.4835039,-7.142820401,-5.485176505,-0.724626171,0.244437254,0.008841442,-0.4835039,-7.142820401,-5.485176505,-0.724626171,0.244437254,0.008841442,-7.189703,-94.7138,-61.050014,-7.69553,2.696143,0.10141134
20.20000105,1.5835425,-1.2950902,0.9700622,-0.2013326,0.7982121,-0.20003493,0.94295293,0.04843964,-0.18087345,-0.6020612,-0.5267637,0.55478144,-0.4835039,-7.142820401,-5.485176505,-0.724626171,0.244437254,0.008841442,-0.4835039,-7.142820401,-5.485176505,-0.724626171,0.244437254,0.008841442,-7.189703,-94.7138,-61.050014,-7.69553,2.696143,0.10141134
20.21666772,1.5989168,-1.2941576,0.9672608,-0.21151544,0.7894515,-0.19050986,0.9221083,0.042903192,-0.18475373,-0.6232287,-0.5250576,0.5714898,-0.510399568,-7.123691104,-5.478567105,-0.727336824,0.253874069,0.008754597,-0.510399568,-7.123691104,-5.478567105,-0.727336824,0.253874069,0.008754597,-7.5896416,-94.460144,-60.97645,-7.724317,2.800231,0.10041523
20.23333439,1.6138659,-1.2932932,0.9644644,-0.22168769,0.78085107,-0.1810012,0.8966157,0.03931748,-0.18396859,-0.6239118,-0.5155895,0.5706265,-0.670981006,-6.804898637,-5.267785716,-0.701491846,0.269918018,0.008064784,-0.670981006,-6.804898637,-5.267785716,-0.701491846,0.269918018,0.008064784,-9.977488,-90.232956,-58.630455,-7.4498434,2.9771957,0.09250307
20.23333439,1.6138659,-1.2932932,0.9644644,-0.22168769,0.78085107,-0.1810012,0.8966157,0.03931748,-0.18396859,-0.6239118,-0.5155895,0.5706265,-0.670981006,-6.804898637,-5.267785716,-0.701491846,0.269918018,0.008064784,-0.670981006,-6.804898637,-5.267785716,-0.701491846,0.269918018,0.008064784,-9.977488,-90.232956,-58.630455,-7.4498434,2.9771957,0.09250307
20.25000106,1.6284573,-1.2925098,0.96161544,-0.2322128,0.77228236,-0.1712039,0.87520635,0.033976883,-0.18804039,-0.6451281,-0.5135588,0.5878839,-0.536194951,-7.087036064,-5.466585596,-0.733230478,0.270620737,0.008698641,-0.536194951,-7.087036064,-5.466585596,-0.733230478,0.270620737,0.008698641,-7.973219,-93.9741,-60.843098,-7.7869077,2.9849467,0.09977341
20.25000106,1.6284573,-1.2925098,0.96161544,-0.2322128,0.77228236,-0.1712039,0.87520635,0.033976883,-0.18804039,-0.6451281,-0.5135588,0.5878839,-0.536194951,-7.087036064,-5.466585596,-0.733230478,0.270620737,0.008698641,-0.536194951,-7.087036064,-5.466585596,-0.733230478,0.270620737,0.008698641,-7.973219,-93.9741,-60.843098,-7.7869077,2.9849467,0.09977341
20.26666772,1.6426821,-1.2918137,0.95870066,-0.24307759,0.7637532,-0.16111569,0.8531245,0.028748538,-0.19217521,-0.66612864,-0.51112574,0.6052778,-0.560353695,-7.065299769,-5.458740961,-0.735852902,0.280159296,0.008610569,-0.560353695,-7.065299769,-5.458740961,-0.735852902,0.280159296,0.008610569,-8.332459,-93.685875,-60.755787,-7.814758,3.090157,0.09876323
20.28333439,1.6564904,-1.2911799,0.9557902,-0.2539235,0.75538665,-0.1510477,0.8281584,0.025550485,-0.19139971,-0.66603935,-0.501525,0.60419357,-0.671950586,-6.744397999,-5.239747177,-0.707763602,0.290235864,0.008043436,-0.671950586,-6.744397999,-5.239747177,-0.707763602,0.290235864,0.008043436,-9.991905,-89.43072,-58.318386,-7.5164495,3.2013016,0.092258215
20.28333439,1.6564904,-1.2911799,0.9557902,-0.2539235,0.75538665,-0.1510477,0.8281584,0.025550485,-0.19139971,-0.66603935,-0.501525,0.60419357,-0.671950586,-6.744397999,-5.239747177,-0.707763602,0.290235864,0.008043436,-0.671950586,-6.744397999,-5.239747177,-0.707763602,0.290235864,0.008043436,-9.991905,-89.43072,-58.318386,-7.5164495,3.2013016,0.092258215
20.28333439,1.6564904,-1.2911799,0.9557902,-0.2539235,0.75538665,-0.1510477,0.8281584,0.025550485,-0.19139971,-0.66603935,-0.501525,0.60419357,-0.671950586,-6.744397999,-5.239747177,-0.707763602,0.290235864,0.008043436,-0.671950586,-6.744397999,-5.239747177,-0.707763602,0.290235864,0.008043436,-9.991905,-89.43072,-58.318386,-7.5164495,3.2013016,0.092258215
20.30000106,1.6699224,-1.2906212,0.9528243,-0.2651126,0.7470641,-0.14068034,0.8055802,0.020532658,-0.1957121,-0.6870497,-0.49877664,0.6220922,-0.582479196,-7.025698839,-5.445067002,-0.741498978,0.297232357,0.008546547,-0.582479196,-7.025698839,-5.445067002,-0.741498978,0.297232357,0.008546547,-8.661466,-93.16077,-60.603596,-7.874719,3.278473,0.0980289
20.30000106,1.6699224,-1.2906212,0.9528243,-0.2651126,0.7470641,-0.14068034,0.8055802,0.020532658,-0.1957121,-0.6870497,-0.49877664,0.6220922,-0.582479196,-7.025698839,-5.445067002,-0.741498978,0.297232357,0.008546547,-0.582479196,-7.025698839,-5.445067002,-0.741498978,0.297232357,0.008546547,-8.661466,-93.16077,-60.603596,-7.874719,3.278473,0.0980289
20.31666773,1.6829692,-1.2901444,0.94978905,-0.2766366,0.7387927,-0.13001204,0.7824009,0.01563833,-0.20007725,-0.7078032,-0.4956401,0.64008266,-0.603779547,-7.001829075,-5.43598439,-0.743947864,0.306781032,0.008458455,-0.603779547,-7.001829075,-5.43598439,-0.743947864,0.306781032,0.008458455,-8.978202,-92.84425,-60.502506,-7.9007263,3.3837948,0.09701848
20.33333439,1.6956095,-1.2897235,0.9467575,-0.2881335,0.7306851,-0.119368814,0.7580602,0.012823377,-0.19929309,-0.706921,-0.4859435,0.6387164,-0.667060937,-6.680828342,-5.209886631,-0.713702963,0.311009406,0.008010282,-0.667060937,-6.680828342,-5.209886631,-0.713702963,0.311009406,0.008010282,-9.919196,-88.58778,-57.98604,-7.5795255,3.4304338,0.09187794
20.33333439,1.6956095,-1.2897235,0.9467575,-0.2881335,0.7306851,-0.119368814,0.7580602,0.012823377,-0.19929309,-0.706921,-0.4859435,0.6387164,-0.667060937,-6.680828342,-5.209886631,-0.713702963,0.311009406,0.008010282,-0.667060937,-6.680828342,-5.209886631,-0.713702963,0.311009406,0.008010282,-9.919196,-88.58778,-57.98604,-7.5795255,3.4304338,0.09187794
20.35000106,1.7078567,-1.2893723,0.94366795,-0.29996216,0.72263336,-0.10841705,0.7344538,0.008152125,-0.20382084,-0.72764313,-0.48250294,0.65716016,-0.622118954,-6.959876036,-5.420523384,-0.749193881,0.324003024,0.008388967,-0.622118954,-6.959876036,-5.420523384,-0.749193881,0.324003024,0.008388967,-9.250909,-92.28796,-60.330425,-7.956439,3.5737534,0.09622145
20.35000106,1.7078567,-1.2893723,0.94366795,-0.29996216,0.72263336,-0.10841705,0.7344538,0.008152125,-0.20382084,-0.72764313,-0.48250294,0.65716016,-0.622118954,-6.959876036,-5.420523384,-0.749193881,0.324003024,0.008388967,-0.622118954,-6.959876036,-5.420523384,-0.749193881,0.324003024,0.008388967,-9.250909,-92.28796,-60.330425,-7.956439,3.5737534,0.09622145
20.36666773,1.7197025,-1.289097,0.94050574,-0.31211984,0.71464384,-0.09715598,0.71032023,0.003615295,-0.20839085,-0.7480675,-0.47868812,0.67564934,-0.640405515,-6.934260603,-5.410159266,-0.751380552,0.333455878,0.008303078,-0.640405515,-6.934260603,-5.410159266,-0.751380552,0.333455878,0.008303078,-9.52283,-91.948296,-60.215073,-7.9796615,3.6780183,0.0952363
20.36666773,1.7197025,-1.289097,0.94050574,-0.31211984,0.71464384,-0.09715598,0.71032023,0.003615295,-0.20839085,-0.7480675,-0.47868812,0.67564934,-0.640405515,-6.934260603,-5.410159266,-0.751380552,0.333455878,0.008303078,-0.640405515,-6.934260603,-5.410159266,-0.751380552,0.333455878,0.008303078,-9.52283,-91.948296,-60.215073,-7.9796615,3.6780183,0.0952363
20.3833344,1.7311535,-1.2888714,0.93734676,-0.32424238,0.70681924,-0.085925825,0.6866975,0.001176492,-0.20757838,-0.74637526,-0.46893358,0.67394036,-0.656555833,-6.615104503,-5.178116338,-0.719100877,0.33200481,0.007969084,-0.656555833,-6.615104503,-5.178116338,-0.719100877,0.33200481,0.007969084,-9.762985,-87.716286,-57.632435,-7.6368513,3.662013,0.09140539
20.3833344,1.7311535,-1.2888714,0.93734676,-0.32424238,0.70681924,-0.085925825,0.6866975,0.001176492,-0.20757838,-0.74637526,-0.46893358,0.67394036,-0.656555833,-6.615104503,-5.178116338,-0.719100877,0.33200481,0.007969084,-0.656555833,-6.615104503,-5.178116338,-0.719100877,0.33200481,0.007969084,-9.762985,-87.716286,-57.632435,-7.6368513,3.662013,0.09140539
20.40000106,1.742197,-1.288709,0.93412775,-0.33668417,0.69906133,-0.07437965,0.6622057,-0.003125851,-0.21229412,-0.7667257,-0.4648289,0.6928289,-0.654916372,-6.890403667,-5.392776859,-0.756079464,0.350634596,0.00823228,-0.654916372,-6.890403667,-5.392776859,-0.756079464,0.350634596,0.00823228,-9.738606,-91.36675,-60.021606,-8.029564,3.8674996,0.09442425
20.40000106,1.742197,-1.288709,0.93412775,-0.33668417,0.69906133,-0.07437965,0.6622057,-0.003125851,-0.21229412,-0.7667257,-0.4648289,0.6928289,-0.654916372,-6.890403667,-5.392776859,-0.756079464,0.350634596,0.00823228,-0.654916372,-6.890403667,-5.392776859,-0.756079464,0.350634596,0.00823228,-9.738606,-91.36675,-60.021606,-8.029564,3.8674996,0.09442425
20.41666773,1.7528261,-1.2886164,0.9308332,-0.3494477,0.69137704,-0.06251753,0.63726014,-0.007285995,-0.21704178,-0.7867379,-0.4603673,0.71171325,-0.670124239,-6.863554642,-5.381187446,-0.757931226,0.359886166,0.008149238,-0.670124239,-6.863554642,-5.381187446,-0.757931226,0.359886166,0.008149238,-9.964747,-91.010735,-59.892616,-8.04923,3.9695444,0.093471766
20.4333344,1.7630726,-1.2885678,0.9275419,-0.36216813,0.6838576,-0.0506932,0.6144406,-0.00935817,-0.21618207,-0.7842201,-0.4505936,0.7095983,-0.640707074,-6.548113701,-5.144406479,-0.723769526,0.352966472,0.007923562,-0.640707074,-6.548113701,-5.144406479,-0.723769526,0.352966472,0.007923562,-9.527314,-86.82799,-57.257244,-7.6864324,3.8932202,0.090883255
20.4333344,1.7630726,-1.2885678,0.9275419,-0.36216813,0.6838576,-0.0506932,0.6144406,-0.00935817,-0.21618207,-0.7842201,-0.4505936,0.7095983,-0.640707074,-6.548113701,-5.144406479,-0.723769526,0.352966472,0.007923562,-0.640707074,-6.548113701,-5.144406479,-0.723769526,0.352966472,0.007923562,-9.527314,-86.82799,-57.257244,-7.6864324,3.8932202,0.090883255
20.45000107,1.7728999,-1.2885759,0.9241889,-0.37519363,0.6764156,-0.03854717,0.5892087,-0.013272963,-0.22105773,-0.8041157,-0.4458592,0.7288238,-0.680712717,-6.818200596,-5.361769506,-0.761943124,0.376812286,0.008079895,-0.680712717,-6.818200596,-5.361769506,-0.761943124,0.376812286,0.008079895,-10.122198,-90.40934,-59.676495,-8.091836,4.1562395,0.0926764
20.45000107,1.7728999,-1.2885759,0.9241889,-0.37519363,0.6764156,-0.03854717,0.5892087,-0.013272963,-0.22105773,-0.8041157,-0.4458592,0.7288238,-0.680712717,-6.818200596,-5.361769506,-0.761943124,0.376812286,0.008079895,-0.680712717,-6.818200596,-5.361769506,-0.761943124,0.376812286,0.008079895,-10.122198,-90.40934,-59.676495,-8.091836,4.1562395,0.0926764
20.45000107,1.7728999,-1.2885759,0.9241889,-0.37519363,0.6764156,-0.03854717,0.5892087,-0.013272963,-0.22105773,-0.8041157,-0.4458592,0.7288238,-0.680712717,-6.818200596,-5.361769506,-0.761943124,0.376812286,0.008079895,-0.680712717,-6.818200596,-5.361769506,-0.761943124,0.376812286,0.008079895,-10.122198,-90.40934,-59.676495,-8.091836,4.1562395,0.0926764
20.46666773,1.782301,-1.2886474,0.9207579,-0.38853255,0.6690571,-0.026080415,0.56359506,-0.017039115,-0.22595501,-0.82363284,-0.4407872,0.7479908,-0.692842274,-6.79047586,-5.348955824,-0.763386477,0.385755425,0.008002571,-0.692842274,-6.79047586,-5.348955824,-0.763386477,0.385755425,0.008002571,-10.302565,-90.04171,-59.53388,-8.107164,4.2548823,0.091789484
20.4833344,1.7913345,-1.2887567,0.91733,-0.40182045,0.6618632,-0.013659307,0.5416617,-0.01875471,-0.2250302,-0.8202783,-0.43103296,0.7454124,-0.619749006,-6.480553859,-5.108691933,-0.727527065,0.373618168,0.007877416,-0.619749006,-6.480553859,-5.108691933,-0.727527065,0.373618168,0.007877416,-9.215668,-85.932144,-56.85974,-7.7263374,4.1210084,0.090353966
20.4833344,1.7913345,-1.2887567,0.91733,-0.40182045,0.6618632,-0.013659307,0.5416617,-0.01875471,-0.2250302,-0.8202783,-0.43103296,0.7454124,-0.619749006,-6.480553859,-5.108691933,-0.727527065,0.373618168,0.007877416,-0.619749006,-6.480553859,-5.108691933,-0.727527065,0.373618168,0.007877416,-9.215668,-85.932144,-56.85974,-7.7263374,4.1210084,0.090353966
20.50000107,1.7999392,-1.2889159,0.91383946,-0.41539818,0.6547565,-0.000912727,0.51583016,-0.022267012,-0.23003587,-0.83963424,-0.42570695,0.76485974,-0.69963908,-6.743979706,-5.327411182,-0.766583531,0.402228873,0.007938237,-0.69963908,-6.743979706,-5.327411182,-0.766583531,0.402228873,0.007938237,-10.403633,-89.42517,-59.294086,-8.141117,4.4365845,0.09105158
20.50000107,1.7999392,-1.2889159,0.91383946,-0.41539818,0.6547565,-0.000912727,0.51583016,-0.022267012,-0.23003587,-0.83963424,-0.42570695,0.76485974,-0.69963908,-6.743979706,-5.327411182,-0.766583531,0.402228873,0.007938237,-0.69963908,-6.743979706,-5.327411182,-0.766583531,0.402228873,0.007938237,-10.403633,-89.42517,-59.294086,-8.141117,4.4365845,0.09105158
20.51666774,1.8081087,-1.2891318,0.9102686,-0.42927983,0.64774287,0.012157428,0.48968998,-0.025626564,-0.23505361,-0.8585744,-0.42006317,0.7841942,-0.708629016,-6.715813086,-5.313439039,-0.767558937,0.410753278,0.007867751,-0.708629016,-6.715813086,-5.313439039,-0.767558937,0.410753278,0.007867751,-10.537313,-89.05168,-59.138577,-8.151476,4.5306087,0.0902431
20.5333344,1.8159268,-1.2893798,0.90670174,-0.44310248,0.64089257,0.025173113,0.46871525,-0.026999792,-0.23404627,-0.85437447,-0.41036683,0.78109396,-0.594121911,-6.413172381,-5.071006974,-0.730216211,0.393697336,0.007833661,-0.594121911,-6.413172381,-5.071006974,-0.730216211,0.393697336,0.007833661,-8.834593,-85.038666,-56.440308,-7.754896,4.3424816,0.089852095
20.5333344,1.8159268,-1.2893798,0.90670174,-0.44310248,0.64089257,0.025173113,0.46871525,-0.026999792,-0.23404627,-0.85437447,-0.41036683,0.78109396,-0.594121911,-6.413172381,-5.071006974,-0.730216211,0.393697336,0.007833661,-0.594121911,-6.413172381,-5.071006974,-0.730216211,0.393697336,0.007833661,-8.834593,-85.038666,-56.440308,-7.754896,4.3424816,0.089852095
20.5333344,1.8159268,-1.2893798,0.90670174,-0.44310248,0.64089257,0.025173113,0.46871525,-0.026999792,-0.23404627,-0.85437447,-0.41036683,0.78109396,-0.594121911,-6.413172381,-5.071006974,-0.730216211,0.393697336,0.007833661,-0.594121911,-6.413172381,-5.071006974,-0.730216211,0.393697336,0.007833661,-8.834593,-85.038666,-56.440308,-7.754896,4.3424816,0.089852095
20.55000107,1.8233082,-1.2896713,0.90307105,-0.45719895,0.63413966,0.03851604,0.44242448,-0.03009771,-0.23915268,-0.87310797,-0.40449062,0.8006438,-0.711728104,-6.668430863,-5.289677897,-0.769819199,0.426568319,0.007810765,-0.711728104,-6.668430863,-5.289677897,-0.769819199,0.426568319,0.007810765,-10.583397,-88.42339,-58.874115,-8.17548,4.7050486,0.08958948
20.55000107,1.8233082,-1.2896713,0.90307105,-0.45719895,0.63413966,0.03851604,0.44242448,-0.03009771,-0.23915268,-0.87310797,-0.40449062,0.8006438,-0.711728104,-6.668430863,-5.289677897,-0.769819199,0.426568319,0.007810765,-0.711728104,-6.668430863,-5.289677897,-0.769819199,0.426568319,0.007810765,-10.583397,-88.42339,-58.874115,-8.17548,4.7050486,0.08958948
20.56666774,1.8302485,-1.2900116,0.8993587,-0.47158888,0.627488,0.05218338,0.41589826,-0.03303968,-0.24426098,-0.89138997,-0.398321,0.8200245,-0.717591758,-6.640081276,-5.274538724,-0.770265683,0.434565739,0.007748552,-0.717591758,-6.640081276,-5.274538724,-0.770265683,0.434565739,0.007748552,-10.670589,-88.04748,-58.705616,-8.180222,4.79326,0.08887589
20.58333441,1.8368536,-1.290379,0.89565074,-0.48591182,0.62099814,0.0657865,0.39594814,-0.034086138,-0.24315576,-0.8863378,-0.38872105,0.8163468,-0.5642408,-6.346500909,-5.031349888,-0.731690321,0.412937348,0.007796963,-0.5642408,-6.346500909,-5.031349888,-0.731690321,0.412937348,0.007796963,-8.390261,-84.1546,-55.998924,-7.770551,4.554699,0.08943117
20.58333441,1.8368536,-1.290379,0.89565074,-0.48591182,0.62099814,0.0657865,0.39594814,-0.034086138,-0.24315576,-0.8863378,-0.38872105,0.8163468,-0.5642408,-6.346500909,-5.031349888,-0.731690321,0.412937348,0.007796963,-0.5642408,-6.346500909,-5.031349888,-0.731690321,0.412937348,0.007796963,-8.390261,-84.1546,-55.998924,-7.770551,4.554699,0.08943117
20.60000107,1.8430171,-1.2907833,0.8918786,-0.50049156,0.61461365,0.07971659,0.3693379,-0.036761917,-0.2483317,-0.9043662,-0.38234103,0.83587533,-0.717100106,-6.592117356,-5.248525093,-0.771479598,0.449521349,0.007701502,-0.717100106,-6.592117356,-5.248525093,-0.771479598,0.449521349,0.007701502,-10.663279,-87.411476,-58.416084,-8.193113,4.9582205,0.08833623
20.60000107,1.8430171,-1.2907833,0.8918786,-0.50049156,0.61461365,0.07971659,0.3693379,-0.036761917,-0.2483317,-0.9043662,-0.38234103,0.83587533,-0.717100106,-6.592117356,-5.248525093,-0.771479598,0.449521349,0.007701502,-0.717100106,-6.592117356,-5.248525093,-0.771479598,0.449521349,0.007701502,-10.663279,-87.411476,-58.416084,-8.193113,4.9582205,0.08833623
20.61666774,1.8487351,-1.29123,0.88802344,-0.5153534,0.60833925,0.093969814,0.34256202,-0.03928035,-0.25350106,-0.9219113,-0.37569058,0.8551759,-0.719970172,-6.563885144,-5.232294293,-0.771353878,0.456904457,0.007648331,-0.719970172,-6.563885144,-5.232294293,-0.771353878,0.456904457,0.007648331,-10.705956,-87.03712,-58.235435,-8.191778,5.039656,0.087726355
20.61666774,1.8487351,-1.29123,0.88802344,-0.5153534,0.60833925,0.093969814,0.34256202,-0.03928035,-0.25350106,-0.9219113,-0.37569058,0.8551759,-0.719970172,-6.563885144,-5.232294293,-0.771353878,0.456904457,0.007648331,-0.719970172,-6.563885144,-5.232294293,-0.771353878,0.456904457,0.007648331,-10.705956,-87.03712,-58.235435,-8.191778,5.039656,0.087726355
20.63333441,1.8541356,-1.2916981,0.88417363,-0.53014,0.60222405,0.10814824,0.32369876,-0.04001456,-0.25228238,-0.9160034,-0.36622715,0.8508705,-0.530471879,-6.28076211,-4.98960106,-0.731799382,0.431069697,0.007768527,-0.530471879,-6.28076211,-4.98960106,-0.731799382,0.431069697,0.007768527,-7.888117,-83.282906,-55.53426,-7.7717094,4.7546988,0.08910501
20.63333441,1.8541356,-1.2916981,0.88417363,-0.53014,0.60222405,0.10814824,0.32369876,-0.04001456,-0.25228238,-0.9160034,-0.36622715,0.8508705,-0.530471879,-6.28076211,-4.98960106,-0.731799382,0.431069697,0.007768527,-0.530471879,-6.28076211,-4.98960106,-0.731799382,0.431069697,0.007768527,-7.888117,-83.282906,-55.53426,-7.7717094,4.7546988,0.08910501
20.65000108,1.8590918,-1.2921958,0.88025945,-0.54516566,0.59622216,0.1226512,0.29690367,-0.04226201,-0.2574969,-0.9332465,-0.35939217,0.8702491,-0.716071138,-6.515347005,-5.203886281,-0.771410362,0.470806487,0.007612568,-0.716071138,-6.515347005,-5.203886281,-0.771410362,0.470806487,0.007612568,-10.647978,-86.3935,-57.919254,-8.192378,5.1929955,0.087316155
20.65000108,1.8590918,-1.2921958,0.88025945,-0.54516566,0.59622216,0.1226512,0.29690367,-0.04226201,-0.2574969,-0.9332465,-0.35939217,0.8702491,-0.716071138,-6.515347005,-5.203886281,-0.771410362,0.470806487,0.007612568,-0.716071138,-6.515347005,-5.203886281,-0.771410362,0.470806487,0.007612568,-10.647978,-86.3935,-57.919254,-8.192378,5.1929955,0.087316155
20.66666774,1.8636004,-1.292729,0.8762615,-0.5604609,0.59033716,0.13747387,0.27001232,-0.044354063,-0.2626976,-0.9499759,-0.35231316,0.8893406,-0.715996358,-6.487607884,-5.186681071,-0.770677505,0.477487438,0.007569852,-0.715996358,-6.487607884,-5.186681071,-0.770677505,0.477487438,0.007569852,-10.646866,-86.02568,-57.72776,-8.184595,5.2666864,0.086826205
20.68333441,1.8678104,-1.2932783,0.87226987,-0.57567275,0.58460855,0.15221034,0.25228786,-0.04479514,-0.26135156,-0.94321525,-0.3430233,0.88435876,-0.493365803,-6.216446774,-4.945874621,-0.730434964,0.44786595,0.007750506,-0.493365803,-6.216446774,-4.945874621,-0.730434964,0.44786595,0.007750506,-7.3363495,-82.430084,-55.047585,-7.7572193,4.9399614,0.0888983
20.68333441,1.8678104,-1.2932783,0.87226987,-0.57567275,0.58460855,0.15221034,0.25228786,-0.04479514,-0.26135156,-0.94321525,-0.3430233,0.88435876,-0.493365803,-6.216446774,-4.945874621,-0.730434964,0.44786595,0.007750506,-0.493365803,-6.216446774,-4.945874621,-0.730434964,0.44786595,0.007750506,-7.3363495,-82.430084,-55.047585,-7.7572193,4.9399614,0.0888983
20.70000108,1.8715755,-1.2938501,0.8682143,-0.5911055,0.57899946,0.16726676,0.22543916,-0.046614222,-0.26657403,-0.9595948,-0.33578604,0.90345794,-0.708927752,-6.438643972,-5.155854684,-0.769484066,0.490163784,0.007546509,-0.708927752,-6.438643972,-5.155854684,-0.769484066,0.490163784,0.007546509,-10.541756,-85.37642,-57.384663,-8.171921,5.4065065,0.08655846
20.70000108,1.8715755,-1.2938501,0.8682143,-0.5911055,0.57899946,0.16726676,0.22543916,-0.046614222,-0.26657403,-0.9595948,-0.33578604,0.90345794,-0.708927752,-6.438643972,-5.155854684,-0.769484066,0.490163784,0.007546509,-0.708927752,-6.438643972,-5.155854684,-0.769484066,0.490163784,0.007546509,-10.541756,-85.37642,-57.384663,-8.171921,5.4065065,0.08655846
20.70000108,1.8715755,-1.2938501,0.8682143,-0.5911055,0.57899946,0.16726676,0.22543916,-0.046614222,-0.26657403,-0.9595948,-0.33578604,0.90345794,-0.708927752,-6.438643972,-5.155854684,-0.769484066,0.490163784,0.007546509,-0.708927752,-6.438643972,-5.155854684,-0.769484066,0.490163784,0.007546509,-10.541756,-85.37642,-57.384663,-8.171921,5.4065065,0.08655846
20.71666775,1.8748922,-1.29445,0.8640747,-0.6067943,0.57351404,0.18263729,0.19856039,-0.048281707,-0.27177647,-0.97543406,-0.3283304,0.9222091,-0.706074554,-6.41162809,-5.137755265,-0.768114887,0.496073582,0.007513812,-0.706074554,-6.41162809,-5.137755265,-0.768114887,0.496073582,0.007513812,-10.499329,-85.01819,-57.183216,-8.15738,5.4716916,0.08618343
20.73333441,1.8779309,-1.2950617,0.8599432,-0.6223912,0.5681811,0.19790947,0.18202148,-0.048451234,-0.2702912,-0.9678252,-0.31925094,0.9165067,-0.453365931,-6.153878835,-4.900232951,-0.727489709,0.463104724,0.007743641,-0.453365931,-6.153878835,-4.900232951,-0.727489709,0.463104724,0.007743641,-6.7415514,-81.60043,-54.539593,-7.7259407,5.108045,0.08881956
20.73333441,1.8779309,-1.2950617,0.8599432,-0.6223912,0.5681811,0.19790947,0.18202148,-0.048451234,-0.2702912,-0.9678252,-0.31925094,0.9165067,-0.453365931,-6.153878835,-4.900232951,-0.727489709,0.463104724,0.007743641,-0.453365931,-6.153878835,-4.900232951,-0.727489709,0.463104724,0.007743641,-6.7415514,-81.60043,-54.539593,-7.7259407,5.108045,0.08881956
20.75000108,1.8805255,-1.2956896,0.85574746,-0.6381908,0.56297404,0.2134948,0.1552448,-0.04984488,-0.27549323,-0.98326623,-0.31166512,0.93519306,-0.696092527,-6.362287311,-5.10448377,-0.76558801,0.507369348,0.007502733,-0.696092527,-6.362287311,-5.10448377,-0.76558801,0.507369348,0.007502733,-10.350896,-84.36393,-56.812904,-8.130545,5.596284,0.08605635
20.75000108,1.8805255,-1.2956896,0.85574746,-0.6381908,0.56297404,0.2134948,0.1552448,-0.04984488,-0.27549323,-0.98326623,-0.31166512,0.93519306,-0.696092527,-6.362287311,-5.10448377,-0.76558801,0.507369348,0.007502733,-0.696092527,-6.362287311,-5.10448377,-0.76558801,0.507369348,0.007502733,-10.350896,-84.36393,-56.812904,-8.130545,5.596284,0.08605635
20.76666775,1.8826742,-1.2963387,0.8514676,-0.654232,0.55789584,0.22938642,0.12850341,-0.05109089,-0.2806681,-0.9981453,-0.30389082,0.9534729,-0.690598735,-6.336024013,-5.085473005,-0.7635465,0.512439688,0.007479427,-0.690598735,-6.336024013,-5.085473005,-0.7635465,0.512439688,0.007479427,-10.269203,-84.01568,-56.601315,-8.108864,5.6522098,0.085789025
20.78333442,1.8845652,-1.2969946,0.84719765,-0.6701722,0.55296594,0.24516693,0.11318704,-0.05100802,-0.27903166,-0.989697,-0.29505703,0.9470095,-0.411106936,-6.092839651,-4.852518731,-0.72284553,0.476593595,0.007747856,-0.411106936,-6.092839651,-4.852518731,-0.72284553,0.476593595,0.007747856,-6.11316,-80.79105,-54.008533,-7.6766195,5.2568274,0.0888679
20.78333442,1.8845652,-1.2969946,0.84719765,-0.6701722,0.55296594,0.24516693,0.11318704,-0.05100802,-0.27903166,-0.989697,-0.29505703,0.9470095,-0.411106936,-6.092839651,-4.852518731,-0.72284553,0.476593595,0.007747856,-0.411106936,-6.092839651,-4.852518731,-0.72284553,0.476593595,0.007747856,-6.11316,-80.79105,-54.008533,-7.6766195,5.2568274,0.0888679
20.78333442,1.8845652,-1.2969946,0.84719765,-0.6701722,0.55296594,0.24516693,0.11318704,-0.05100802,-0.27903166,-0.989697,-0.29505703,0.9470095,-0.411106936,-6.092839651,-4.852518731,-0.72284553,0.476593595,0.007747856,-0.411106936,-6.092839651,-4.852518731,-0.72284553,0.476593595,0.007747856,-6.11316,-80.79105,-54.008533,-7.6766195,5.2568274,0.0888679
20.80000108,1.8860154,-1.2976601,0.8428644,-0.68629664,0.5481667,0.2612515,0.08660316,-0.051982395,-0.28418323,-1.0041308,-0.28718114,0.9651507,-0.678016134,-6.286351246,-5.049747148,-0.759612189,0.522223107,0.00748111,-0.678016134,-6.286351246,-5.049747148,-0.759612189,0.522223107,0.00748111,-10.0821,-83.35702,-56.203686,-8.067081,5.760121,0.08580834
20.80000108,1.8860154,-1.2976601,0.8428644,-0.68629664,0.5481667,0.2612515,0.08660316,-0.051982395,-0.28418323,-1.0041308,-0.28718114,0.9651507,-0.678016134,-6.286351246,-5.049747148,-0.759612189,0.522223107,0.00748111,-0.678016134,-6.286351246,-5.049747148,-0.759612189,0.522223107,0.00748111,-10.0821,-83.35702,-56.203686,-8.067081,5.760121,0.08580834
20.81666775,1.8870243,-1.2983401,0.83844715,-0.7026476,0.54350084,0.27763236,0.06011631,-0.052815214,-0.2893034,-1.0179826,-0.2791456,0.9828251,-0.670094031,-6.261055718,-5.029953565,-0.756886495,0.526413913,0.007466815,-0.670094031,-6.261055718,-5.029953565,-0.756886495,0.526413913,0.007466815,-9.964298,-83.0216,-55.983383,-8.038135,5.8063455,0.085644364
20.83333442,1.8877963,-1.2990228,0.8340418,-0.71888816,0.5389783,0.29388875,0.046051826,-0.05250267,-0.28750595,-1.0087068,-0.27059242,0.9755671,-0.36712565,-6.033525424,-4.802832728,-0.716423225,0.4881714,0.00776226,-0.36712565,-6.033525424,-4.802832728,-0.716423225,0.4881714,0.00776226,-5.4591584,-80.00455,-53.45553,-7.6084146,5.3845305,0.08903313
20.83333442,1.8877963,-1.2990228,0.8340418,-0.71888816,0.5389783,0.29388875,0.046051826,-0.05250267,-0.28750595,-1.0087068,-0.27059242,0.9755671,-0.36712565,-6.033525424,-4.802832728,-0.716423225,0.4881714,0.00776226,-0.36712565,-6.033525424,-4.802832728,-0.716423225,0.4881714,0.00776226,-5.4591584,-80.00455,-53.45553,-7.6084146,5.3845305,0.08903313
20.85000109,1.8881325,-1.2997085,0.8295735,-0.73529416,0.53459036,0.31043795,0.019774154,-0.0530674,-0.29258028,-1.0220681,-0.2624849,0.9930302,-0.655249805,-6.210985946,-4.99175621,-0.751479018,0.534574313,0.007479037,-0.655249805,-6.210985946,-4.99175621,-0.751479018,0.534574313,0.007479037,-9.743565,-82.35767,-55.558247,-7.980707,5.8963547,0.085784554
20.85000109,1.8881325,-1.2997085,0.8295735,-0.73529416,0.53459036,0.31043795,0.019774154,-0.0530674,-0.29258028,-1.0220681,-0.2624849,0.9930302,-0.655249805,-6.210985946,-4.99175621,-0.751479018,0.534574313,0.007479037,-0.655249805,-6.210985946,-4.99175621,-0.751479018,0.534574313,0.007479037,-9.743565,-82.35767,-55.558247,-7.980707,5.8963547,0.085784554
20.86666775,1.8880332,-1.3004022,0.8250223,-0.7519107,0.5303393,0.32727125,-0.006347239,-0.053498965,-0.2976179,-1.0348327,-0.254248,1.009967,-0.645099684,-6.186763481,-4.971239445,-0.748055219,0.537852039,0.007472567,-0.645099684,-6.186763481,-4.971239445,-0.748055219,0.537852039,0.007472567,-9.592632,-82.03648,-55.329895,-7.9443464,5.932508,0.08571035
20.86666775,1.8880332,-1.3004022,0.8250223,-0.7519107,0.5303393,0.32727125,-0.006347239,-0.053498965,-0.2976179,-1.0348327,-0.254248,1.009967,-0.645099684,-6.186763481,-4.971239445,-0.748055219,0.537852039,0.007472567,-0.645099684,-6.186763481,-4.971239445,-0.748055219,0.537852039,0.007472567,-9.592632,-82.03648,-55.329895,-7.9443464,5.932508,0.08571035
20.88333442,1.8877181,-1.3010945,0.8204851,-0.7684068,0.52622634,0.34396625,-0.01913634,-0.05297943,-0.29565114,-1.024747,-0.24600723,1.0018842,-0.321957371,-5.975831436,-4.751149578,-0.708136451,0.497700059,0.007785751,-0.321957371,-5.975831436,-4.751149578,-0.708136451,0.497700059,0.007785751,-4.787506,-79.239525,-52.880295,-7.520409,5.4896317,0.08930257
20.88333442,1.8877181,-1.3010945,0.8204851,-0.7684068,0.52622634,0.34396625,-0.01913634,-0.05297943,-0.29565114,-1.024747,-0.24600723,1.0018842,-0.321957371,-5.975831436,-4.751149578,-0.708136451,0.497700059,0.007785751,-0.321957371,-5.975831436,-4.751149578,-0.708136451,0.497700059,0.007785751,-4.787506,-79.239525,-52.880295,-7.520409,5.4896317,0.08930257
20.90000109,1.8869742,-1.3017837,0.8158861,-0.7850501,0.522251,0.36094064,-0.044999134,-0.05314863,-0.3006219,-1.0369782,-0.23773037,1.0185376,-0.628304754,-6.136313966,-4.930604179,-0.741122716,0.544302137,0.007494757,-0.628304754,-6.136313966,-4.930604179,-0.741122716,0.544302137,0.007494757,-9.342892,-81.36752,-54.877625,-7.8707232,6.0036526,0.08596486
20.90000109,1.8869742,-1.3017837,0.8158861,-0.7850501,0.522251,0.36094064,-0.044999134,-0.05314863,-0.3006219,-1.0369782,-0.23773037,1.0185376,-0.628304754,-6.136313966,-4.930604179,-0.741122716,0.544302137,0.007494757,-0.628304754,-6.136313966,-4.930604179,-0.741122716,0.544302137,0.007494757,-9.342892,-81.36752,-54.877625,-7.8707232,6.0036526,0.08596486
20.91666776,1.8858029,-1.3024739,0.81120485,-0.80188674,0.51841486,0.37818462,-0.07065052,-0.053193368,-0.30555254,-1.048598,-0.22935385,1.0346068,-0.616200017,-6.11317262,-4.909413244,-0.736989454,0.546649101,0.007494855,-0.616200017,-6.11317262,-4.909413244,-0.736989454,0.546649101,0.007494855,-9.162894,-81.06067,-54.64177,-7.826828,6.0295396,0.08596599
20.93333443,1.8844374,-1.30316,0.8065399,-0.8185929,0.51471096,0.39527613,-0.08214889,-0.05249189,-0.30340827,-1.037723,-0.22145696,1.0256747,-0.276185589,-5.919713384,-4.6974967,-0.697917184,0.505075299,0.007816253,-0.276185589,-5.919713384,-4.6974967,-0.697917184,0.505075299,0.007816253,-4.1068797,-78.4954,-52.28314,-7.4118805,5.5709805,0.08965242
20.93333443,1.8844374,-1.30316,0.8065399,-0.8185929,0.51471096,0.39527613,-0.08214889,-0.05249189,-0.30340827,-1.037723,-0.22145696,1.0256747,-0.276185589,-5.919713384,-4.6974967,-0.697917184,0.505075299,0.007816253,-0.276185589,-5.919713384,-4.6974967,-0.697917184,0.505075299,0.007816253,-4.1068797,-78.4954,-52.28314,-7.4118805,5.5709805,0.08965242
20.95000109,1.8826517,-1.3038366,0.8018138,-0.8354278,0.5111464,0.4126314,-0.10749732,-0.052282598,-0.3082513,-1.0487717,-0.21307197,1.0413886,-0.597852529,-6.062322073,-4.866387709,-0.728493671,0.551332092,0.007524016,-0.597852529,-6.062322073,-4.866387709,-0.728493671,0.551332092,0.007524016,-8.890067,-80.38639,-54.162895,-7.736603,6.081193,0.08630046
20.95000109,1.8826517,-1.3038366,0.8018138,-0.8354278,0.5111464,0.4126314,-0.10749732,-0.052282598,-0.3082513,-1.0487717,-0.21307197,1.0413886,-0.597852529,-6.062322073,-4.866387709,-0.728493671,0.551332092,0.007524016,-0.597852529,-6.062322073,-4.866387709,-0.728493671,0.551332092,0.007524016,-8.890067,-80.38639,-54.162895,-7.736603,6.081193,0.08630046
20.95000109,1.8826517,-1.3038366,0.8018138,-0.8354278,0.5111464,0.4126314,-0.10749732,-0.052282598,-0.3082513,-1.0487717,-0.21307197,1.0413886,-0.597852529,-6.062322073,-4.866387709,-0.728493671,0.551332092,0.007524016,-0.597852529,-6.062322073,-4.866387709,-0.728493671,0.551332092,0.007524016,-8.890067,-80.38639,-54.162895,-7.736603,6.081193,0.08630046
20.96666776,1.8804476,-1.3045086,0.79700696,-0.8524383,0.50772256,0.43023968,-0.1325826,-0.051958967,-0.3130489,-1.0591972,-0.20461829,1.0564624,-0.584054522,-6.04022157,-4.844535629,-0.723641112,0.552740642,0.007529902,-0.584054522,-6.04022157,-4.844535629,-0.723641112,0.552740642,0.007529902,-8.684891,-80.09334,-53.91968,-7.6850686,6.0967293,0.08636798
20.98333443,1.8780712,-1.3051727,0.7922193,-0.8693074,0.5044246,0.44768098,-0.14278197,-0.05109845,-0.31071985,-1.0475594,-0.19709302,1.0466636,-0.230398512,-5.86483065,-4.641784983,-0.685693854,0.51021844,0.007852064,-0.230398512,-5.86483065,-4.641784983,-0.685693854,0.51021844,0.007852064,-3.4260259,-77.767654,-51.663067,-7.2820687,5.6277094,0.09006317
20.98333443,1.8780712,-1.3051727,0.7922193,-0.8693074,0.5044246,0.44768098,-0.14278197,-0.05109845,-0.31071985,-1.0475594,-0.19709302,1.0466636,-0.230398512,-5.86483065,-4.641784983,-0.685693854,0.51021844,0.007852064,-0.230398512,-5.86483065,-4.641784983,-0.685693854,0.51021844,0.007852064,-3.4260259,-77.767654,-51.663067,-7.2820687,5.6277094,0.09006317
21.0000011,1.8752848,-1.3058217,0.78737134,-0.88628685,0.50126684,0.4653684,-0.1675232,-0.05053156,-0.31541345,-1.0573809,-0.18866311,1.061311,-0.56450003,-5.989070679,-4.799254178,-0.713564223,0.555625701,0.007563738,-0.56450003,-5.989070679,-4.799254178,-0.713564223,0.555625701,0.007563738,-8.394115,-79.41508,-53.4157,-7.578052,6.1285515,0.08675608
21.0000011,1.8752848,-1.3058217,0.78737134,-0.88628685,0.50126684,0.4653684,-0.1675232,-0.05053156,-0.31541345,-1.0573809,-0.18866311,1.061311,-0.56450003,-5.989070679,-4.799254178,-0.713564223,0.555625701,0.007563738,-0.56450003,-5.989070679,-4.799254178,-0.713564223,0.555625701,0.007563738,-8.394115,-79.41508,-53.4157,-7.578052,6.1285515,0.08675608
21.01666776,1.8720908,-1.3064595,0.7824441,-0.9034233,0.49825013,0.4832902,-0.19195358,-0.04986112,-0.32005572,-1.0665694,-0.18019463,1.0752652,-0.54929505,-5.967956359,-4.776763231,-0.707989942,0.556100506,0.007573798,-0.54929505,-5.967956359,-4.776763231,-0.707989942,0.556100506,0.007573798,-8.168017,-79.1351,-53.165375,-7.518853,6.1337886,0.08687146
21.03333443,1.8687458,-1.3070878,0.77753896,-0.9204073,0.49535266,0.50103027,-0.20085247,-0.04886893,-0.317536,-1.0541943,-0.17306781,1.0645885,-0.185119921,-5.811269539,-4.584135414,-0.671430451,0.513086812,0.007890662,-0.185119921,-5.811269539,-4.584135414,-0.671430451,0.513086812,0.007890662,-2.7527332,-77.057434,-51.021427,-7.1305914,5.6593475,0.09050589
21.03333443,1.8687458,-1.3070878,0.77753896,-0.9204073,0.49535266,0.50103027,-0.20085247,-0.04886893,-0.317536,-1.0541943,-0.17306781,1.0645885,-0.185119921,-5.811269539,-4.584135414,-0.671430451,0.513086812,0.007890662,-0.185119921,-5.811269539,-4.584135414,-0.671430451,0.513086812,0.007890662,-2.7527332,-77.057434,-51.021427,-7.1305914,5.6593475,0.09050589
21.03333443,1.8687458,-1.3070878,0.77753896,-0.9204073,0.49535266,0.50103027,-0.20085247,-0.04886893,-0.317536,-1.0541943,-0.17306781,1.0645885,-0.185119921,-5.811269539,-4.584135414,-0.671430451,0.513086812,0.007890662,-0.185119921,-5.811269539,-4.584135414,-0.671430451,0.513086812,0.007890662,-2.7527332,-77.057434,-51.021427,-7.1305914,5.6593475,0.09050589
21.0500011,1.8650025,-1.3076955,0.7725746,-0.9374835,0.49259526,0.5189966,-0.22490126,-0.047967814,-0.32205886,-1.0627505,-0.16465573,1.0780475,-0.528911913,-5.916493619,-4.729306066,-0.696319645,0.557178124,0.00761011,-0.528911913,-5.916493619,-4.729306066,-0.696319645,0.557178124,0.00761011,-7.86492,-78.452705,-52.637177,-7.3949146,6.1456747,0.08728796
21.0500011,1.8650025,-1.3076955,0.7725746,-0.9374835,0.49259526,0.5189966,-0.22490126,-0.047967814,-0.32205886,-1.0627505,-0.16465573,1.0780475,-0.528911913,-5.916493619,-4.729306066,-0.696319645,0.557178124,0.00761011,-0.528911913,-5.916493619,-4.729306066,-0.696319645,0.557178124,0.00761011,-7.86492,-78.452705,-52.637177,-7.3949146,6.1456747,0.08728796
21.06666777,1.8608638,-1.308287,0.7675328,-0.95469713,0.48997796,0.5371768,-0.24859573,-0.046973985,-0.3265236,-1.0706656,-0.1562363,1.0907624,-0.512601388,-5.896230844,-4.70616117,-0.6900205,0.556732543,0.007623239,-0.512601388,-5.896230844,-4.70616117,-0.6900205,0.556732543,0.007623239,-7.6223826,-78.18402,-52.379574,-7.3280177,6.14076,0.087438546
21.08333443,1.8565964,-1.3088663,0.7625163,-0.9717471,0.48747286,0.5551604,-0.2561998,-0.04587253,-0.32380846,-1.0575857,-0.14953111,1.0792015,-0.140931964,-5.758505889,-4.524397529,-0.65507332,0.513655471,0.00793015,-0.140931964,-5.758505889,-4.524397529,-0.65507332,0.513655471,0.00793015,-2.0956583,-76.35779,-50.356544,-6.9568787,5.66562,0.09095882
21.08333443,1.8565964,-1.3088663,0.7625163,-0.9717471,0.48747286,0.5551604,-0.2561998,-0.04587253,-0.32380846,-1.0575857,-0.14953111,1.0792015,-0.140931964,-5.758505889,-4.524397529,-0.65507332,0.513655471,0.00793015,-0.140931964,-5.758505889,-4.524397529,-0.65507332,0.513655471,0.00793015,-2.0956583,-76.35779,-50.356544,-6.9568787,5.66562,0.09095882
21.1000011,1.8519429,-1.3094201,0.75744164,-0.9888709,0.48510653,0.5733485,-0.2794815,-0.044663318,-0.32814196,-1.0648465,-0.14119995,1.0913546,-0.491802021,-5.84455867,-4.65669452,-0.676767974,0.556025933,0.007659333,-0.491802021,-5.84455867,-4.65669452,-0.676767974,0.556025933,0.007659333,-7.313096,-77.49885,-51.82901,-7.187276,6.132966,0.08785255
21.1000011,1.8519429,-1.3094201,0.75744164,-0.9888709,0.48510653,0.5733485,-0.2794815,-0.044663318,-0.32814196,-1.0648465,-0.14119995,1.0913546,-0.491802021,-5.84455867,-4.65669452,-0.676767974,0.556025933,0.007659333,-0.491802021,-5.84455867,-4.65669452,-0.676767974,0.556025933,0.007659333,-7.313096,-77.49885,-51.82901,-7.187276,6.132966,0.08785255
21.11666777,1.8469076,-1.3099529,0.7522917,-1.0061123,0.48287854,0.591728,-0.3023683,-0.043372758,-0.3324091,-1.0714556,-0.13289098,1.1027156,-0.474651756,-5.82505078,-4.632902531,-0.669750296,0.554682445,0.007674389,-0.474651756,-5.82505078,-4.632902531,-0.669750296,0.554682445,0.007674389,-7.0580716,-77.24017,-51.564205,-7.112748,6.1181474,0.08802524
21.11666777,1.8469076,-1.3099529,0.7522917,-1.0061123,0.48287854,0.591728,-0.3023683,-0.043372758,-0.3324091,-1.0714556,-0.13289098,1.1027156,-0.474651756,-5.82505078,-4.632902531,-0.669750296,0.554682445,0.007674389,-0.474651756,-5.82505078,-4.632902531,-0.669750296,0.554682445,0.007674389,-7.0580716,-77.24017,-51.564205,-7.112748,6.1181474,0.08802524
21.13333444,1.8417648,-1.3104713,0.7471703,-1.023178,0.48075527,0.6098962,-0.30869,-0.042187363,-0.3294938,-1.0577054,-0.12662847,1.0902733,-0.098310578,-5.706520138,-4.462656671,-0.636610653,0.511936739,0.007969324,-0.098310578,-5.706520138,-4.462656671,-0.636610653,0.511936739,0.007969324,-1.4618783,-75.66846,-49.66937,-6.760805,5.646662,0.09140814
21.13333444,1.8417648,-1.3104713,0.7471703,-1.023178,0.48075527,0.6098962,-0.30869,-0.042187363,-0.3294938,-1.0577054,-0.12662847,1.0902733,-0.098310578,-5.706520138,-4.462656671,-0.636610653,0.511936739,0.007969324,-0.098310578,-5.706520138,-4.462656671,-0.636610653,0.511936739,0.007969324,-1.4618783,-75.66846,-49.66937,-6.760805,5.646662,0.09140814
21.1500011,1.8362497,-1.3109602,0.74199176,-1.0402994,0.4787685,0.6282453,-0.33113703,-0.040698543,-0.33362007,-1.0636481,-0.1184395,1.1010095,-0.453794764,-5.773258928,-4.581581315,-0.654939968,0.552232376,0.007708732,-0.453794764,-5.773258928,-4.581581315,-0.654939968,0.552232376,0.007708732,-6.747928,-76.55341,-50.993,-6.9554625,6.091123,0.088419154
21.1500011,1.8362497,-1.3109602,0.74199176,-1.0402994,0.4787685,0.6282453,-0.33113703,-0.040698543,-0.33362007,-1.0636481,-0.1184395,1.1010095,-0.453794764,-5.773258928,-4.581581315,-0.654939968,0.552232376,0.007708732,-0.453794764,-5.773258928,-4.581581315,-0.654939968,0.552232376,0.007708732,-6.747928,-76.55341,-50.993,-6.9554625,6.091123,0.088419154
21.16666777,1.8303671,-1.3114227,0.73674047,-1.0575176,0.47691724,0.64676136,-0.3531523,-0.039139763,-0.3376696,-1.0689276,-0.11030239,1.110908,-0.436089098,-5.754340792,-4.557112071,-0.647208875,0.550019946,0.007724787,-0.436089098,-5.754340792,-4.557112071,-0.647208875,0.550019946,0.007724787,-6.484645,-76.30256,-50.720657,-6.8733582,6.06672,0.0886033
21.18333444,1.824399,-1.3118701,0.7315218,-1.0745481,0.47516298,0.66505164,-0.35820928,-0.037895657,-0.33455062,-1.0545454,-0.104500756,1.097593,-0.0576955,-5.655187431,-4.398968021,-0.61604815,0.507967405,0.008006543,-0.0576955,-5.655187431,-4.398968021,-0.61604815,0.507967405,0.008006543,-0.8579321,-74.987785,-48.960514,-6.5424314,5.6028805,0.09183505
21.18333444,1.824399,-1.3118701,0.7315218,-1.0745481,0.47516298,0.66505164,-0.35820928,-0.037895657,-0.33455062,-1.0545454,-0.104500756,1.097593,-0.0576955,-5.655187431,-4.398968021,-0.61604815,0.507967405,0.008006543,-0.0576955,-5.655187431,-4.398968021,-0.61604815,0.507967405,0.008006543,-0.8579321,-74.987785,-48.960514,-6.5424314,5.6028805,0.09183505
21.20000111,1.8180733,-1.3122838,0.7262468,-1.0916165,0.47354195,0.6834975,-0.3797628,-0.036157783,-0.33845386,-1.0591509,-0.09651554,1.1068069,-0.415523532,-5.702622588,-4.504155299,-0.630888158,0.545892603,0.007754916,-0.415523532,-5.702622588,-4.504155299,-0.630888158,0.545892603,0.007754916,-6.178835,-75.616776,-50.13125,-6.700032,6.0211954,0.08894889
21.20000111,1.8180733,-1.3122838,0.7262468,-1.0916165,0.47354195,0.6834975,-0.3797628,-0.036157783,-0.33845386,-1.0591509,-0.09651554,1.1068069,-0.415523532,-5.702622588,-4.504155299,-0.630888158,0.545892603,0.007754916,-0.415523532,-5.702622588,-4.504155299,-0.630888158,0.545892603,0.007754916,-6.178835,-75.616776,-50.13125,-6.700032,6.0211954,0.08894889
21.20000111,1.8180733,-1.3122838,0.7262468,-1.0916165,0.47354195,0.6834975,-0.3797628,-0.036157783,-0.33845386,-1.0591509,-0.09651554,1.1068069,-0.415523532,-5.702622588,-4.504155299,-0.630888158,0.545892603,0.007754916,-0.415523532,-5.702622588,-4.504155299,-0.630888158,0.545892603,0.007754916,-6.178835,-75.616776,-50.13125,-6.700032,6.0211954,0.08894889
21.21666777,1.811395,-1.3126678,0.7209017,-1.1087602,0.47205254,0.7020842,-0.40085387,-0.034362175,-0.34226823,-1.0630851,-0.08861064,1.115144,-0.397581147,-5.684194666,-4.47902868,-0.622463675,0.542857532,0.007772064,-0.397581147,-5.684194666,-4.47902868,-0.622463675,0.542857532,0.007772064,-5.9120317,-75.37242,-49.85159,-6.610564,5.9877186,0.08914557
21.23333444,1.804652,-1.3130349,0.7155931,-1.1257045,0.47065216,0.72043073,-0.4046715,-0.03308104,-0.3389426,-1.0481132,-0.08328449,1.100971,-0.019552055,-5.604154492,-4.333266115,-0.593394209,0.501804966,0.008040848,-0.019552055,-5.604154492,-4.333266115,-0.593394209,0.501804966,0.008040848,-0.29073906,-74.31109,-48.22925,-6.3018465,5.534909,0.09222853
21.23333444,1.804652,-1.3130349,0.7155931,-1.1257045,0.47065216,0.72043073,-0.4046715,-0.03308104,-0.3389426,-1.0481132,-0.08328449,1.100971,-0.019552055,-5.604154492,-4.333266115,-0.593394209,0.501804966,0.008040848,-0.019552055,-5.604154492,-4.333266115,-0.593394209,0.501804966,0.008040848,-0.29073906,-74.31109,-48.22925,-6.3018465,5.534909,0.09222853
21.25000111,1.7975671,-1.3133646,0.7102296,-1.1426681,0.4693807,0.738906,-0.4252813,-0.031127209,-0.34260663,-1.051371,-0.07556177,1.1085676,-0.377571334,-5.632711787,-4.424626572,-0.60469305,0.53713272,0.007797327,-0.377571334,-5.632711787,-4.424626572,-0.60469305,0.53713272,0.007797327,-5.6144857,-74.68976,-49.246094,-6.42184,5.924574,0.08943534
21.25000111,1.7975671,-1.3133646,0.7102296,-1.1426681,0.4693807,0.738906,-0.4252813,-0.031127209,-0.34260663,-1.051371,-0.07556177,1.1085676,-0.377571334,-5.632711787,-4.424626572,-0.60469305,0.53713272,0.007797327,-0.377571334,-5.632711787,-4.424626572,-0.60469305,0.53713272,0.007797327,-5.6144857,-74.68976,-49.246094,-6.42184,5.924574,0.08943534
21.26666778,1.790146,-1.3136616,0.7047991,-1.1596853,0.46823618,0.75749457,-0.4454021,-0.02912778,-0.34616885,-1.05395,-0.06794653,1.1152499,-0.359648093,-5.614694103,-4.39887788,-0.595606429,0.533324464,0.007813528,-0.359648093,-5.614694103,-4.39887788,-0.595606429,0.533324464,0.007813528,-5.347967,-74.45084,-48.95951,-6.3253403,5.882569,0.08962117
21.28333444,1.78268,-1.3139409,0.69940937,-1.1764914,0.46717238,0.77582914,-0.44800958,-0.027834827,-0.3426352,-1.0384326,-0.06310797,1.1002412,0.01586165,-5.553690017,-4.265808695,-0.568724172,0.493548852,0.008072158,0.01586165,-5.553690017,-4.265808695,-0.568724172,0.493548852,0.008072158,0.23586273,-73.64193,-47.47845,-6.0398507,5.443844,0.09258765
21.28333444,1.78268,-1.3139409,0.69940937,-1.1764914,0.46717238,0.77582914,-0.44800958,-0.027834827,-0.3426352,-1.0384326,-0.06310797,1.1002412,0.01586165,-5.553690017,-4.265808695,-0.568724172,0.493548852,0.008072158,0.01586165,-5.553690017,-4.265808695,-0.568724172,0.493548852,0.008072158,0.23586273,-73.64193,-47.47845,-6.0398507,5.443844,0.09258765
21.28333444,1.78268,-1.3139409,0.69940937,-1.1764914,0.46717238,0.77582914,-0.44800958,-0.027834827,-0.3426352,-1.0384326,-0.06310797,1.1002412,0.01586165,-5.553690017,-4.265808695,-0.568724172,0.493548852,0.008072158,0.01586165,-5.553690017,-4.265808695,-0.568724172,0.493548852,0.008072158,0.23586273,-73.64193,-47.47845,-6.0398507,5.443844,0.09258765
21.30000111,1.774889,-1.3141805,0.69396645,-1.1932981,0.46623224,0.79426366,-0.4676348,-0.025698328,-0.3460473,-1.0403384,-0.05570473,1.1061307,-0.340491778,-5.563614559,-4.34324842,-0.576467882,0.526105201,0.00783263,-0.340491778,-5.563614559,-4.34324842,-0.576467882,0.526105201,0.00783263,-5.0631127,-73.77353,-48.340355,-6.122089,5.8029404,0.08984026
21.30000111,1.774889,-1.3141805,0.69396645,-1.1932981,0.46623224,0.79426366,-0.4676348,-0.025698328,-0.3460473,-1.0403384,-0.05570473,1.1061307,-0.340491778,-5.563614559,-4.34324842,-0.576467882,0.526105201,0.00783263,-0.340491778,-5.563614559,-4.34324842,-0.576467882,0.526105201,0.00783263,-5.0631127,-73.77353,-48.340355,-6.122089,5.8029404,0.08984026
21.31666778,1.7667781,-1.3143837,0.6884604,-1.2101369,0.46541327,0.8127829,-0.48674875,-0.02352749,-0.34934402,-1.04156,-0.04843554,1.111075,-0.322836714,-5.545873052,-4.316885195,-0.566750731,0.521580609,0.007848521,-0.322836714,-5.545873052,-4.316885195,-0.566750731,0.521580609,0.007848521,-4.800582,-73.53828,-48.046932,-6.018893,5.753034,0.090022534
21.33333445,1.7586424,-1.3145692,0.68299925,-1.2267532,0.46466678,0.8310345,-0.48818213,-0.022245744,-0.34560367,-1.0255466,-0.044092767,1.0952598,0.048244184,-5.50372899,-4.196708522,-0.542121374,0.48331795,0.008099707,0.048244184,-5.50372899,-4.196708522,-0.542121374,0.48331795,0.008099707,0.717391,-72.97945,-46.709366,-5.757329,5.330997,0.092903644
21.33333445,1.7586424,-1.3145692,0.68299925,-1.2267532,0.46466678,0.8310345,-0.48818213,-0.022245744,-0.34560367,-1.0255466,-0.044092767,1.0952598,0.048244184,-5.50372899,-4.196708522,-0.542121374,0.48331795,0.008099707,0.048244184,-5.50372899,-4.196708522,-0.542121374,0.48331795,0.008099707,0.717391,-72.97945,-46.709366,-5.757329,5.330997,0.092903644
21.35000111,1.750198,-1.3147128,0.67748696,-1.2433513,0.46403775,0.8493564,-0.5067908,-0.019962244,-0.3487523,-1.0261029,-0.037064128,1.0993657,-0.304743485,-5.495581764,-4.260343704,-0.546356918,0.51299205,0.007861143,-0.304743485,-5.495581764,-4.260343704,-0.546356918,0.51299205,0.007861143,-4.5315356,-72.871414,-47.417625,-5.8023105,5.6583023,0.090167314
21.35000111,1.750198,-1.3147128,0.67748696,-1.2433513,0.46403775,0.8493564,-0.5067908,-0.019962244,-0.3487523,-1.0261029,-0.037064128,1.0993657,-0.304743485,-5.495581764,-4.260343704,-0.546356918,0.51299205,0.007861143,-0.304743485,-5.495581764,-4.260343704,-0.546356918,0.51299205,0.007861143,-4.5315356,-72.871414,-47.417625,-5.8023105,5.6583023,0.090167314
21.36666778,1.741451,-1.3148179,0.67191535,-1.259959,0.46352324,0.8677327,-0.5248699,-0.017656613,-0.3517724,-1.0259734,-0.03019395,1.1024987,-0.287546595,-5.478193533,-4.233488647,-0.53606626,0.507820939,0.007876117,-0.287546595,-5.478193533,-4.233488647,-0.53606626,0.507820939,0.007876117,-4.275818,-72.64085,-47.11873,-5.6930237,5.601265,0.090339065
21.36666778,1.741451,-1.3148179,0.67191535,-1.259959,0.46352324,0.8677327,-0.5248699,-0.017656613,-0.3517724,-1.0259734,-0.03019395,1.1024987,-0.287546595,-5.478193533,-4.233488647,-0.53606626,0.507820939,0.007876117,-0.287546595,-5.478193533,-4.233488647,-0.53606626,0.507820939,0.007876117,-4.275818,-72.64085,-47.11873,-5.6930237,5.601265,0.090339065
21.38333445,1.7326981,-1.3149047,0.6663933,-1.2763335,0.46307278,0.88582873,-0.5251679,-0.016406948,-0.34782913,-1.0095166,-0.026352629,1.0859138,0.077450476,-5.454324345,-4.126128396,-0.513702014,0.47124956,0.008124295,0.077450476,-5.454324345,-4.126128396,-0.513702014,0.47124956,0.008124295,1.1516886,-72.32434,-45.92381,-5.4555154,5.1978827,0.09318566
21.38333445,1.7326981,-1.3149047,0.6663933,-1.2763335,0.46307278,0.88582873,-0.5251679,-0.016406948,-0.34782913,-1.0095166,-0.026352629,1.0859138,0.077450476,-5.454324345,-4.126128396,-0.513702014,0.47124956,0.008124295,0.077450476,-5.454324345,-4.126128396,-0.513702014,0.47124956,0.008124295,1.1516886,-72.32434,-45.92381,-5.4555154,5.1978827,0.09318566
21.40000112,1.7236539,-1.3149487,0.6608223,-1.2926714,0.4627327,0.903964,-0.5427363,-0.014013285,-0.35070542,-1.0087347,-0.019750152,1.0881659,-0.270702764,-5.428916045,-4.176283268,-0.514540116,0.497998007,0.007881844,-0.270702764,-5.428916045,-4.176283268,-0.514540116,0.497998007,0.007881844,-4.02535,-71.98743,-46.482033,-5.464416,5.492918,0.09040475
21.40000112,1.7236539,-1.3149487,0.6608223,-1.2926714,0.4627327,0.903964,-0.5427363,-0.014013285,-0.35070542,-1.0087347,-0.019750152,1.0881659,-0.270702764,-5.428916045,-4.176283268,-0.514540116,0.497998007,0.007881844,-0.270702764,-5.428916045,-4.176283268,-0.514540116,0.497998007,0.007881844,-4.02535,-71.98743,-46.482033,-5.464416,5.492918,0.09040475
21.41666778,1.7143247,-1.3149521,0.6551967,-1.3089967,0.4624997,0.9221226,-0.55976045,-0.01160872,-0.3534408,-1.0072656,-0.013329195,1.089423,-0.254130444,-5.411849446,-4.149004927,-0.503732345,0.492251665,0.007895862,-0.254130444,-5.411849446,-4.149004927,-0.503732345,0.492251665,0.007895862,-3.7789197,-71.76112,-46.178425,-5.3496375,5.429536,0.09056553
21.43333445,1.7050081,-1.3149382,0.6496247,-1.3250791,0.4623223,0.9399887,-0.55896837,-0.010413027,-0.3493013,-0.9904228,-0.009991178,1.0721109,0.103363673,-5.405788508,-4.054388096,-0.483632806,0.457523005,0.008146121,0.103363673,-5.405788508,-4.054388096,-0.483632806,0.457523005,0.008146121,1.5370178,-71.680756,-45.12534,-5.1361804,5.0464787,0.093436
21.43333445,1.7050081,-1.3149382,0.6496247,-1.3250791,0.4623223,0.9399887,-0.55896837,-0.010413027,-0.3493013,-0.9904228,-0.009991178,1.0721109,0.103363673,-5.405788508,-4.054388096,-0.483632806,0.457523005,0.008146121,0.103363673,-5.405788508,-4.054388096,-0.483632806,0.457523005,0.008146121,1.5370178,-71.680756,-45.12534,-5.1361804,5.0464787,0.093436
21.45000112,1.6954178,-1.31488,0.644007,-1.3411057,0.46224737,0.95786244,-0.5754824,-0.007944676,-0.3518991,-0.9883198,-0.003863307,1.0724516,-0.238710453,-5.36379174,-4.091372494,-0.481212521,0.481340351,0.007894181,-0.238710453,-5.36379174,-4.091372494,-0.481212521,0.481340351,0.007894181,-3.5496244,-71.12388,-45.536976,-5.110477,5.309184,0.09054625
21.45000112,1.6954178,-1.31488,0.644007,-1.3411057,0.46224737,0.95786244,-0.5754824,-0.007944676,-0.3518991,-0.9883198,-0.003863307,1.0724516,-0.238710453,-5.36379174,-4.091372494,-0.481212521,0.481340351,0.007894181,-0.238710453,-5.36379174,-4.091372494,-0.481212521,0.481340351,0.007894181,-3.5496244,-71.12388,-45.536976,-5.110477,5.309184,0.09054625
21.45000112,1.6954178,-1.31488,0.644007,-1.3411057,0.46224737,0.95786244,-0.5754824,-0.007944676,-0.3518991,-0.9883198,-0.003863307,1.0724516,-0.238710453,-5.36379174,-4.091372494,-0.481212521,0.481340351,0.007894181,-0.238710453,-5.36379174,-4.091372494,-0.481212521,0.481340351,0.007894181,-3.5496244,-71.12388,-45.536976,-5.110477,5.309184,0.09054625
21.46666779,1.6855603,-1.3147805,0.6383393,-1.357097,0.4622713,0.975727,-0.5914419,-0.005479238,-0.35434708,-0.98553354,0.002061344,1.0717813,-0.222869391,-5.347387967,-4.063949516,-0.469984757,0.475113498,0.007906743,-0.222869391,-5.347387967,-4.063949516,-0.469984757,0.475113498,0.007906743,-3.3140678,-70.906364,-45.23176,-4.991238,5.240502,0.090690345
21.48333445,1.6757324,-1.3146646,0.6327299,-1.3728374,0.46234247,0.99328804,-0.58960736,-0.004356708,-0.35002083,-0.9683663,0.004896898,1.0537926,0.125993589,-5.358259566,-3.981716228,-0.452095012,0.442319552,0.008165821,0.125993589,-5.358259566,-3.981716228,-0.452095012,0.442319552,0.008165821,1.8735247,-71.05052,-44.3165,-4.801249,4.8787847,0.093661964
21.48333445,1.6757324,-1.3146646,0.6327299,-1.3728374,0.46234247,0.99328804,-0.58960736,-0.004356708,-0.35002083,-0.9683663,0.004896898,1.0537926,0.125993589,-5.358259566,-3.981716228,-0.452095012,0.442319552,0.008165821,0.125993589,-5.358259566,-3.981716228,-0.452095012,0.442319552,0.008165821,1.8735247,-71.05052,-44.3165,-4.801249,4.8787847,0.093661964
21.50000112,1.6656483,-1.3145043,0.627078,-1.3885036,0.4625075,1.0108242,-0.60505927,-0.001851272,-0.3523391,-0.96496755,0.010505171,1.0521747,-0.208905886,-5.300807809,-4.006155996,-0.446629659,0.463267402,0.007898442,-0.208905886,-5.300807809,-4.006155996,-0.446629659,0.463267402,0.007898442,-3.1064305,-70.28871,-44.588516,-4.743207,5.1098394,0.090595126
21.50000112,1.6656483,-1.3145043,0.627078,-1.3885036,0.4625075,1.0108242,-0.60505927,-0.001851272,-0.3523391,-0.96496755,0.010505171,1.0521747,-0.208905886,-5.300807809,-4.006155996,-0.446629659,0.463267402,0.007898442,-0.208905886,-5.300807809,-4.006155996,-0.446629659,0.463267402,0.007898442,-3.1064305,-70.28871,-44.588516,-4.743207,5.1098394,0.090595126
21.51666779,1.6553149,-1.3143016,0.6213809,-1.4041127,0.4627624,1.0283183,-0.6199511,0.000638539,-0.3544999,-0.96089345,0.015890082,1.0495352,-0.193917647,-5.285070888,-3.978677152,-0.4350541,0.456640705,0.007909217,-0.193917647,-5.285070888,-3.978677152,-0.4350541,0.456640705,0.007909217,-2.8835554,-70.08004,-44.282677,-4.6202745,5.036747,0.09071872
21.53333446,1.6450284,-1.3140839,0.61574644,-1.4194627,0.46305603,1.0454983,-0.6171248,0.001668633,-0.35000038,-0.94346243,0.018228093,1.0309246,0.145425713,-5.312127621,-3.90849769,-0.419320854,0.42585302,0.008182694,0.145425713,-5.312127621,-3.90849769,-0.419320854,0.42585302,0.008182694,2.1624804,-70.43881,-43.50158,-4.4531875,4.697159,0.0938555
21.53333446,1.6450284,-1.3140839,0.61574644,-1.4194627,0.46305603,1.0454983,-0.6171248,0.001668633,-0.35000038,-0.94346243,0.018228093,1.0309246,0.145425713,-5.312127621,-3.90849769,-0.419320854,0.42585302,0.008182694,0.145425713,-5.312127621,-3.90849769,-0.419320854,0.42585302,0.008182694,2.1624804,-70.43881,-43.50158,-4.4531875,4.697159,0.0938555
21.53333446,1.6450284,-1.3140839,0.61574644,-1.4194627,0.46305603,1.0454983,-0.6171248,0.001668633,-0.35000038,-0.94346243,0.018228093,1.0309246,0.145425713,-5.312127621,-3.90849769,-0.419320854,0.42585302,0.008182694,0.145425713,-5.312127621,-3.90849769,-0.419320854,0.42585302,0.008182694,2.1624804,-70.43881,-43.50158,-4.4531875,4.697159,0.0938555
21.55000112,1.6345029,-1.3138223,0.61007303,-1.4347203,0.4634343,1.0626186,-0.6315177,0.004172858,-0.35204056,-0.938801,0.023275401,1.0273145,-0.181465014,-5.240373338,-3.921074195,-0.41105159,0.444033096,0.007893723,-0.181465014,-5.240373338,-3.921074195,-0.41105159,0.444033096,0.007893723,-2.6983848,-69.48735,-43.641556,-4.365368,4.897685,0.090541005
21.55000112,1.6345029,-1.3138223,0.61007303,-1.4347203,0.4634343,1.0626186,-0.6315177,0.004172858,-0.35204056,-0.938801,0.023275401,1.0273145,-0.181465014,-5.240373338,-3.921074195,-0.41105159,0.444033096,0.007893723,-0.181465014,-5.240373338,-3.921074195,-0.41105159,0.444033096,0.007893723,-2.6983848,-69.48735,-43.641556,-4.365368,4.897685,0.090541005
21.56666779,1.6237457,-1.3135188,0.60435945,-1.4498994,0.46389285,1.0796651,-0.64534575,0.006648746,-0.3539183,-0.9334749,0.028081456,1.0226816,-0.167328412,-5.225495443,-3.893727991,-0.399222931,0.437094878,0.007902851,-0.167328412,-5.225495443,-3.893727991,-0.399222931,0.437094878,0.007902851,-2.4881735,-69.29007,-43.337193,-4.2397475,4.8211565,0.0906457
21.58333446,1.6130509,-1.3132008,0.5987128,-1.4648129,0.46438193,1.0963883,-0.64158267,0.007570264,-0.34926,-0.9158479,0.029929463,1.0035115,0.161757915,-5.267509472,-3.834966572,-0.3855395,0.40833347,0.008198369,0.161757915,-5.267509472,-3.834966572,-0.3855395,0.40833347,0.008198369,2.4053402,-69.847176,-42.683178,-4.0944295,4.503918,0.0940353
21.58333446,1.6130509,-1.3132008,0.5987128,-1.4648129,0.46438193,1.0963883,-0.64158267,0.007570264,-0.34926,-0.9158479,0.029929463,1.0035115,0.161757915,-5.267509472,-3.834966572,-0.3855395,0.40833347,0.008198369,0.161757915,-5.267509472,-3.834966572,-0.3855395,0.40833347,0.008198369,2.4053402,-69.847176,-42.683178,-4.0944295,4.503918,0.0940353
21.60000113,1.6021348,-1.3128402,0.59303135,-1.4796162,0.46494567,1.1130204,-0.65492314,0.010034754,-0.35102773,-0.9099632,0.0343781,0.9978871,-0.156331784,-5.183016517,-3.836630233,-0.374765585,0.42389574,0.00788028,-0.156331784,-5.183016517,-3.836630233,-0.374765585,0.42389574,0.00788028,-2.3246536,-68.7268,-42.701694,-3.9800105,4.67557,0.09038681
21.60000113,1.6021348,-1.3128402,0.59303135,-1.4796162,0.46494567,1.1130204,-0.65492314,0.010034754,-0.35102773,-0.9099632,0.0343781,0.9978871,-0.156331784,-5.183016517,-3.836630233,-0.374765585,0.42389574,0.00788028,-0.156331784,-5.183016517,-3.836630233,-0.374765585,0.42389574,0.00788028,-2.3246536,-68.7268,-42.701694,-3.9800105,4.67557,0.09038681
21.61666779,1.5910047,-1.3124391,0.58731467,-1.4943205,0.4655795,1.1295428,-0.6677011,0.012457645,-0.3526306,-0.90343046,0.038570452,0.9912348,-0.143122208,-5.169180615,-3.809608946,-0.3627855,0.416741151,0.007886601,-0.143122208,-5.169180615,-3.809608946,-0.3627855,0.416741151,0.007886601,-2.1282272,-68.543335,-42.400948,-3.852782,4.596655,0.09045932
21.61666779,1.5910047,-1.3124391,0.58731467,-1.4943205,0.4655795,1.1295428,-0.6677011,0.012457645,-0.3526306,-0.90343046,0.038570452,0.9912348,-0.143122208,-5.169180615,-3.809608946,-0.3627855,0.416741151,0.007886601,-0.143122208,-5.169180615,-3.809608946,-0.3627855,0.416741151,0.007886601,-2.1282272,-68.543335,-42.400948,-3.852782,4.596655,0.09045932
21.63333446,1.5799516,-1.3120253,0.58166903,-1.5087547,0.4662357,1.1457341,-0.6630569,0.013255127,-0.34783188,-0.8856714,0.039938796,0.9715747,0.175247115,-5.224787739,-3.761521825,-0.351030903,0.389990759,0.008211605,0.175247115,-5.224787739,-3.761521825,-0.351030903,0.389990759,0.008211605,2.6059246,-69.280685,-41.865738,-3.7279482,4.301598,0.09418711
21.63333446,1.5799516,-1.3120253,0.58166903,-1.5087547,0.4662357,1.1457341,-0.6630569,0.013255127,-0.34783188,-0.8856714,0.039938796,0.9715747,0.175247115,-5.224787739,-3.761521825,-0.351030903,0.389990759,0.008211605,0.175247115,-5.224787739,-3.761521825,-0.351030903,0.389990759,0.008211605,2.6059246,-69.280685,-41.865738,-3.7279482,4.301598,0.09418711
21.65000113,1.5686947,-1.3115705,0.5759924,-1.5230604,0.46695617,1.161799,-0.6753616,0.015643666,-0.34933618,-0.8786082,0.04375744,0.96392447,-0.133532169,-5.128990507,-3.753199068,-0.338055724,0.403109012,0.007856921,-0.133532169,-5.128990507,-3.753199068,-0.338055724,0.403109012,0.007856921,-1.9856234,-68.010414,-41.773106,-3.5901518,4.4462924,0.090118885
21.65000113,1.5686947,-1.3115705,0.5759924,-1.5230604,0.46695617,1.161799,-0.6753616,0.015643666,-0.34933618,-0.8786082,0.04375744,0.96392447,-0.133532169,-5.128990507,-3.753199068,-0.338055724,0.403109012,0.007856921,-0.133532169,-5.128990507,-3.753199068,-0.338055724,0.403109012,0.007856921,-1.9856234,-68.010414,-41.773106,-3.5901518,4.4462924,0.090118885
21.6666678,1.5572407,-1.3110759,0.5702857,-1.5372471,0.467736,1.1777219,-0.6871076,0.01797745,-0.35067493,-0.8709182,0.047305234,0.95525694,-0.121211621,-5.116339291,-3.726659331,-0.326020053,0.395822957,0.007861445,-0.121211621,-5.116339291,-3.726659331,-0.326020053,0.395822957,0.007861445,-1.8024168,-67.84266,-41.47772,-3.462333,4.365927,0.09017077
21.68333446,1.5458777,-1.3105713,0.5646533,-1.55116,0.46853042,1.1933067,-0.68164086,0.01863515,-0.34575462,-0.8530966,0.04820823,0.93517935,0.186118874,-5.184296713,-3.688534294,-0.316081815,0.37105933,0.008221367,0.186118874,-5.184296713,-3.688534294,-0.316081815,0.37105933,0.008221367,2.7675877,-68.743774,-41.053387,-3.3567889,4.0927844,0.09429908
21.68333446,1.5458777,-1.3105713,0.5646533,-1.55116,0.46853042,1.1933067,-0.68164086,0.01863515,-0.34575462,-0.8530966,0.04820823,0.93517935,0.186118874,-5.184296713,-3.688534294,-0.316081815,0.37105933,0.008221367,0.186118874,-5.184296713,-3.688534294,-0.316081815,0.37105933,0.008221367,2.7675877,-68.743774,-41.053387,-3.3567889,4.0927844,0.09429908
21.70000113,1.5343274,-1.3100282,0.5589941,-1.5649277,0.4693781,1.2087333,-0.69293165,0.020910582,-0.34700558,-0.8449066,0.051368292,0.92550606,-0.112934472,-5.078729138,-3.671231745,-0.301224678,0.381926245,0.007823406,-0.112934472,-5.078729138,-3.671231745,-0.301224678,0.381926245,0.007823406,-1.6793356,-67.34395,-40.86081,-3.199006,4.2126465,0.089734465
21.70000113,1.5343274,-1.3100282,0.5589941,-1.5649277,0.4693781,1.2087333,-0.69293165,0.020910582,-0.34700558,-0.8449066,0.051368292,0.92550606,-0.112934472,-5.078729138,-3.671231745,-0.301224678,0.381926245,0.007823406,-0.112934472,-5.078729138,-3.671231745,-0.301224678,0.381926245,0.007823406,-1.6793356,-67.34395,-40.86081,-3.199006,4.2126465,0.089734465
21.70000113,1.5343274,-1.3100282,0.5589941,-1.5649277,0.4693781,1.2087333,-0.69293165,0.020910582,-0.34700558,-0.8449066,0.051368292,0.92550606,-0.112934472,-5.078729138,-3.671231745,-0.301224678,0.381926245,0.007823406,-0.112934472,-5.078729138,-3.671231745,-0.301224678,0.381926245,0.007823406,-1.6793356,-67.34395,-40.86081,-3.199006,4.2126465,0.089734465
21.7166678,1.5225964,-1.3094474,0.55330974,-1.5785578,0.47027406,1.2239823,-0.7036709,0.023118393,-0.34809262,-0.8361159,0.054246318,0.9148258,-0.101464534,-5.067406449,-3.645336017,-0.28923586,0.374593631,0.007824539,-0.101464534,-5.067406449,-3.645336017,-0.28923586,0.374593631,0.007824539,-1.5087776,-67.19381,-40.57259,-3.0716848,4.1317677,0.08974746
21.73333447,1.5109695,-1.3088583,0.5477027,-1.5919117,0.47117698,1.2388878,-0.69743973,0.023625985,-0.3430701,-0.8182967,0.054701243,0.8944092,0.194647301,-5.145909811,-3.616144843,-0.280954092,0.351744139,0.008227798,0.194647301,-5.145909811,-3.616144843,-0.280954092,0.351744139,0.008227798,2.8944054,-68.234764,-40.247692,-2.9837325,3.8797379,0.09437284
21.73333447,1.5109695,-1.3088583,0.5477027,-1.5919117,0.47117698,1.2388878,-0.69743973,0.023625985,-0.3430701,-0.8182967,0.054701243,0.8944092,0.194647301,-5.145909811,-3.616144843,-0.280954092,0.351744139,0.008227798,0.194647301,-5.145909811,-3.616144843,-0.280954092,0.351744139,0.008227798,2.8944054,-68.234764,-40.247692,-2.9837325,3.8797379,0.09437284
21.75000113,1.4991719,-1.3082336,0.5420733,-1.6051042,0.4721219,1.2536011,-0.7077441,0.025752012,-0.34408048,-0.8090388,0.057179224,0.8827298,-0.094358666,-5.032556341,-3.591130986,-0.264573254,0.360589793,0.007778684,-0.094358666,-5.032556341,-3.591130986,-0.264573254,0.360589793,0.007778684,-1.4031134,-66.7317,-39.969288,-2.809768,3.9773054,0.08922151
21.75000113,1.4991719,-1.3082336,0.5420733,-1.6051042,0.4721219,1.2536011,-0.7077441,0.025752012,-0.34408048,-0.8090388,0.057179224,0.8827298,-0.094358666,-5.032556341,-3.591130986,-0.264573254,0.360589793,0.007778684,-0.094358666,-5.032556341,-3.591130986,-0.264573254,0.360589793,0.007778684,-1.4031134,-66.7317,-39.969288,-2.809768,3.9773054,0.08922151
21.7666678,1.4872099,-1.3075746,0.5364232,-1.6181409,0.47310355,1.2681041,-0.7175073,0.027797306,-0.3449308,-0.7992057,0.05936652,0.870063,-0.083698614,-5.022693364,-3.566031786,-0.252728812,0.353291417,0.007776259,-0.083698614,-5.022693364,-3.566031786,-0.252728812,0.353291417,0.007776259,-1.2445984,-66.600914,-39.689934,-2.68398,3.8968043,0.08919369
21.78333447,1.4753633,-1.3069094,0.53085333,-1.6309009,0.4740849,1.2822603,-0.7105732,0.02814504,-0.3398248,-0.781457,0.059393384,0.8493897,0.201091625,-5.109788138,-3.544650973,-0.245939877,0.332264779,0.008228603,0.201091625,-5.109788138,-3.544650973,-0.245939877,0.332264779,0.008228603,2.9902325,-67.75579,-39.451965,-2.6118815,3.6648805,0.09438208
21.78333447,1.4753633,-1.3069094,0.53085333,-1.6309009,0.4740849,1.2822603,-0.7105732,0.02814504,-0.3398248,-0.781457,0.059393384,0.8493897,0.201091625,-5.109788138,-3.544650973,-0.245939877,0.332264779,0.008228603,0.201091625,-5.109788138,-3.544650973,-0.245939877,0.332264779,0.008228603,2.9902325,-67.75579,-39.451965,-2.6118815,3.6648805,0.09438208
21.78333447,1.4753633,-1.3069094,0.53085333,-1.6309009,0.4740849,1.2822603,-0.7105732,0.02814504,-0.3398248,-0.781457,0.059393384,0.8493897,0.201091625,-5.109788138,-3.544650973,-0.245939877,0.332264779,0.008228603,0.201091625,-5.109788138,-3.544650973,-0.245939877,0.332264779,0.008228603,2.9902325,-67.75579,-39.451965,-2.6118815,3.6648805,0.09438208
21.80000114,1.463362,-1.3062121,0.5252649,-1.6434835,0.47509673,1.29619,-0.7199242,0.030087113,-0.34060952,-0.7711921,0.06117204,0.8357318,-0.077633835,-4.990629769,-3.513214852,-0.2283865,0.339324671,0.007721094,-0.077633835,-4.990629769,-3.513214852,-0.2283865,0.339324671,0.007721094,-1.1544151,-66.17575,-39.10208,-2.4254646,3.7427511,0.088560954
21.80000114,1.463362,-1.3062121,0.5252649,-1.6434835,0.47509673,1.29619,-0.7199242,0.030087113,-0.34060952,-0.7711921,0.06117204,0.8357318,-0.077633835,-4.990629769,-3.513214852,-0.2283865,0.339324671,0.007721094,-0.077633835,-4.990629769,-3.513214852,-0.2283865,0.339324671,0.007721094,-1.1544151,-66.17575,-39.10208,-2.4254646,3.7427511,0.088560954
21.8166678,1.451212,-1.3054835,0.51966035,-1.6558942,0.47613356,1.3098775,-0.7287472,0.031936083,-0.3412381,-0.7603828,0.062653095,0.82111216,-0.067728577,-4.982236284,-3.488989296,-0.216773944,0.33212884,0.007714644,-0.067728577,-4.982236284,-3.488989296,-0.216773944,0.33212884,0.007714644,-1.007124,-66.06445,-38.83245,-2.3021393,3.663381,0.08848697
21.83333447,1.4391887,-1.3047512,0.51413786,-1.6680282,0.47716329,1.3232137,-0.7211705,0.032114405,-0.3360678,-0.74277014,0.06227442,0.80026984,0.205789706,-5.07609107,-3.474354637,-0.211330322,0.312829255,0.008221862,0.205789706,-5.07609107,-3.474354637,-0.211330322,0.312829255,0.008221862,3.060093,-67.30897,-38.669567,-2.244328,3.4505067,0.094304755
21.83333447,1.4391887,-1.3047512,0.51413786,-1.6680282,0.47716329,1.3232137,-0.7211705,0.032114405,-0.3360678,-0.74277014,0.06227442,0.80026984,0.205789706,-5.07609107,-3.474354637,-0.211330322,0.312829255,0.008221862,0.205789706,-5.07609107,-3.474354637,-0.211330322,0.312829255,0.008221862,3.060093,-67.30897,-38.669567,-2.244328,3.4505067,0.094304755
21.85000114,1.4270253,-1.3039905,0.50860083,-1.6799704,0.47821155,1.3362925,-0.7296078,0.033839248,-0.33664125,-0.7315643,0.06334041,0.78467804,-0.062583867,-4.95300293,-3.437730458,-0.192935184,0.318334909,0.007649077,-0.062583867,-4.95300293,-3.437730458,-0.192935184,0.318334909,0.007649077,-0.9306221,-65.67682,-38.26194,-2.0489717,3.511234,0.08773491
21.85000114,1.4270253,-1.3039905,0.50860083,-1.6799704,0.47821155,1.3362925,-0.7296078,0.033839248,-0.33664125,-0.7315643,0.06334041,0.78467804,-0.062583867,-4.95300293,-3.437730458,-0.192935184,0.318334909,0.007649077,-0.062583867,-4.95300293,-3.437730458,-0.192935184,0.318334909,0.007649077,-0.9306221,-65.67682,-38.26194,-2.0489717,3.511234,0.08773491
21.86666781,1.4147284,-1.3032026,0.5030519,-1.6917249,0.47927287,1.3490971,-0.7375309,0.035458267,-0.3370636,-0.7198494,0.06410527,0.76815486,-0.053318475,-4.946200341,-3.41451393,-0.181648197,0.311309213,0.00763853,-0.053318475,-4.946200341,-3.41451393,-0.181648197,0.311309213,0.00763853,-0.7928457,-65.58662,-38.00354,-1.9291039,3.4337406,0.08761394
21.86666781,1.4147284,-1.3032026,0.5030519,-1.6917249,0.47927287,1.3490971,-0.7375309,0.035458267,-0.3370636,-0.7198494,0.06410527,0.76815486,-0.053318475,-4.946200341,-3.41451393,-0.181648197,0.311309213,0.00763853,-0.053318475,-4.946200341,-3.41451393,-0.181648197,0.311309213,0.00763853,-0.7928457,-65.58662,-38.00354,-1.9291039,3.4337406,0.08761394
21.88333447,1.4025677,-1.3024141,0.49758685,-1.7032046,0.48032072,1.3615516,-0.7293713,0.035461202,-0.33184746,-0.7024355,0.06334628,0.74723375,0.209023925,-5.0446506,-3.405382305,-0.177381324,0.293616609,0.008206188,0.209023925,-5.0446506,-3.405382305,-0.177381324,0.293616609,0.008206188,3.1081858,-66.89207,-37.901905,-1.8837897,3.2385912,0.09412497
21.88333447,1.4025677,-1.3024141,0.49758685,-1.7032046,0.48032072,1.3615516,-0.7293713,0.035461202,-0.33184746,-0.7024355,0.06334628,0.74723375,0.209023925,-5.0446506,-3.405382305,-0.177381324,0.293616609,0.008206188,0.209023925,-5.0446506,-3.405382305,-0.177381324,0.293616609,0.008206188,3.1081858,-66.89207,-37.901905,-1.8837897,3.2385912,0.09412497
21.90000114,1.3902817,-1.3016018,0.49211082,-1.7144791,0.4813752,1.3737155,-0.7369367,0.036937606,-0.3322255,-0.69036055,0.06369231,0.72975606,-0.048948633,-4.919701716,-3.364915325,-0.158478951,0.297805405,0.007560291,-0.048948633,-4.919701716,-3.364915325,-0.158478951,0.297805405,0.007560291,-0.7278662,-65.235245,-37.451508,-1.6830465,3.2847936,0.08671653
21.90000114,1.3902817,-1.3016018,0.49211082,-1.7144791,0.4813752,1.3737155,-0.7369367,0.036937606,-0.3322255,-0.69036055,0.06369231,0.72975606,-0.048948633,-4.919701716,-3.364915325,-0.158478951,0.297805405,0.007560291,-0.048948633,-4.919701716,-3.364915325,-0.158478951,0.297805405,0.007560291,-0.7278662,-65.235245,-37.451508,-1.6830465,3.2847936,0.08671653
21.91666781,1.3778764,-1.3007665,0.48662665,-1.7255517,0.48243073,1.3855741,-0.744004,0.03829724,-0.33245814,-0.67781174,0.06373545,0.71138734,-0.0402718,-4.914364016,-3.342711251,-0.147585635,0.290999841,0.007544657,-0.0402718,-4.914364016,-3.342711251,-0.147585635,0.290999841,0.007544657,-0.59884167,-65.16447,-37.204376,-1.5673594,3.2097282,0.08653722
21.93333448,1.365616,-1.299933,0.48122752,-1.7363528,0.48346686,1.397083,-0.73532206,0.03812168,-0.32721302,-0.6606596,0.062624305,0.69048196,0.211025551,-5.015210113,-3.337822063,-0.144335633,0.27478742,0.008178694,0.211025551,-5.015210113,-3.337822063,-0.144335633,0.27478742,0.008178694,3.13795,-66.501686,-37.14996,-1.5328444,3.0309052,0.09380962
21.93333448,1.365616,-1.299933,0.48122752,-1.7363528,0.48346686,1.397083,-0.73532206,0.03812168,-0.32721302,-0.6606596,0.062624305,0.69048196,0.211025551,-5.015210113,-3.337822063,-0.144335633,0.27478742,0.008178694,0.211025551,-5.015210113,-3.337822063,-0.144335633,0.27478742,0.008178694,3.13795,-66.501686,-37.14996,-1.5328444,3.0309052,0.09380962
21.95000114,1.3532443,-1.2990808,0.47582084,-1.7469358,0.4844976,1.4082713,-0.74206215,0.039319627,-0.32741073,-0.6477882,0.062247876,0.67118967,-0.036540156,-4.890603573,-3.29490929,-0.125245433,0.27789661,0.007453764,-0.036540156,-4.890603573,-3.29490929,-0.125245433,0.27789661,0.007453764,-0.5433521,-64.8494,-36.67234,-1.3301065,3.0651996,0.085494675
21.95000114,1.3532443,-1.2990808,0.47582084,-1.7469358,0.4844976,1.4082713,-0.74206215,0.039319627,-0.32741073,-0.6477882,0.062247876,0.67118967,-0.036540156,-4.890603573,-3.29490929,-0.125245433,0.27789661,0.007453764,-0.036540156,-4.890603573,-3.29490929,-0.125245433,0.27789661,0.007453764,-0.5433521,-64.8494,-36.67234,-1.3301065,3.0651996,0.085494675
21.95000114,1.3532443,-1.2990808,0.47582084,-1.7469358,0.4844976,1.4082713,-0.74206215,0.039319627,-0.32741073,-0.6477882,0.062247876,0.67118967,-0.036540156,-4.890603573,-3.29490929,-0.125245433,0.27789661,0.007453764,-0.036540156,-4.890603573,-3.29490929,-0.125245433,0.27789661,0.007453764,-0.5433521,-64.8494,-36.67234,-1.3301065,3.0651996,0.085494675
21.96666781,1.3407663,-1.2982106,0.4704094,-1.7573037,0.48551735,1.4191246,-0.748323,0.040391345,-0.3274696,-0.6344811,0.061569966,0.6510491,-0.02839833,-4.886617991,-3.273731036,-0.114812644,0.271356657,0.007432339,-0.02839833,-4.886617991,-3.273731036,-0.114812644,0.271356657,0.007432339,-0.42228317,-64.796555,-36.436626,-1.2193103,2.993064,0.08524893
21.98333448,1.328441,-1.2973448,0.46508387,-1.7674041,0.48651224,1.4296303,-0.73917806,0.040035214,-0.3222114,-0.61765176,0.060136933,0.6302539,0.212055545,-4.987625191,-3.271810664,-0.112426191,0.256492437,0.008136518,0.212055545,-4.987625191,-3.271810664,-0.112426191,0.256492437,0.008136518,3.153266,-66.13591,-36.415253,-1.1939662,2.8291116,0.09332586
21.98333448,1.328441,-1.2973448,0.46508387,-1.7674041,0.48651224,1.4296303,-0.73917806,0.040035214,-0.3222114,-0.61765176,0.060136933,0.6302539,0.212055545,-4.987625191,-3.271810664,-0.112426191,0.256492437,0.008136518,0.212055545,-4.987625191,-3.271810664,-0.112426191,0.256492437,0.008136518,3.153266,-66.13591,-36.415253,-1.1939662,2.8291116,0.09332586
22.00000115,1.3160169,-1.2964655,0.45975396,-1.7772747,0.48749,1.439785,-0.74513984,0.040928498,-0.32224473,-0.60406226,0.059041213,0.6092256,-0.025125117,-4.865451888,-3.227786384,-0.093441551,0.258742866,0.007326871,-0.025125117,-4.865451888,-3.227786384,-0.093441551,0.258742866,0.007326871,-0.3736105,-64.51589,-35.925262,-0.99234927,2.8539338,0.08403921
22.00000115,1.3160169,-1.2964655,0.45975396,-1.7772747,0.48749,1.439785,-0.74513984,0.040928498,-0.32224473,-0.60406226,0.059041213,0.6092256,-0.025125117,-4.865451888,-3.227786384,-0.093441551,0.258742866,0.007326871,-0.025125117,-4.865451888,-3.227786384,-0.093441551,0.258742866,0.007326871,-0.3736105,-64.51589,-35.925262,-0.99234927,2.8539338,0.08403921
22.01666781,1.3034998,-1.2955731,0.4544224,-1.786919,0.48844478,1.4495775,-0.75064313,0.041685544,-0.32214585,-0.5900776,0.057647694,0.587401,-0.017444223,-4.862816697,-3.207691875,-0.083536269,0.252511689,0.007299034,-0.017444223,-4.862816697,-3.207691875,-0.083536269,0.252511689,0.007299034,-0.2593956,-64.48095,-35.70161,-0.8871552,2.785204,0.083719924
22.03333448,1.2911422,-1.2946887,0.4491772,-1.7963009,0.48936975,1.4590253,-0.74109274,0.041148268,-0.31688976,-0.5736288,0.055924308,0.5668141,0.212347548,-4.961665687,-3.207433106,-0.081860037,0.238858713,0.008077713,0.212347548,-4.961665687,-3.207433106,-0.081860037,0.238858713,0.008077713,3.157608,-65.79169,-35.69873,-0.8693536,2.6346116,0.09265137
22.03333448,1.2911422,-1.2946887,0.4491772,-1.7963009,0.48936975,1.4590253,-0.74109274,0.041148268,-0.31688976,-0.5736288,0.055924308,0.5668141,0.212347548,-4.961665687,-3.207433106,-0.081860037,0.238858713,0.008077713,0.212347548,-4.961665687,-3.207433106,-0.081860037,0.238858713,0.008077713,3.157608,-65.79169,-35.69873,-0.8693536,2.6346116,0.09265137
22.03333448,1.2911422,-1.2946887,0.4491772,-1.7963009,0.48936975,1.4590253,-0.74109274,0.041148268,-0.31688976,-0.5736288,0.055924308,0.5668141,0.212347548,-4.961665687,-3.207433106,-0.081860037,0.238858713,0.008077713,0.212347548,-4.961665687,-3.207433106,-0.081860037,0.238858713,0.008077713,3.157608,-65.79169,-35.69873,-0.8693536,2.6346116,0.09265137
22.05000115,1.2786978,-1.2937957,0.44393042,-1.805443,0.49026588,1.468096,-0.74632907,0.041713204,-0.31677416,-0.5594022,0.054118417,0.5441435,-0.014583136,-4.843864614,-3.16353941,-0.063239181,0.24045454,0.007178166,-0.014583136,-4.843864614,-3.16353941,-0.063239181,0.24045454,0.007178166,-0.21685123,-64.229645,-35.210194,-0.6716001,2.6522136,0.082333565
22.05000115,1.2786978,-1.2937957,0.44393042,-1.805443,0.49026588,1.468096,-0.74632907,0.041713204,-0.31677416,-0.5594022,0.054118417,0.5441435,-0.014583136,-4.843864614,-3.16353941,-0.063239181,0.24045454,0.007178166,-0.014583136,-4.843864614,-3.16353941,-0.063239181,0.24045454,0.007178166,-0.21685123,-64.229645,-35.210194,-0.6716001,2.6522136,0.082333565
22.06666782,1.266172,-1.292896,0.43868482,-1.8143483,0.49112713,1.476777,-0.75112796,0.04213223,-0.31653374,-0.54482,0.05202024,0.5207279,-0.007271462,-4.842517099,-3.144553322,-0.053917385,0.234564455,0.007143137,-0.007271462,-4.842517099,-3.144553322,-0.053917385,0.234564455,0.007143137,-0.10812664,-64.21178,-34.99888,-0.5726026,2.587246,0.081931785
22.08333449,1.2538116,-1.2920073,0.43352568,-1.8229976,0.49195445,1.4851196,-0.7412272,0.041417938,-0.31129363,-0.52880824,0.050040975,0.50044847,0.212063946,-4.936772918,-3.144595479,-0.052799602,0.22197777,0.007999285,0.212063946,-4.936772918,-3.144595479,-0.052799602,0.22197777,0.007999285,3.153391,-65.46161,-34.999348,-0.56073177,2.4484148,0.0917518
22.08333449,1.2538116,-1.2920073,0.43352568,-1.8229976,0.49195445,1.4851196,-0.7412272,0.041417938,-0.31129363,-0.52880824,0.050040975,0.50044847,0.212063946,-4.936772918,-3.144595479,-0.052799602,0.22197777,0.007999285,0.212063946,-4.936772918,-3.144595479,-0.052799602,0.22197777,0.007999285,3.153391,-65.46161,-34.999348,-0.56073177,2.4484148,0.0917518
22.10000115,1.2413757,-1.2911162,0.42836756,-1.8313982,0.49274108,1.4930581,-0.74579126,0.04163352,-0.31104442,-0.5140255,0.047537986,0.47623625,-0.004730212,-4.82544676,-3.102146433,-0.034790698,0.223119585,0.007004817,-0.004730212,-4.82544676,-3.102146433,-0.034790698,0.223119585,0.007004817,-0.07033825,-63.985424,-34.52689,-0.3694772,2.461009,0.08034525
22.10000115,1.2413757,-1.2911162,0.42836756,-1.8313982,0.49274108,1.4930581,-0.74579126,0.04163352,-0.31104442,-0.5140255,0.047537986,0.47623625,-0.004730212,-4.82544676,-3.102146433,-0.034790698,0.223119585,0.007004817,-0.004730212,-4.82544676,-3.102146433,-0.034790698,0.223119585,0.007004817,-0.07033825,-63.985424,-34.52689,-0.3694772,2.461009,0.08034525
22.11666782,1.228869,-1.2902235,0.42321298,-1.8395528,0.49348164,1.5005828,-0.7499392,0.04169673,-0.31067812,-0.4989308,0.044752114,0.45134047,0.002252967,-4.825087155,-3.084168001,-0.02608476,0.217586977,0.006962644,0.002252967,-4.825087155,-3.084168001,-0.02608476,0.217586977,0.006962644,0.033501625,-63.980656,-34.32679,-0.27702016,2.3999844,0.07986152
22.11666782,1.228869,-1.2902235,0.42321298,-1.8395528,0.49348164,1.5005828,-0.7499392,0.04169673,-0.31067812,-0.4989308,0.044752114,0.45134047,0.002252967,-4.825087155,-3.084168001,-0.02608476,0.217586977,0.006962644,0.002252967,-4.825087155,-3.084168001,-0.02608476,0.217586977,0.006962644,0.033501625,-63.980656,-34.32679,-0.27702016,2.3999844,0.07986152
22.13333449,1.216533,-1.2893449,0.4181447,-1.8474592,0.49418452,1.5077742,-0.7397425,0.04080916,-0.30546626,-0.4834094,0.042551823,0.43146706,0.211358343,-4.91267013,-3.083341655,-0.025403258,0.205939895,0.007898668,0.211358343,-4.91267013,-3.083341655,-0.025403258,0.205939895,0.007898668,3.1428986,-65.142006,-34.317593,-0.2697826,2.271517,0.09059772
22.13333449,1.216533,-1.2893449,0.4181447,-1.8474592,0.49418452,1.5077742,-0.7397425,0.04080916,-0.30546626,-0.4834094,0.042551823,0.43146706,0.211358343,-4.91267013,-3.083341655,-0.025403258,0.205939895,0.007898668,0.211358343,-4.91267013,-3.083341655,-0.025403258,0.205939895,0.007898668,3.1428986,-65.142006,-34.317593,-0.2697826,2.271517,0.09059772
22.15000116,1.2041314,-1.2884701,0.41307965,-1.8551089,0.4948355,1.5145398,-0.74368775,0.04065725,-0.30509964,-0.46815446,0.039371107,0.4058307,0.004581228,-4.809762486,-3.04354576,-0.00822083,0.206807864,0.006806287,0.004581228,-4.809762486,-3.04354576,-0.00822083,0.206807864,0.006806287,0.068122864,-63.77745,-33.874664,-0.08730522,2.2810907,0.07806811
22.15000116,1.2041314,-1.2884701,0.41307965,-1.8551089,0.4948355,1.5145398,-0.74368775,0.04065725,-0.30509964,-0.46815446,0.039371107,0.4058307,0.004581228,-4.809762486,-3.04354576,-0.00822083,0.206807864,0.006806287,0.004581228,-4.809762486,-3.04354576,-0.00822083,0.206807864,0.006806287,0.068122864,-63.77745,-33.874664,-0.08730522,2.2810907,0.07806811
22.16666782,1.1916693,-1.2875999,0.40802026,-1.8625046,0.49542913,1.5208685,-0.7472391,0.040347252,-0.30462235,-0.4526326,0.035918273,0.37957078,0.01127946,-4.810183081,-3.026515347,-0.000163148,0.201646047,0.006755702,0.01127946,-4.810183081,-3.026515347,-0.000163148,0.201646047,0.006755702,0.16772556,-63.783028,-33.685116,-0.001732633,2.224156,0.0774879
22.18333449,1.1793818,-1.2867471,0.40304682,-1.8696612,0.49598187,1.5268729,-0.7367986,0.039293587,-0.29945073,-0.43765166,0.033533845,0.3602027,0.210344254,-4.888808997,-3.023556472,0.000215417,0.19080159,0.007773386,0.210344254,-4.888808997,-3.023556472,0.000215417,0.19080159,0.007773386,3.127819,-64.82561,-33.652184,0.002287731,2.1045415,0.08916074
22.18333449,1.1793818,-1.2867471,0.40304682,-1.8696612,0.49598187,1.5268729,-0.7367986,0.039293587,-0.29945073,-0.43765166,0.033533845,0.3602027,0.210344254,-4.888808997,-3.023556472,0.000215417,0.19080159,0.007773386,0.210344254,-4.888808997,-3.023556472,0.000215417,0.19080159,0.007773386,3.127819,-64.82561,-33.652184,0.002287731,2.1045415,0.08916074
22.20000116,1.1670382,-1.2859038,0.39807856,-1.8765545,0.49647203,1.5324291,-0.7401784,0.038760934,-0.29898092,-0.42201054,0.029700106,0.33326265,0.013451426,-4.796092291,-2.987519407,0.016385755,0.191554997,0.006580062,0.013451426,-4.796092291,-2.987519407,0.016385755,0.191554997,0.006580062,0.2000227,-63.596184,-33.25109,0.17401671,2.1128516,0.07547331
22.20000116,1.1670382,-1.2859038,0.39807856,-1.8765545,0.49647203,1.5324291,-0.7401784,0.038760934,-0.29898092,-0.42201054,0.029700106,0.33326265,0.013451426,-4.796092291,-2.987519407,0.016385755,0.191554997,0.006580062,0.013451426,-4.796092291,-2.987519407,0.016385755,0.191554997,0.006580062,0.2000227,-63.596184,-33.25109,0.17401671,2.1128516,0.07547331
22.20000116,1.1670382,-1.2859038,0.39807856,-1.8765545,0.49647203,1.5324291,-0.7401784,0.038760934,-0.29898092,-0.42201054,0.029700106,0.33326265,0.013451426,-4.796092291,-2.987519407,0.016385755,0.191554997,0.006580062,0.013451426,-4.796092291,-2.987519407,0.016385755,0.191554997,0.006580062,0.2000227,-63.596184,-33.25109,0.17401671,2.1128516,0.07547331
22.21666783,1.1546428,-1.2850717,0.39311785,-1.8831874,0.4968943,1.5375277,-0.7431875,0.038064107,-0.298408,-0.40614772,0.025606968,0.30576795,0.01992057,-4.797226056,-2.971444897,0.023762385,0.186780984,0.006521159,0.01992057,-4.797226056,-2.971444897,0.023762385,0.186780984,0.006521159,0.29621887,-63.611217,-33.07218,0.25235653,2.0601943,0.07479769
22.23333449,1.1424253,-1.2842602,0.38824233,-1.8895904,0.49727306,1.5423124,-0.7325503,0.036854107,-0.29328772,-0.39175496,0.023075994,0.2870027,0.209134236,-4.864673413,-2.965128882,0.023962981,0.176604229,0.007621631,0.209134236,-4.864673413,-2.965128882,0.023962981,0.176604229,0.007621631,3.109826,-64.50557,-33.001884,0.25448686,1.9479446,0.087420106
22.23333449,1.1424253,-1.2842602,0.38824233,-1.8895904,0.49727306,1.5423124,-0.7325503,0.036854107,-0.29328772,-0.39175496,0.023075994,0.2870027,0.209134236,-4.864673413,-2.965128882,0.023962981,0.176604229,0.007621631,0.209134236,-4.864673413,-2.965128882,0.023962981,0.176604229,0.007621631,3.109826,-64.50557,-33.001884,0.25448686,1.9479446,0.087420106
22.25000116,1.1301606,-1.2834648,0.38337377,-1.8957247,0.49757898,1.5466292,-0.7354191,0.03592938,-0.29272908,-0.37581483,0.018617403,0.2588927,0.021963113,-4.78391633,-2.933934735,0.038955154,0.177394263,0.006325513,0.021963113,-4.78391633,-2.933934735,0.038955154,0.177394263,0.006325513,0.3265915,-63.43473,-32.654694,0.41370374,1.9566587,0.072553635
22.25000116,1.1301606,-1.2834648,0.38337377,-1.8957247,0.49757898,1.5466292,-0.7354191,0.03592938,-0.29272908,-0.37581483,0.018617403,0.2588927,0.021963113,-4.78391633,-2.933934735,0.038955154,0.177394263,0.006325513,0.021963113,-4.78391633,-2.933934735,0.038955154,0.177394263,0.006325513,0.3265915,-63.43473,-32.654694,0.41370374,1.9566587,0.072553635
22.26666783,1.1178522,-1.282687,0.37851435,-1.9015946,0.49780664,1.5504698,-0.73793906,0.034838118,-0.29207528,-0.3596993,0.013914791,0.23030081,0.028230684,-4.785390138,-2.918668749,0.045642644,0.173003146,0.006257604,0.028230684,-4.785390138,-2.918668749,0.045642644,0.173003146,0.006257604,0.41979027,-63.454273,-32.484783,0.48472488,1.9082247,0.07177472
22.2833345,1.1057243,-1.2819319,0.3737391,-1.9072448,0.49798906,1.5540088,-0.7271523,0.03348303,-0.2870155,-0.34593734,0.011276055,0.21223582,0.207768756,-4.839693187,-2.907909452,0.045776844,0.163371976,0.007441679,0.207768756,-4.839693187,-2.907909452,0.045776844,0.163371976,0.007441679,3.0895214,-64.17433,-32.365032,0.4861501,1.8019929,0.08535606
22.2833345,1.1057243,-1.2819319,0.3737391,-1.9072448,0.49798906,1.5540088,-0.7271523,0.03348303,-0.2870155,-0.34593734,0.011276055,0.21223582,0.207768756,-4.839693187,-2.907909452,0.045776844,0.163371976,0.007441679,0.207768756,-4.839693187,-2.907909452,0.045776844,0.163371976,0.007441679,3.0895214,-64.17433,-32.365032,0.4861501,1.8019929,0.08535606
22.2833345,1.1057243,-1.2819319,0.3737391,-1.9072448,0.49798906,1.5540088,-0.7271523,0.03348303,-0.2870155,-0.34593734,0.011276055,0.21223582,0.207768756,-4.839693187,-2.907909452,0.045776844,0.163371976,0.007441679,0.207768756,-4.839693187,-2.907909452,0.045776844,0.163371976,0.007441679,3.0895214,-64.17433,-32.365032,0.4861501,1.8019929,0.08535606
22.30000116,1.0935562,-1.2811992,0.36897227,-1.9126225,0.4980889,1.5570626,-0.7295639,0.032158725,-0.28638282,-0.32978436,0.006226776,0.18309769,0.030170292,-4.772576667,-2.882579245,0.059444217,0.164336479,0.006040749,0.030170292,-4.772576667,-2.882579245,0.059444217,0.164336479,0.006040749,0.44863224,-63.284367,-32.083107,0.6312976,1.8126314,0.06928739
22.30000116,1.0935562,-1.2811992,0.36897227,-1.9126225,0.4980889,1.5570626,-0.7295639,0.032158725,-0.28638282,-0.32978436,0.006226776,0.18309769,0.030170292,-4.772576667,-2.882579245,0.059444217,0.164336479,0.006040749,0.030170292,-4.772576667,-2.882579245,0.059444217,0.164336479,0.006040749,0.44863224,-63.284367,-32.083107,0.6312976,1.8126314,0.06928739
22.31666783,1.0813522,-1.2804912,0.36421585,-1.9177325,0.498101,1.5596243,-0.7316478,0.030665403,-0.28566203,-0.31350178,0.000950182,0.15355384,0.036281568,-4.77423258,-2.868066944,0.065429124,0.160329664,0.005963866,0.036281568,-4.77423258,-2.868066944,0.065429124,0.160329664,0.005963866,0.5395069,-63.306324,-31.921585,0.6948573,1.7684362,0.06840554
22.3333345,1.0693305,-1.2798085,0.35954252,-1.9226335,0.49806663,1.5618976,-0.72075385,0.029178409,-0.2806715,-0.30041105,-0.00175728,0.13628203,0.206297648,-4.813348474,-2.851744632,0.065611311,0.151116677,0.007230243,0.206297648,-4.813348474,-2.851744632,0.065611311,0.151116677,0.007230243,3.067646,-63.825,-31.739918,0.6967921,1.666817,0.08293089
22.3333345,1.0693305,-1.2798085,0.35954252,-1.9226335,0.49806663,1.5618976,-0.72075385,0.029178409,-0.2806715,-0.30041105,-0.00175728,0.13628203,0.206297648,-4.813348474,-2.851744632,0.065611311,0.151116677,0.007230243,0.206297648,-4.813348474,-2.851744632,0.065611311,0.151116677,0.007230243,3.067646,-63.825,-31.739918,0.6967921,1.666817,0.08293089
22.35000117,1.0572753,-1.2791547,0.35487878,-1.9272596,0.49794045,1.5636709,-0.72275865,0.027451899,-0.27997807,-0.2841323,-0.007360152,0.106266946,0.038137673,-4.761274979,-2.833140014,0.077838879,0.152369553,0.005725772,0.038137673,-4.761274979,-2.833140014,0.077838879,0.152369553,0.005725772,0.5671072,-63.134506,-31.532848,0.8266489,1.6806362,0.0656746
22.35000117,1.0572753,-1.2791547,0.35487878,-1.9272596,0.49794045,1.5636709,-0.72275865,0.027451899,-0.27997807,-0.2841323,-0.007360152,0.106266946,0.038137673,-4.761274979,-2.833140014,0.077838879,0.152369553,0.005725772,0.038137673,-4.761274979,-2.833140014,0.077838879,0.152369553,0.005725772,0.5671072,-63.134506,-31.532848,0.8266489,1.6806362,0.0656746
22.36666783,1.0451903,-1.2785325,0.35022643,-1.9316163,0.49771756,1.5649389,-0.7244572,0.025556078,-0.27920333,-0.2677697,-0.013169976,0.07592453,0.044086882,-4.762801721,-2.8192515,0.083122746,0.148739127,0.005639488,0.044086882,-4.762801721,-2.8192515,0.083122746,0.148739127,0.005639488,0.65557194,-63.15475,-31.37827,0.88276356,1.6405926,0.06468493
22.36666783,1.0451903,-1.2785325,0.35022643,-1.9316163,0.49771756,1.5649389,-0.7244572,0.025556078,-0.27920333,-0.2677697,-0.013169976,0.07592453,0.044086882,-4.762801721,-2.8192515,0.083122746,0.148739127,0.005639488,0.044086882,-4.762801721,-2.8192515,0.083122746,0.148739127,0.005639488,0.65557194,-63.15475,-31.37827,0.88276356,1.6405926,0.06468493
22.3833345,1.0332893,-1.2779379,0.345656,-1.9357761,0.4974477,1.5659332,-0.7134954,0.023951957,-0.27428964,-0.25538728,-0.015906975,0.059536543,0.204758429,-4.785083753,-2.796454485,0.083446952,0.139834561,0.006987005,0.204758429,-4.785083753,-2.796454485,0.083446952,0.139834561,0.006987005,3.0447578,-63.45021,-31.124538,0.8862066,1.5423752,0.08014095
22.3833345,1.0332893,-1.2779379,0.345656,-1.9357761,0.4974477,1.5659332,-0.7134954,0.023951957,-0.27428964,-0.25538728,-0.015906975,0.059536543,0.204758429,-4.785083753,-2.796454485,0.083446952,0.139834561,0.006987005,0.204758429,-4.785083753,-2.796454485,0.083446952,0.139834561,0.006987005,3.0447578,-63.45021,-31.124538,0.8862066,1.5423752,0.08014095
22.40000117,1.0213603,-1.2773782,0.3410961,-1.9396596,0.49707764,1.5664157,-0.71514297,0.021824708,-0.27354762,-0.23906761,-0.022020664,0.028801017,0.045863205,-4.749231065,-2.785308749,0.094142478,0.141475067,0.005379145,0.045863205,-4.749231065,-2.785308749,0.094142478,0.141475067,0.005379145,0.68198586,-62.974804,-31.000486,0.9997931,1.56047,0.061698794
22.40000117,1.0213603,-1.2773782,0.3410961,-1.9396596,0.49707764,1.5664157,-0.71514297,0.021824708,-0.27354762,-0.23906761,-0.022020664,0.028801017,0.045863205,-4.749231065,-2.785308749,0.094142478,0.141475067,0.005379145,0.045863205,-4.749231065,-2.785308749,0.094142478,0.141475067,0.005379145,0.68198586,-62.974804,-31.000486,0.9997931,1.56047,0.061698794
22.41666784,1.0094073,-1.2768565,0.33654845,-1.9432734,0.49660268,1.566382,-0.71650404,0.019528251,-0.27273175,-0.22271013,-0.028320318,-0.002181166,0.051691777,-4.750484219,-2.771997066,0.098722477,0.13821673,0.00528358,0.051691777,-4.750484219,-2.771997066,0.098722477,0.13821673,0.00528358,0.76865673,-62.99142,-30.852327,1.0484327,1.5245305,0.060602665
22.4333345,0.99763864,-1.276365,0.33208117,-1.9467025,0.49608096,1.566091,-0.70551085,0.017822469,-0.26790145,-0.21106797,-0.031048067,-0.017596869,0.203152511,-4.754387236,-2.741862157,0.099283951,0.129514527,0.006710719,0.203152511,-4.754387236,-2.741862157,0.099283951,0.129514527,0.006710719,3.0208778,-63.043175,-30.516926,1.0543956,1.4285452,0.07697195
22.4333345,0.99763864,-1.276365,0.33208117,-1.9467025,0.49608096,1.566091,-0.70551085,0.017822469,-0.26790145,-0.21106797,-0.031048067,-0.017596869,0.203152511,-4.754387236,-2.741862157,0.099283951,0.129514527,0.006710719,0.203152511,-4.754387236,-2.741862157,0.099283951,0.129514527,0.006710719,3.0208778,-63.043175,-30.516926,1.0543956,1.4285452,0.07697195
22.45000117,0.9858474,-1.2759145,0.32762548,-1.9498557,0.49545133,1.5652786,-0.7068476,0.015298758,-0.26712334,-0.19479287,-0.037626795,-0.048890755,0.053380429,-4.735830431,-2.738847073,0.108363051,0.131631589,0.005000029,0.053380429,-4.735830431,-2.738847073,0.108363051,0.131631589,0.005000029,0.793767,-62.79711,-30.483368,1.1508156,1.4518964,0.057350338
22.45000117,0.9858474,-1.2759145,0.32762548,-1.9498557,0.49545133,1.5652786,-0.7068476,0.015298758,-0.26712334,-0.19479287,-0.037626795,-0.048890755,0.053380429,-4.735830431,-2.738847073,0.108363051,0.131631589,0.005000029,0.053380429,-4.735830431,-2.738847073,0.108363051,0.131631589,0.005000029,0.793767,-62.79711,-30.483368,1.1508156,1.4518964,0.057350338
22.45000117,0.9858474,-1.2759145,0.32762548,-1.9498557,0.49545133,1.5652786,-0.7068476,0.015298758,-0.26712334,-0.19479287,-0.037626795,-0.048890755,0.053380429,-4.735830431,-2.738847073,0.108363051,0.131631589,0.005000029,0.053380429,-4.735830431,-2.738847073,0.108363051,0.131631589,0.005000029,0.793767,-62.79711,-30.483368,1.1508156,1.4518964,0.057350338
22.46666784,0.9740369,-1.2755089,0.32318243,-1.9527401,0.49470946,1.5639418,-0.7079187,0.012608206,-0.2662779,-0.17852512,-0.044368375,-0.08034795,0.059055336,-4.736441473,-2.725939824,0.112258131,0.128727887,0.004895189,0.059055336,-4.736441473,-2.725939824,0.112258131,0.128727887,0.004895189,0.87815285,-62.805214,-30.33971,1.1921813,1.4198686,0.056147814
22.48333451,0.96241105,-1.2751349,0.3188182,-1.9554521,0.4939215,1.562366,-0.6969254,0.010819799,-0.26153687,-0.16765164,-0.047048934,-0.09470676,0.201477456,-4.720582574,-2.687690714,0.113147228,0.120124899,0.006398738,0.201477456,-4.720582574,-2.687690714,0.113147228,0.120124899,0.006398738,2.9959698,-62.594925,-29.913998,1.2016236,1.3249776,0.07339352
22.48333451,0.96241105,-1.2751349,0.3188182,-1.9554521,0.4939215,1.562366,-0.6969254,0.010819799,-0.26153687,-0.16765164,-0.047048934,-0.09470676,0.201477456,-4.720582574,-2.687690714,0.113147228,0.120124899,0.006398738,0.201477456,-4.720582574,-2.687690714,0.113147228,0.120124899,0.006398738,2.9959698,-62.594925,-29.913998,1.2016236,1.3249776,0.07339352
22.50000117,0.95076686,-1.2748084,0.3144661,-1.9578904,0.49301875,1.5602621,-0.6979967,0.00790839,-0.26073322,-0.1515048,-0.0540426,-0.12639217,0.060653494,-4.720234475,-2.693379343,0.120543996,0.122798602,0.004588264,0.060653494,-4.720234475,-2.693379343,0.120543996,0.122798602,0.004588264,0.90191746,-62.59031,-29.977312,1.2801772,1.3544686,0.052627385
22.50000117,0.95076686,-1.2748084,0.3144661,-1.9578904,0.49301875,1.5602621,-0.6979967,0.00790839,-0.26073322,-0.1515048,-0.0540426,-0.12639217,0.060653494,-4.720234475,-2.693379343,0.120543996,0.122798602,0.004588264,0.060653494,-4.720234475,-2.693379343,0.120543996,0.122798602,0.004588264,0.90191746,-62.59031,-29.977312,1.2801772,1.3544686,0.052627385
22.51666784,0.93910766,-1.2745326,0.3101271,-1.9600623,0.49199718,1.5576284,-0.6988186,0.004834243,-0.25986853,-0.13540876,-0.061175704,-0.1581554,0.066228032,-4.719971532,-2.680770963,0.123765374,0.120233625,0.0044737,0.066228032,-4.719971532,-2.680770963,0.123765374,0.120233625,0.0044737,0.9848108,-62.586823,-29.83698,1.3143883,1.3261769,0.05131334
22.53333451,0.92763263,-1.2742912,0.30586544,-1.9620756,0.490931,1.554775,-0.6878556,0.002981776,-0.25522193,-0.1253284,-0.0637697,-0.17138018,0.199702095,-4.683231336,-2.633771185,0.125065957,0.111640181,0.006051186,0.199702095,-4.683231336,-2.633771185,0.125065957,0.111640181,0.006051186,2.9695702,-62.099648,-29.313873,1.3282005,1.2313912,0.069407105
22.53333451,0.92763263,-1.2742912,0.30586544,-1.9620756,0.490931,1.554775,-0.6878556,0.002981776,-0.25522193,-0.1253284,-0.0637697,-0.17138018,0.199702095,-4.683231336,-2.633771185,0.125065957,0.111640181,0.006051186,0.199702095,-4.683231336,-2.633771185,0.125065957,0.111640181,0.006051186,2.9695702,-62.099648,-29.313873,1.3282005,1.2313912,0.069407105
22.53333451,0.92763263,-1.2742912,0.30586544,-1.9620756,0.490931,1.554775,-0.6878556,0.002981776,-0.25522193,-0.1253284,-0.0637697,-0.17138018,0.199702095,-4.683231336,-2.633771185,0.125065957,0.111640181,0.006051186,0.199702095,-4.683231336,-2.633771185,0.125065957,0.111640181,0.006051186,2.9695702,-62.099648,-29.313873,1.3282005,1.2313912,0.069407105
22.55000118,0.9161429,-1.2741022,0.30161628,-1.9638175,0.489744,1.5513896,-0.6887013,-0.000303048,-0.254403,-0.10938826,-0.071127065,-0.20328571,0.06768503,-4.701607188,-2.648522719,0.130741037,0.114924521,0.004144014,0.06768503,-4.701607188,-2.648522719,0.130741037,0.114924521,0.004144014,1.0064764,-62.34331,-29.478058,1.3884698,1.2676175,0.047531843
22.55000118,0.9161429,-1.2741022,0.30161628,-1.9638175,0.489744,1.5513896,-0.6887013,-0.000303048,-0.254403,-0.10938826,-0.071127065,-0.20328571,0.06768503,-4.701607188,-2.648522719,0.130741037,0.114924521,0.004144014,0.06768503,-4.701607188,-2.648522719,0.130741037,0.114924521,0.004144014,1.0064764,-62.34331,-29.478058,1.3884698,1.2676175,0.047531843
22.56666784,0.9046415,-1.273971,0.2973805,-1.9652966,0.48843262,1.5474724,-0.6893143,-0.003746668,-0.25352928,-0.09354467,-0.07859755,-0.23518358,0.073155093,-4.700336197,-2.63615837,0.133298784,0.112689806,0.004019525,0.073155093,-4.700336197,-2.63615837,0.133298784,0.112689806,0.004019525,1.0878162,-62.326458,-29.340443,1.4156331,1.2429686,0.046103954
22.58333451,0.8933238,-1.2738745,0.29322007,-1.9666315,0.48707855,1.5433551,-0.6784053,-0.005640395,-0.24898055,-0.084277645,-0.08106876,-0.24720198,0.197811807,-4.641582667,-2.579752604,0.135104939,0.104007122,0.005666053,0.197811807,-4.641582667,-2.579752604,0.135104939,0.104007122,0.005666053,2.9414616,-61.547386,-28.712646,1.4348145,1.1471986,0.06498963
22.58333451,0.8933238,-1.2738745,0.29322007,-1.9666315,0.48707855,1.5433551,-0.6784053,-0.005640395,-0.24898055,-0.084277645,-0.08106876,-0.24720198,0.197811807,-4.641582667,-2.579752604,0.135104939,0.104007122,0.005666053,0.197811807,-4.641582667,-2.579752604,0.135104939,0.104007122,0.005666053,2.9414616,-61.547386,-28.712646,1.4348145,1.1471986,0.06498963
22.60000118,0.8819942,-1.273836,0.2890726,-1.9676985,0.48559862,1.5387053,-0.6790619,-0.009283012,-0.24815483,-0.068622395,-0.08873304,-0.2791534,0.074473819,-4.679400529,-2.60402443,0.139003363,0.107970588,0.003667032,0.074473819,-4.679400529,-2.60402443,0.139003363,0.107970588,0.003667032,1.1074257,-62.04885,-28.982792,1.4762157,1.1909156,0.042060852
22.60000118,0.8819942,-1.273836,0.2890726,-1.9676985,0.48559862,1.5387053,-0.6790619,-0.009283012,-0.24815483,-0.068622395,-0.08873304,-0.2791534,0.074473819,-4.679400529,-2.60402443,0.139003363,0.107970588,0.003667032,0.074473819,-4.679400529,-2.60402443,0.139003363,0.107970588,0.003667032,1.1074257,-62.04885,-28.982792,1.4762157,1.1909156,0.042060852
22.61666785,0.8706558,-1.2738612,0.28493863,-1.9685084,0.4839896,1.5335239,-0.67950124,-0.013078374,-0.24728042,-0.053107873,-0.09648468,-0.3110114,0.079823631,-4.676826327,-2.591757076,0.140924844,0.106043666,0.003532721,0.079823631,-4.676826327,-2.591757076,0.140924844,0.106043666,0.003532721,1.1869774,-62.014717,-28.846256,1.4966218,1.1696616,0.04052031
22.61666785,0.8706558,-1.2738612,0.28493863,-1.9685084,0.4839896,1.5335239,-0.67950124,-0.013078374,-0.24728042,-0.053107873,-0.09648468,-0.3110114,0.079823631,-4.676826327,-2.591757076,0.140924844,0.106043666,0.003532721,0.079823631,-4.676826327,-2.591757076,0.140924844,0.106043666,0.003532721,1.1869774,-62.014717,-28.846256,1.4966218,1.1696616,0.04052031
22.63333451,0.8595,-1.2739224,0.2808782,-1.9691877,0.4823406,1.5281647,-0.66866904,-0.014993194,-0.24283214,-0.04466859,-0.0987971,-0.32175508,0.195777088,-4.595389158,-2.525527865,0.14331297,0.097195279,0.00524392,0.195777088,-4.595389158,-2.525527865,0.14331297,0.097195279,0.00524392,2.9112053,-60.93486,-28.109125,1.5219837,1.0720639,0.060147762
22.63333451,0.8595,-1.2739224,0.2808782,-1.9691877,0.4823406,1.5281647,-0.66866904,-0.014993194,-0.24283214,-0.04466859,-0.0987971,-0.32175508,0.195777088,-4.595389158,-2.525527865,0.14331297,0.097195279,0.00524392,0.195777088,-4.595389158,-2.525527865,0.14331297,0.097195279,0.00524392,2.9112053,-60.93486,-28.109125,1.5219837,1.0720639,0.060147762
22.65000118,0.8483348,-1.2740465,0.2768309,-1.9696045,0.48056164,1.5222744,-0.6691685,-0.018972697,-0.2420076,-0.029373776,-0.106712006,-0.3535798,0.08099767,-4.65283286,-2.559499921,0.145410279,0.101875286,0.003156458,0.08099767,-4.65283286,-2.559499921,0.145410279,0.101875286,0.003156458,1.2044353,-61.696564,-28.487234,1.5442572,1.1236844,0.036204576
22.65000118,0.8483348,-1.2740465,0.2768309,-1.9696045,0.48056164,1.5222744,-0.6691685,-0.018972697,-0.2420076,-0.029373776,-0.106712006,-0.3535798,0.08099767,-4.65283286,-2.559499921,0.145410279,0.101875286,0.003156458,0.08099767,-4.65283286,-2.559499921,0.145410279,0.101875286,0.003156458,1.2044353,-61.696564,-28.487234,1.5442572,1.1236844,0.036204576
22.66666785,0.83716315,-1.2742393,0.272797,-1.9697703,0.47864982,1.5158561,-0.66946435,-0.023097228,-0.24114014,-0.014261128,-0.114686444,-0.3852235,0.086216968,-4.648700846,-2.54719915,0.146724792,0.100236131,0.00301269,0.086216968,-4.648700846,-2.54719915,0.146724792,0.100236131,0.00301269,1.2820463,-61.641773,-28.350327,1.5582173,1.1056045,0.034555554
22.68333452,0.8261728,-1.2744691,0.26883477,-1.9698203,0.47670126,1.5092825,-0.65872705,-0.025011782,-0.2367944,-0.006662439,-0.11680584,-0.39463234,0.193590627,-4.544201444,-2.4708759,0.149760352,0.091155593,0.004784013,0.193590627,-4.544201444,-2.4708759,0.149760352,0.091155593,0.004784013,2.8786926,-60.25611,-27.500849,1.5904549,1.0054462,0.054872632
22.68333452,0.8261728,-1.2744691,0.26883477,-1.9698203,0.47670126,1.5092825,-0.65872705,-0.025011782,-0.2367944,-0.006662439,-0.11680584,-0.39463234,0.193590627,-4.544201444,-2.4708759,0.149760352,0.091155593,0.004784013,0.193590627,-4.544201444,-2.4708759,0.149760352,0.091155593,0.004784013,2.8786926,-60.25611,-27.500849,1.5904549,1.0054462,0.054872632
22.70000118,0.815175,-1.2747666,0.26488587,-1.9696141,0.4746196,1.5021824,-0.65909845,-0.02930427,-0.23597723,0.008201527,-0.124910936,-0.4261545,0.087199118,-4.621234738,-2.514607651,0.1500466,0.096581183,0.002613521,0.087199118,-4.621234738,-2.514607651,0.1500466,0.096581183,0.002613521,1.2966509,-61.277573,-27.987583,1.5934949,1.0652905,0.029977083
22.70000118,0.815175,-1.2747666,0.26488587,-1.9696141,0.4746196,1.5021824,-0.65909845,-0.02930427,-0.23597723,0.008201527,-0.124910936,-0.4261545,0.087199118,-4.621234738,-2.514607651,0.1500466,0.096581183,0.002613521,0.087199118,-4.621234738,-2.514607651,0.1500466,0.096581183,0.002613521,1.2966509,-61.277573,-27.987583,1.5934949,1.0652905,0.029977083
22.70000118,0.815175,-1.2747666,0.26488587,-1.9696141,0.4746196,1.5021824,-0.65909845,-0.02930427,-0.23597723,0.008201527,-0.124910936,-0.4261545,0.087199118,-4.621234738,-2.514607651,0.1500466,0.096581183,0.002613521,0.087199118,-4.621234738,-2.514607651,0.1500466,0.096581183,0.002613521,1.2966509,-61.277573,-27.987583,1.5934949,1.0652905,0.029977083
22.71666785,0.80417275,-1.275138,0.26095012,-1.9691647,0.47240233,1.4945611,-0.6592768,-0.033733215,-0.23512219,0.02284238,-0.13304824,-0.45740947,0.09231189,-4.615380358,-2.502184008,0.150778929,0.095209898,0.002460492,0.09231189,-4.615380358,-2.502184008,0.150778929,0.095209898,0.002460492,1.3726778,-61.199944,-27.849308,1.6012722,1.0501652,0.028221846
22.73333452,0.7933503,-1.275547,0.25708416,-1.9686141,0.47015205,1.4868078,-0.6486499,-0.035622966,-0.23088057,0.029595241,-0.1349422,-0.46543083,0.191169628,-4.487369647,-2.41545894,0.154544899,0.085822788,0.004285683,0.191169628,-4.487369647,-2.41545894,0.154544899,0.085822788,0.004285683,2.8426924,-59.50252,-26.884058,1.6412668,0.94662535,0.049156785
22.73333452,0.7933503,-1.275547,0.25708416,-1.9686141,0.47015205,1.4868078,-0.6486499,-0.035622966,-0.23088057,0.029595241,-0.1349422,-0.46543083,0.191169628,-4.487369647,-2.41545894,0.154544899,0.085822788,0.004285683,0.191169628,-4.487369647,-2.41545894,0.154544899,0.085822788,0.004285683,2.8426924,-59.50252,-26.884058,1.6412668,0.94662535,0.049156785
22.75000119,0.7825217,-1.2760276,0.25323153,-1.9678141,0.46776664,1.4785359,-0.6489167,-0.040199637,-0.23007567,0.043961518,-0.14317773,-0.49647635,0.093059052,-4.583888392,-2.468964782,0.153010949,0.09201858,0.002038801,0.093059052,-4.583888392,-2.468964782,0.153010949,0.09201858,0.002038801,1.3837881,-60.78236,-27.479578,1.6249763,1.0149649,0.023385048
22.75000119,0.7825217,-1.2760276,0.25323153,-1.9678141,0.46776664,1.4785359,-0.6489167,-0.040199637,-0.23007567,0.043961518,-0.14317773,-0.49647635,0.093059052,-4.583888392,-2.468964782,0.153010949,0.09201858,0.002038801,0.093059052,-4.583888392,-2.468964782,0.153010949,0.09201858,0.002038801,1.3837881,-60.78236,-27.479578,1.6249763,1.0149649,0.023385048
22.76666785,0.77169067,-1.2765869,0.24939181,-1.9667798,0.46524388,1.4697517,-0.64900047,-0.044903245,-0.22923805,0.05806452,-0.1514162,-0.52717143,0.098036565,-4.576120621,-2.4563199,0.153191626,0.090896165,0.0018762,0.098036565,-4.576120621,-2.4563199,0.153191626,0.090896165,0.0018762,1.4578037,-60.67936,-27.33884,1.6268951,1.0025847,0.021520019
22.78333452,0.7610373,-1.2771838,0.24561991,-1.9656585,0.4626923,1.4608595,-0.6384954,-0.046744794,-0.22510037,0.063968346,-0.15305398,-0.53375953,0.188510564,-4.42461126,-2.359110069,0.157750427,0.081146974,0.003749584,0.188510564,-4.42461126,-2.359110069,0.157750427,0.081146974,0.003749584,2.803152,-58.670345,-26.256895,1.6753095,0.8950511,0.04300773
22.78333452,0.7610373,-1.2771838,0.24561991,-1.9656585,0.4626923,1.4608595,-0.6384954,-0.046744794,-0.22510037,0.063968346,-0.15305398,-0.53375953,0.188510564,-4.42461126,-2.359110069,0.157750427,0.081146974,0.003749584,0.188510564,-4.42461126,-2.359110069,0.157750427,0.081146974,0.003749584,2.803152,-58.670345,-26.256895,1.6753095,0.8950511,0.04300773
22.78333452,0.7610373,-1.2771838,0.24561991,-1.9656585,0.4626923,1.4608595,-0.6384954,-0.046744794,-0.22510037,0.063968346,-0.15305398,-0.53375953,0.188510564,-4.42461126,-2.359110069,0.157750427,0.081146974,0.003749584,0.188510564,-4.42461126,-2.359110069,0.157750427,0.081146974,0.003749584,2.803152,-58.670345,-26.256895,1.6753095,0.8950511,0.04300773
22.80000119,0.75037915,-1.2778556,0.24186136,-1.9642966,0.46000454,1.4514596,-0.63867664,-0.05157475,-0.22431138,0.07777313,-0.16135749,-0.5641565,0.098542327,-4.540273974,-2.422285637,0.154399064,0.088127775,0.001432933,0.098542327,-4.540273974,-2.422285637,0.154399064,0.088127775,0.001432933,1.4653244,-60.204033,-26.96004,1.639718,0.97204936,0.016435742
22.80000119,0.75037915,-1.2778556,0.24186136,-1.9642966,0.46000454,1.4514596,-0.63867664,-0.05157475,-0.22431138,0.07777313,-0.16135749,-0.5641565,0.098542327,-4.540273974,-2.422285637,0.154399064,0.088127775,0.001432933,0.098542327,-4.540273974,-2.422285637,0.154399064,0.088127775,0.001432933,1.4653244,-60.204033,-26.96004,1.639718,0.97204936,0.016435742
22.81666786,0.7397196,-1.2786102,0.23811547,-1.9627097,0.4571788,1.4415594,-0.638682,-0.056520727,-0.2234946,0.091277525,-0.16963528,-0.59412163,0.103387403,-4.530410134,-2.409311211,0.154063841,0.087231479,0.00126154,0.103387403,-4.530410134,-2.409311211,0.154063841,0.087231479,0.00126154,1.5373707,-60.07324,-26.815634,1.636158,0.9621632,0.014469862
22.83333452,0.72923595,-1.2794019,0.23443538,-1.961051,0.45432895,1.4315761,-0.6283068,-0.05829113,-0.21946032,0.09633309,-0.17098868,-0.5992374,0.185588357,-4.355648668,-2.30165449,0.159469746,0.077073421,0.003176579,0.185588357,-4.355648668,-2.30165449,0.159469746,0.077073421,0.003176579,2.7596989,-57.7559,-25.617414,1.6935687,0.8501198,0.036435366
22.83333452,0.72923595,-1.2794019,0.23443538,-1.961051,0.45432895,1.4315761,-0.6283068,-0.05829113,-0.21946032,0.09633309,-0.17098868,-0.5992374,0.185588357,-4.355648668,-2.30165449,0.159469746,0.077073421,0.003176579,0.185588357,-4.355648668,-2.30165449,0.159469746,0.077073421,0.003176579,2.7596989,-57.7559,-25.617414,1.6935687,0.8501198,0.036435366
22.85000119,0.7187485,-1.280272,0.2307686,-1.9591615,0.45134303,1.4210988,-0.6284171,-0.063340396,-0.21868965,0.10951949,-0.17929806,-0.6288193,0.103610654,-4.489858406,-2.374257981,0.154319501,0.084839706,0.00079733,0.103610654,-4.489858406,-2.374257981,0.154319501,0.084839706,0.00079733,1.5406904,-59.535522,-26.425491,1.6388731,0.93578196,0.009145379
22.85000119,0.7187485,-1.280272,0.2307686,-1.9591615,0.45134303,1.4210988,-0.6284171,-0.063340396,-0.21868965,0.10951949,-0.17929806,-0.6288193,0.103610654,-4.489858406,-2.374257981,0.154319501,0.084839706,0.00079733,0.103610654,-4.489858406,-2.374257981,0.154319501,0.084839706,0.00079733,1.5406904,-59.535522,-26.425491,1.6388731,0.93578196,0.009145379
22.86666786,0.7082608,-1.2812283,0.22711425,-1.9570571,0.44821933,1.4101355,-0.6283571,-0.06849363,-0.21789528,0.12237044,-0.1875535,-0.65788907,0.108304502,-4.477696253,-2.360835765,0.153508328,0.084144326,0.000617529,0.108304502,-4.477696253,-2.360835765,0.153508328,0.084144326,0.000617529,1.6104879,-59.374252,-26.276102,1.6302584,0.9281119,0.007083058
22.86666786,0.7082608,-1.2812283,0.22711425,-1.9570571,0.44821933,1.4101355,-0.6283571,-0.06849363,-0.21789528,0.12237044,-0.1875535,-0.65788907,0.108304502,-4.477696253,-2.360835765,0.153508328,0.084144326,0.000617529,0.108304502,-4.477696253,-2.360835765,0.153508328,0.084144326,0.000617529,1.6104879,-59.374252,-26.276102,1.6302584,0.9281119,0.007083058
22.88333453,0.6979468,-1.2822207,0.22352372,-1.9548959,0.44507676,1.3991146,-0.6181167,-0.07016851,-0.21396339,0.12658477,-0.18859671,-0.66150355,0.182350995,-4.280079112,-2.24284663,0.15981405,0.07353592,0.00256749,0.182350995,-4.280079112,-2.24284663,0.15981405,0.07353592,0.00256749,2.7115593,-56.75385,-24.962883,1.6972252,0.8111012,0.029449105
22.88333453,0.6979468,-1.2822207,0.22352372,-1.9548959,0.44507676,1.3991146,-0.6181167,-0.07016851,-0.21396339,0.12658477,-0.18859671,-0.66150355,0.182350995,-4.280079112,-2.24284663,0.15981405,0.07353592,0.00256749,0.182350995,-4.280079112,-2.24284663,0.15981405,0.07353592,0.00256749,2.7115593,-56.75385,-24.962883,1.6972252,0.8111012,0.029449105
22.90000119,0.68762994,-1.2832937,0.21994655,-1.9525137,0.441799,1.3876154,-0.6181657,-0.07539967,-0.21321185,0.13910042,-0.19684987,-0.69010675,0.108223821,-4.432095374,-2.324555869,0.15289229,0.082081594,0.000134217,0.108223821,-4.432095374,-2.324555869,0.15289229,0.082081594,0.000134217,1.6092882,-58.769585,-25.872307,1.6237161,0.90536,0.001539469
22.90000119,0.68762994,-1.2832937,0.21994655,-1.9525137,0.441799,1.3876154,-0.6181657,-0.07539967,-0.21321185,0.13910042,-0.19684987,-0.69010675,0.108223821,-4.432095374,-2.324555869,0.15289229,0.082081594,0.000134217,0.108223821,-4.432095374,-2.324555869,0.15289229,0.082081594,0.000134217,1.6092882,-58.769585,-25.872307,1.6237161,0.90536,0.001539469
22.91666786,0.67731386,-1.2844561,0.21638143,-1.9499286,0.43838498,1.3756486,-0.6180475,-0.08072258,-0.212441,0.15124565,-0.20502025,-0.71812063,0.112767146,-4.417591469,-2.310648162,0.151635653,0.081570172,-5.39E-05,0.112767146,-4.417591469,-2.310648162,0.151635653,0.081570172,-5.39E-05,1.6768475,-58.577263,-25.717514,1.6103706,0.899719,-0.000618577
22.93333453,0.6671694,-1.2856532,0.21287811,-1.9473008,0.43495765,1.3636491,-0.60794514,-0.082279325,-0.20860973,0.15462993,-0.20572986,-0.7202129,0.178770323,-4.197752709,-2.182556248,0.15888488,0.070478261,0.001924102,0.178770323,-4.197752709,-2.182556248,0.15888488,0.070478261,0.001924102,2.6583147,-55.6622,-24.291851,1.6873574,0.7773752,0.022069454
22.93333453,0.6671694,-1.2856532,0.21287811,-1.9473008,0.43495765,1.3636491,-0.60794514,-0.082279325,-0.20860973,0.15462993,-0.20572986,-0.7202129,0.178770323,-4.197752709,-2.182556248,0.15888488,0.070478261,0.001924102,0.178770323,-4.197752709,-2.182556248,0.15888488,0.070478261,0.001924102,2.6583147,-55.6622,-24.291851,1.6873574,0.7773752,0.022069454
22.9500012,0.6570228,-1.2869327,0.20938818,-1.944463,0.4313971,1.3511907,-0.6079378,-0.08765287,-0.20787662,0.16642754,-0.21386498,-0.74768025,0.112334497,-4.366577229,-2.272910763,0.15023573,0.079783476,-0.000555108,0.112334497,-4.366577229,-2.272910763,0.15023573,0.079783476,-0.000555108,1.670414,-57.900814,-25.297497,1.5955034,0.88001174,-0.006367087
22.9500012,0.6570228,-1.2869327,0.20938818,-1.944463,0.4313971,1.3511907,-0.6079378,-0.08765287,-0.20787662,0.16642754,-0.21386498,-0.74768025,0.112334497,-4.366577229,-2.272910763,0.15023573,0.079783476,-0.000555108,0.112334497,-4.366577229,-2.272910763,0.15023573,0.079783476,-0.000555108,1.670414,-57.900814,-25.297497,1.5955034,0.88001174,-0.006367087
22.9500012,0.6570228,-1.2869327,0.20938818,-1.944463,0.4313971,1.3511907,-0.6079378,-0.08765287,-0.20787662,0.16642754,-0.21386498,-0.74768025,0.112334497,-4.366577229,-2.272910763,0.15023573,0.079783476,-0.000555108,0.112334497,-4.366577229,-2.272910763,0.15023573,0.079783476,-0.000555108,1.670414,-57.900814,-25.297497,1.5955034,0.88001174,-0.006367087
22.96666786,0.64687777,-1.2883037,0.20590998,-1.9414344,0.42770275,1.3382841,-0.6077646,-0.09310524,-0.20712838,0.17782219,-0.22188933,-0.77448523,0.116716781,-4.349626567,-2.258441476,0.148574197,0.079433797,-0.000750385,0.116716781,-4.349626567,-2.258441476,0.148574197,0.079433797,-0.000750385,1.7355785,-57.67605,-25.136454,1.577858,0.8761548,-0.008606911
22.98333453,0.6369022,-1.2897089,0.20249158,-1.9383776,0.42400092,1.325371,-0.5978003,-0.094521426,-0.20339523,0.18038881,-0.22224508,-0.7750421,0.174818058,-4.108488793,-2.120625512,0.156791938,0.067839153,0.001248559,0.174818058,-4.108488793,-2.120625512,0.156791938,0.067839153,0.001248559,2.5995445,-54.47856,-23.602562,1.6651304,0.74826586,0.01432097
22.98333453,0.6369022,-1.2897089,0.20249158,-1.9383776,0.42400092,1.325371,-0.5978003,-0.094521426,-0.20339523,0.18038881,-0.22224508,-0.7750421,0.174818058,-4.108488793,-2.120625512,0.156791938,0.067839153,0.001248559,0.174818058,-4.108488793,-2.120625512,0.156791938,0.067839153,0.001248559,2.5995445,-54.47856,-23.602562,1.6651304,0.74826586,0.01432097
23.0000012,0.6269253,-1.2911965,0.19908671,-1.9351225,0.4201689,1.3120202,-0.59773695,-0.09999357,-0.20267832,0.19142662,-0.230201,-0.8012238,0.115876175,-4.292774057,-2.218982494,0.14648561,0.077863677,-0.001267298,0.115876175,-4.292774057,-2.218982494,0.14648561,0.077863677,-0.001267298,1.7230787,-56.922184,-24.697275,1.5556772,0.85883635,-0.014535904
23.0000012,0.6269253,-1.2911965,0.19908671,-1.9351225,0.4201689,1.3120202,-0.59773695,-0.09999357,-0.20267832,0.19142662,-0.230201,-0.8012238,0.115876175,-4.292774057,-2.218982494,0.14648561,0.077863677,-0.001267298,0.115876175,-4.292774057,-2.218982494,0.14648561,0.077863677,-0.001267298,1.7230787,-56.922184,-24.697275,1.5556772,0.85883635,-0.014535904
23.01666787,0.6169509,-1.2927779,0.1956933,-1.9316893,0.4162065,1.2982436,-0.5975064,-0.105532825,-0.2019506,0.20203105,-0.23801935,-0.82667434,0.12011063,-4.27344223,-2.203963623,0.144450386,0.077661048,-0.001469153,0.12011063,-4.27344223,-2.203963623,0.144450386,0.077661048,-0.001469153,1.7860451,-56.665844,-24.530115,1.5340631,0.85660136,-0.016851187
23.03333453,0.6071443,-1.2943904,0.19235772,-1.9282424,0.41224295,1.2844864,-0.5876787,-0.1067851,-0.1983128,0.2037984,-0.23800325,-0.8256922,0.170431862,-4.01200716,-2.056845865,0.153662031,0.065549881,0.000543353,0.170431862,-4.01200716,-2.056845865,0.153662031,0.065549881,0.000543353,2.5343218,-53.199215,-22.892694,1.6318908,0.7230152,0.006232262
23.03333453,0.6071443,-1.2943904,0.19235772,-1.9282424,0.41224295,1.2844864,-0.5876787,-0.1067851,-0.1983128,0.2037984,-0.23800325,-0.8256922,0.170431862,-4.01200716,-2.056845865,0.153662031,0.065549881,0.000543353,0.170431862,-4.01200716,-2.056845865,0.153662031,0.065549881,0.000543353,2.5343218,-53.199215,-22.892694,1.6318908,0.7230152,0.006232262
23.03333453,0.6071443,-1.2943904,0.19235772,-1.9282424,0.41224295,1.2844864,-0.5876787,-0.1067851,-0.1983128,0.2037984,-0.23800325,-0.8256922,0.170431862,-4.01200716,-2.056845865,0.153662031,0.065549881,0.000543353,0.170431862,-4.01200716,-2.056845865,0.153662031,0.065549881,0.000543353,2.5343218,-53.199215,-22.892694,1.6318908,0.7230152,0.006232262
23.0500012,0.59733695,-1.2960867,0.18903585,-1.9246093,0.40815324,1.270315,-0.5875554,-0.112314224,-0.1976092,0.21404183,-0.24572133,-0.8504467,0.118842955,-4.210705707,-2.162705085,0.141751811,0.076267137,-0.001999068,0.118842955,-4.210705707,-2.162705085,0.141751811,0.076267137,-0.001999068,1.7671947,-55.833958,-24.070908,1.5054042,0.8412265,-0.02292931
23.0500012,0.59733695,-1.2960867,0.18903585,-1.9246093,0.40815324,1.270315,-0.5875554,-0.112314224,-0.1976092,0.21404183,-0.24572133,-0.8504467,0.118842955,-4.210705707,-2.162705085,0.141751811,0.076267137,-0.001999068,0.118842955,-4.210705707,-2.162705085,0.141751811,0.076267137,-0.001999068,1.7671947,-55.833958,-24.070908,1.5054042,0.8412265,-0.02292931
23.06666787,0.58753324,-1.297877,0.18572521,-1.9208117,0.40393752,1.2557429,-0.5872627,-0.11789508,-0.19689839,0.2238225,-0.25327548,-0.87440526,0.122867692,-4.188669357,-2.146944181,0.139401794,0.076175055,-0.002206754,0.122867692,-4.188669357,-2.146944181,0.139401794,0.076175055,-0.002206754,1.8270426,-55.541756,-23.895489,1.480447,0.84021086,-0.02531147
23.08333454,0.57789516,-1.2996963,0.1824705,-1.9170136,0.39972705,1.2412158,-0.57756644,-0.118964136,-0.1933529,0.22481258,-0.25287333,-0.8718897,0.165637452,-3.908522133,-1.991246439,0.149591674,0.063562463,-0.00018797,0.165637452,-3.908522133,-1.991246439,0.149591674,0.063562463,-0.00018797,2.463029,-51.827003,-22.162573,1.5886636,0.701094,-0.002156019
23.08333454,0.57789516,-1.2996963,0.1824705,-1.9170136,0.39972705,1.2412158,-0.57756644,-0.118964136,-0.1933529,0.22481258,-0.25287333,-0.8718897,0.165637452,-3.908522133,-1.991246439,0.149591674,0.063562463,-0.00018797,0.165637452,-3.908522133,-1.991246439,0.149591674,0.063562463,-0.00018797,2.463029,-51.827003,-22.162573,1.5886636,0.701094,-0.002156019
23.1000012,0.5682572,-1.3015994,0.17922974,-1.9130421,0.39539546,1.2263004,-0.57737535,-0.12450362,-0.1926578,0.23423076,-0.2602953,-0.8950846,0.121144665,-4.119871896,-2.103736994,0.136182683,0.074906973,-0.002747353,0.121144665,-4.119871896,-2.103736994,0.136182683,0.074906973,-0.002747353,1.8014212,-54.6295,-23.414593,1.4462601,0.8262239,-0.03151214
23.1000012,0.5682572,-1.3015994,0.17922974,-1.9130421,0.39539546,1.2263004,-0.57737535,-0.12450362,-0.1926578,0.23423076,-0.2602953,-0.8950846,0.121144665,-4.119871896,-2.103736994,0.136182683,0.074906973,-0.002747353,0.121144665,-4.119871896,-2.103736994,0.136182683,0.074906973,-0.002747353,1.8014212,-54.6295,-23.414593,1.4462601,0.8262239,-0.03151214
23.11666787,0.5586242,-1.3035961,0.17600007,-1.90892,0.39094317,1.211011,-0.57701015,-0.13008013,-0.1919596,0.24315864,-0.26752892,-0.91742283,0.124958336,-4.095193452,-2.087240056,0.133553321,0.074909756,-0.0029593,0.124958336,-4.095193452,-2.087240056,0.133553321,0.074909756,-0.0029593,1.8581305,-54.302265,-23.230982,1.4183363,0.8262546,-0.033943176
23.11666787,0.5586242,-1.3035961,0.17600007,-1.90892,0.39094317,1.211011,-0.57701015,-0.13008013,-0.1919596,0.24315864,-0.26752892,-0.91742283,0.124958336,-4.095193452,-2.087240056,0.133553321,0.074909756,-0.0029593,0.124958336,-4.095193452,-2.087240056,0.133553321,0.074909756,-0.0029593,1.8581305,-54.302265,-23.230982,1.4183363,0.8262546,-0.033943176
23.13333454,0.54915476,-1.3056188,0.17282438,-1.9048115,0.3865027,1.195792,-0.56744105,-0.13094576,-0.18850254,0.24339697,-0.266729,-0.9133892,0.160356905,-3.797833772,-1.923640612,0.144710514,0.061806499,-0.000941764,0.160356905,-3.797833772,-1.923640612,0.144710514,0.061806499,-0.000941764,2.3845072,-50.359276,-21.41012,1.5368257,0.6817257,-0.010802031
23.13333454,0.54915476,-1.3056188,0.17282438,-1.9048115,0.3865027,1.195792,-0.56744105,-0.13094576,-0.18850254,0.24339697,-0.266729,-0.9133892,0.160356905,-3.797833772,-1.923640612,0.144710514,0.061806499,-0.000941764,0.160356905,-3.797833772,-1.923640612,0.144710514,0.061806499,-0.000941764,2.3845072,-50.359276,-21.41012,1.5368257,0.6817257,-0.010802031
23.15000121,0.53968686,-1.3077242,0.16966318,-1.9005421,0.38194695,1.1802129,-0.5671689,-0.13644977,-0.18781012,0.2519674,-0.27380073,-0.934901,0.122756099,-4.020278954,-2.041988424,0.129902217,0.073720295,-0.00350704,0.122756099,-4.020278954,-2.041988424,0.129902217,0.073720295,-0.00350704,1.8253832,-53.3089,-22.727331,1.3795615,0.81313485,-0.040225744
23.15000121,0.53968686,-1.3077242,0.16966318,-1.9005421,0.38194695,1.1802129,-0.5671689,-0.13644977,-0.18781012,0.2519674,-0.27380073,-0.934901,0.122756099,-4.020278954,-2.041988424,0.129902217,0.073720295,-0.00350704,0.122756099,-4.020278954,-2.041988424,0.129902217,0.073720295,-0.00350704,1.8253832,-53.3089,-22.727331,1.3795615,0.81313485,-0.040225744
23.16666787,0.5302253,-1.3099229,0.16651289,-1.8961368,0.3772768,1.1642889,-0.5667175,-0.14197685,-0.18711919,0.2600215,-0.28065932,-0.9555036,0.126344851,-3.993039253,-2.02476642,0.127030407,0.073801288,-0.003722645,0.126344851,-3.993039253,-2.02476642,0.127030407,0.073801288,-0.003722645,1.8787479,-52.9477,-22.53565,1.3490629,0.8140282,-0.04269874
23.18333454,0.5209254,-1.3121444,0.16341487,-1.8917572,0.37262526,1.1484601,-0.55726767,-0.14262035,-0.18374687,0.2595363,-0.27945486,-0.94997543,0.154592723,-3.680083906,-1.854012105,0.139130576,0.060226349,-0.001714317,0.154592723,-3.680083906,-1.854012105,0.139130576,0.060226349,-0.001714317,2.2987938,-48.797913,-20.635155,1.4775667,0.6642966,-0.019663215
23.18333454,0.5209254,-1.3121444,0.16341487,-1.8917572,0.37262526,1.1484601,-0.55726767,-0.14262035,-0.18374687,0.2595363,-0.27945486,-0.94997543,0.154592723,-3.680083906,-1.854012105,0.139130576,0.060226349,-0.001714317,0.154592723,-3.680083906,-1.854012105,0.139130576,0.060226349,-0.001714317,2.2987938,-48.797913,-20.635155,1.4775667,0.6642966,-0.019663215
23.20000121,0.5116284,-1.314447,0.16033174,-1.8872308,0.36786532,1.1323009,-0.5569004,-0.14804113,-0.18305017,0.26724017,-0.2861228,-0.96969527,0.123591061,-3.911757433,-1.977274124,0.123049535,0.072632869,-0.004274136,0.123591061,-3.911757433,-1.977274124,0.123049535,0.072632869,-0.004274136,1.8377991,-51.869904,-22.007061,1.3067861,0.80114055,-0.049024343
23.20000121,0.5116284,-1.314447,0.16033174,-1.8872308,0.36786532,1.1323009,-0.5569004,-0.14804113,-0.18305017,0.26724017,-0.2861228,-0.96969527,0.123591061,-3.911757433,-1.977274124,0.123049535,0.072632869,-0.004274136,0.123591061,-3.911757433,-1.977274124,0.123049535,0.072632869,-0.004274136,1.8377991,-51.869904,-22.007061,1.3067861,0.80114055,-0.049024343
23.20000121,0.5116284,-1.314447,0.16033174,-1.8872308,0.36786532,1.1323009,-0.5569004,-0.14804113,-0.18305017,0.26724017,-0.2861228,-0.96969527,0.123591061,-3.911757433,-1.977274124,0.123049535,0.072632869,-0.004274136,0.123591061,-3.911757433,-1.977274124,0.123049535,0.072632869,-0.004274136,1.8377991,-51.869904,-22.007061,1.3067861,0.80114055,-0.049024343
23.21666788,0.50233954,-1.3168414,0.15725963,-1.8825825,0.36299798,1.1158276,-0.55634534,-0.15347078,-0.18236011,0.27440563,-0.29255578,-0.98845583,0.126953741,-3.882007685,-1.959321227,0.119975698,0.072773062,-0.004491623,0.126953741,-3.882007685,-1.959321227,0.119975698,0.072773062,-0.004491623,1.8878021,-51.47542,-21.807245,1.2741419,0.80268687,-0.051518917
23.23333455,0.4932108,-1.3192554,0.1542379,-1.877973,0.35815606,1.099474,-0.5470073,-0.15387525,-0.17906868,0.27322763,-0.2909415,-0.9814669,0.148315661,-3.555417528,-1.782339838,0.13296584,0.058766494,-0.002500028,0.148315661,-3.555417528,-1.782339838,0.13296584,0.058766494,-0.002500028,2.2054539,-47.144836,-19.837442,1.4120972,0.64819443,-0.028675318
23.23333455,0.4932108,-1.3192554,0.1542379,-1.877973,0.35815606,1.099474,-0.5470073,-0.15387525,-0.17906868,0.27322763,-0.2909415,-0.9814669,0.148315661,-3.555417528,-1.782339838,0.13296584,0.058766494,-0.002500028,0.148315661,-3.555417528,-1.782339838,0.13296584,0.058766494,-0.002500028,2.2054539,-47.144836,-19.837442,1.4120972,0.64819443,-0.028675318
23.25000121,0.48408657,-1.3217473,0.1512318,-1.87323,0.35321328,1.0828212,-0.54652524,-0.15916403,-0.17835997,0.28005624,-0.29715788,-0.99929386,0.123607864,-3.794292375,-1.909481847,0.11575909,0.07157436,-0.005042927,0.123607864,-3.794292375,-1.909481847,0.11575909,0.07157436,-0.005042927,1.8380489,-50.312317,-21.252533,1.2293615,0.7894652,-0.057842374
23.25000121,0.48408657,-1.3217473,0.1512318,-1.87323,0.35321328,1.0828212,-0.54652524,-0.15916403,-0.17835997,0.28005624,-0.29715788,-0.99929386,0.123607864,-3.794292375,-1.909481847,0.11575909,0.07157436,-0.005042927,0.123607864,-3.794292375,-1.909481847,0.11575909,0.07157436,-0.005042927,1.8380489,-50.312317,-21.252533,1.2293615,0.7894652,-0.057842374
23.26666788,0.47497246,-1.324329,0.14823698,-1.8683807,0.34817103,1.0658877,-0.5458469,-0.16444953,-0.17766303,0.28632316,-0.30311784,-1.0161225,0.126732157,-3.762226191,-1.890866947,0.11251598,0.071762782,-0.005261516,0.126732157,-3.762226191,-1.890866947,0.11251598,0.071762782,-0.005261516,1.8845072,-49.88712,-21.04535,1.1949197,0.7915435,-0.060349584
23.28333455,0.466017,-1.3269262,0.14529078,-1.8635811,0.34316105,1.0490965,-0.5366121,-0.16460018,-0.17444879,0.28448814,-0.30109286,-1.0077144,0.141523665,-3.424107651,-1.708670254,0.126327779,0.057375296,-0.003294354,0.141523665,-3.424107651,-1.708670254,0.126327779,0.057375296,-0.003294354,2.104457,-45.403667,-19.0175,1.341601,0.6328495,-0.037786245
23.28333455,0.466017,-1.3269262,0.14529078,-1.8635811,0.34316105,1.0490965,-0.5366121,-0.16460018,-0.17444879,0.28448814,-0.30109286,-1.0077144,0.141523665,-3.424107651,-1.708670254,0.126327779,0.057375296,-0.003294354,0.141523665,-3.424107651,-1.708670254,0.126327779,0.057375296,-0.003294354,2.104457,-45.403667,-19.0175,1.341601,0.6328495,-0.037786245
23.28333455,0.466017,-1.3269262,0.14529078,-1.8635811,0.34316105,1.0490965,-0.5366121,-0.16460018,-0.17444879,0.28448814,-0.30109286,-1.0077144,0.141523665,-3.424107651,-1.708670254,0.126327779,0.057375296,-0.003294354,0.141523665,-3.424107651,-1.708670254,0.126327779,0.057375296,-0.003294354,2.104457,-45.403667,-19.0175,1.341601,0.6328495,-0.037786245
23.30000122,0.45706815,-1.3295988,0.142361,-1.8586619,0.33805853,1.0320392,-0.53599435,-0.16971143,-0.17371961,0.29043606,-0.30681136,-1.0235653,0.122780854,-3.668245974,-1.838693507,0.108144411,0.070496937,-0.005808579,0.122780854,-3.668245974,-1.838693507,0.108144411,0.070496937,-0.005808579,1.8257513,-48.64094,-20.464659,1.1484936,0.7775812,-0.0666244
23.30000122,0.45706815,-1.3295988,0.142361,-1.8586619,0.33805853,1.0320392,-0.53599435,-0.16971143,-0.17371961,0.29043606,-0.30681136,-1.0235653,0.122780854,-3.668245974,-1.838693507,0.108144411,0.070496937,-0.005808579,0.122780854,-3.668245974,-1.838693507,0.108144411,0.070496937,-0.005808579,1.8257513,-48.64094,-20.464659,1.1484936,0.7775812,-0.0666244
23.31666788,0.44813192,-1.3323576,0.13944283,-1.8536508,0.33286515,1.014732,-0.53517014,-0.17480473,-0.17300777,0.2958017,-0.3122554,-1.038381,0.125631167,-3.633762952,-1.819331091,0.104783192,0.070705764,-0.006026284,0.125631167,-3.633762952,-1.819331091,0.104783192,0.070705764,-0.006026284,1.8681355,-48.183697,-20.249155,1.1127975,0.7798846,-0.06912148
23.33333455,0.43935296,-1.3351281,0.13657162,-1.8487006,0.3277109,0.99759275,-0.52602893,-0.17468841,-0.16986707,0.29334465,-0.30982167,-1.0285988,0.134221098,-3.286466987,-1.633062131,0.119322078,0.056004551,-0.004091508,0.134221098,-3.286466987,-1.633062131,0.119322078,0.056004551,-0.004091508,1.9958677,-43.578552,-18.175982,1.2672005,0.6177302,-0.046929598
23.33333455,0.43935296,-1.3351281,0.13657162,-1.8487006,0.3277109,0.99759275,-0.52602893,-0.17468841,-0.16986707,0.29334465,-0.30982167,-1.0285988,0.134221098,-3.286466987,-1.633062131,0.119322078,0.056004551,-0.004091508,0.134221098,-3.286466987,-1.633062131,0.119322078,0.056004551,-0.004091508,1.9958677,-43.578552,-18.175982,1.2672005,0.6177302,-0.046929598
23.35000122,0.4305829,-1.3379701,0.1337178,-1.8436447,0.3224731,0.98022145,-0.5252522,-0.17957465,-0.16910845,0.29841307,-0.31500074,-1.0424008,0.121045385,-3.533647287,-1.764814337,0.100339873,0.069332047,-0.006565085,0.121045385,-3.533647287,-1.764814337,0.100339873,0.069332047,-0.006565085,1.7999449,-46.856163,-19.642384,1.0656095,0.7647325,-0.07530153
23.35000122,0.4305829,-1.3379701,0.1337178,-1.8436447,0.3224731,0.98022145,-0.5252522,-0.17957465,-0.16910845,0.29841307,-0.31500074,-1.0424008,0.121045385,-3.533647287,-1.764814337,0.100339873,0.069332047,-0.006565085,0.121045385,-3.533647287,-1.764814337,0.100339873,0.069332047,-0.006565085,1.7999449,-46.856163,-19.642384,1.0656095,0.7647325,-0.07530153
23.36666789,0.42182827,-1.3408943,0.13087602,-1.8385117,0.31715378,0.9626357,-0.52425736,-0.18442959,-0.16837332,0.30288073,-0.31988907,-1.0551398,0.123618414,-3.496951108,-1.744775695,0.096893277,0.069550061,-0.006780816,0.123618414,-3.496951108,-1.744775695,0.096893277,0.069550061,-0.006780816,1.8382058,-46.36957,-19.419353,1.0290066,0.76713717,-0.077775955
23.36666789,0.42182827,-1.3408943,0.13087602,-1.8385117,0.31715378,0.9626357,-0.52425736,-0.18442959,-0.16837332,0.30288073,-0.31988907,-1.0551398,0.123618414,-3.496951108,-1.744775695,0.096893277,0.069550061,-0.006780816,0.123618414,-3.496951108,-1.744775695,0.096893277,0.069550061,-0.006780816,1.8382058,-46.36957,-19.419353,1.0290066,0.76713717,-0.077775955
23.38333455,0.41322973,-1.3438259,0.12807958,-1.8334507,0.31188038,0.94523877,-0.51520073,-0.18403582,-0.16530223,0.29984134,-0.31705317,-1.0440499,0.126414822,-3.142893692,-1.555618293,0.112051703,0.054608803,-0.004887072,0.126414822,-3.142893692,-1.555618293,0.112051703,0.054608803,-0.004887072,1.8797884,-41.67477,-17.314032,1.1899891,0.6023351,-0.05605471
23.38333455,0.41322973,-1.3438259,0.12807958,-1.8334507,0.31188038,0.94523877,-0.51520073,-0.18403582,-0.16530223,0.29984134,-0.31705317,-1.0440499,0.126414822,-3.142893692,-1.555618293,0.112051703,0.054608803,-0.004887072,0.126414822,-3.142893692,-1.555618293,0.112051703,0.054608803,-0.004887072,1.8797884,-41.67477,-17.314032,1.1899891,0.6023351,-0.05605471
23.40000122,0.40464312,-1.3468243,0.12530172,-1.8282975,0.306533,0.92764497,-0.51423943,-0.18865108,-0.16450459,0.30403933,-0.3216554,-1.0557469,0.118376252,-3.390853042,-1.687917341,0.092461346,0.06802924,-0.007306979,0.118376252,-3.390853042,-1.687917341,0.092461346,0.06802924,-0.007306979,1.7602549,-44.96271,-18.78652,0.9819395,0.7503625,-0.083811045
23.40000122,0.40464312,-1.3468243,0.12530172,-1.8282975,0.306533,0.92764497,-0.51423943,-0.18865108,-0.16450459,0.30403933,-0.3216554,-1.0557469,0.118376252,-3.390853042,-1.687917341,0.092461346,0.06802924,-0.007306979,0.118376252,-3.390853042,-1.687917341,0.092461346,0.06802924,-0.007306979,1.7602549,-44.96271,-18.78652,0.9819395,0.7503625,-0.083811045
23.41666789,0.39607522,-1.3499004,0.1225365,-1.8230819,0.30111387,0.9098723,-0.5130479,-0.19322374,-0.16373707,0.30761835,-0.3259538,-1.066357,0.120682739,-3.352237431,-1.667317976,0.08895602,0.068249631,-0.007519103,0.120682739,-3.352237431,-1.667317976,0.08895602,0.068249631,-0.007519103,1.7945523,-44.45067,-18.55725,0.94471294,0.75279343,-0.08624411
23.43333456,0.3876622,-1.3529791,0.11981507,-1.8179476,0.2957471,0.89230895,-0.50406814,-0.19254297,-0.16073252,0.30403823,-0.32272366,-1.0540253,0.118104163,-2.993793689,-1.47644893,0.104620778,0.053144409,-0.005674383,0.118104163,-2.993793689,-1.47644893,0.104620778,0.053144409,-0.005674383,1.7562089,-39.697704,-16.432877,1.1110727,0.58618283,-0.06508517
23.43333456,0.3876622,-1.3529791,0.11981507,-1.8179476,0.2957471,0.89230895,-0.50406814,-0.19254297,-0.16073252,0.30403823,-0.32272366,-1.0540253,0.118104163,-2.993793689,-1.47644893,0.104620778,0.053144409,-0.005674383,0.118104163,-2.993793689,-1.47644893,0.104620778,0.053144409,-0.005674383,1.7562089,-39.697704,-16.432877,1.1110727,0.58618283,-0.06508517
23.45000122,0.37926438,-1.3561195,0.1171135,-1.8127346,0.2903166,0.8745845,-0.5028955,-0.19684438,-0.15988575,0.30737808,-0.32671747,-1.0635741,0.114775826,-3.240424511,-1.608178515,0.084610741,0.066549305,-0.008028501,0.114775826,-3.240424511,-1.608178515,0.084610741,0.066549305,-0.008028501,1.7067165,-42.96803,-17.899027,0.89856607,0.73403883,-0.09208691
23.45000122,0.37926438,-1.3561195,0.1171135,-1.8127346,0.2903166,0.8745845,-0.5028955,-0.19684438,-0.15988575,0.30737808,-0.32671747,-1.0635741,0.114775826,-3.240424511,-1.608178515,0.084610741,0.066549305,-0.008028501,0.114775826,-3.240424511,-1.608178515,0.084610741,0.066549305,-0.008028501,1.7067165,-42.96803,-17.899027,0.89856607,0.73403883,-0.09208691
23.45000122,0.37926438,-1.3561195,0.1171135,-1.8127346,0.2903166,0.8745845,-0.5028955,-0.19684438,-0.15988575,0.30737808,-0.32671747,-1.0635741,0.114775826,-3.240424511,-1.608178515,0.084610741,0.066549305,-0.008028501,0.114775826,-3.240424511,-1.608178515,0.084610741,0.066549305,-0.008028501,1.7067165,-42.96803,-17.899027,0.89856607,0.73403883,-0.09208691
23.46666789,0.37088895,-1.3593323,0.1144254,-1.8074739,0.28482476,0.8567168,-0.5014805,-0.20109105,-0.15907678,0.31008264,-0.33039528,-1.0720222,0.116787938,-3.199975199,-1.587031622,0.081084127,0.066755549,-0.008236042,0.116787938,-3.199975199,-1.587031622,0.081084127,0.066755549,-0.008236042,1.7366366,-42.43167,-17.663662,0.8611134,0.7363137,-0.0944674
23.48333456,0.36266756,-1.3625426,0.1117796,-1.8023032,0.27939174,0.8390785,-0.49256828,-0.20011753,-0.15613559,0.30600598,-0.3267834,-1.0585206,0.109359636,-2.839840447,-1.395796701,0.097112647,0.051583756,-0.006448079,0.109359636,-2.839840447,-1.395796701,0.097112647,0.051583756,-0.006448079,1.6261778,-37.656284,-15.535217,1.0313363,0.56896883,-0.07395947
23.48333456,0.36266756,-1.3625426,0.1117796,-1.8023032,0.27939174,0.8390785,-0.49256828,-0.20011753,-0.15613559,0.30600598,-0.3267834,-1.0585206,0.109359636,-2.839840447,-1.395796701,0.097112647,0.051583756,-0.006448079,0.109359636,-2.839840447,-1.395796701,0.097112647,0.051583756,-0.006448079,1.6261778,-37.656284,-15.535217,1.0313363,0.56896883,-0.07395947
23.50000123,0.35446504,-1.3658087,0.10915513,-1.7970676,0.27390552,0.8213151,-0.49115795,-0.20406345,-0.1552302,0.30850634,-0.33014128,-1.0658952,0.110227627,-3.0828545,-1.52574678,0.076888813,0.06485228,-0.008724395,0.110227627,-3.0828545,-1.52574678,0.076888813,0.06485228,-0.008724395,1.6390848,-40.87865,-16.981562,0.8165592,0.71532065,-0.10006881
23.50000123,0.35446504,-1.3658087,0.10915513,-1.7970676,0.27390552,0.8213151,-0.49115795,-0.20406345,-0.1552302,0.30850634,-0.33014128,-1.0658952,0.110227627,-3.0828545,-1.52574678,0.076888813,0.06485228,-0.008724395,0.110227627,-3.0828545,-1.52574678,0.076888813,0.06485228,-0.008724395,1.6390848,-40.87865,-16.981562,0.8165592,0.71532065,-0.10006881
23.51666789,0.34628913,-1.3691418,0.10654503,-1.7917981,0.2683687,0.80344516,-0.48949203,-0.2079442,-0.15437052,0.31035823,-0.33317393,-1.0721624,0.111963353,-3.040864061,-1.50416615,0.07336766,0.065038297,-0.00892598,0.111963353,-3.040864061,-1.50416615,0.07336766,0.065038297,-0.00892598,1.664895,-40.321857,-16.74137,0.77916455,0.7173724,-0.10238099
23.53333456,0.33826646,-1.3724673,0.10397589,-1.7866267,0.2628969,0.78582233,-0.48064038,-0.2066732,-0.1514903,0.30582896,-0.32919616,-1.0575756,0.100208371,-2.68158402,-1.313846945,0.089614023,0.049892519,-0.00720377,0.100208371,-2.68158402,-1.313846945,0.089614023,0.049892519,-0.00720377,1.4900985,-35.557804,-14.6231165,0.9517009,0.5503145,-0.08262724
23.53333456,0.33826646,-1.3724673,0.10397589,-1.7866267,0.2628969,0.78582233,-0.48064038,-0.2066732,-0.1514903,0.30582896,-0.32919616,-1.0575756,0.100208371,-2.68158402,-1.313846945,0.089614023,0.049892519,-0.00720377,0.100208371,-2.68158402,-1.313846945,0.089614023,0.049892519,-0.00720377,1.4900985,-35.557804,-14.6231165,0.9517009,0.5503145,-0.08262724
23.53333456,0.33826646,-1.3724673,0.10397589,-1.7866267,0.2628969,0.78582233,-0.48064038,-0.2066732,-0.1514903,0.30582896,-0.32919616,-1.0575756,0.100208371,-2.68158402,-1.313846945,0.089614023,0.049892519,-0.00720377,0.100208371,-2.68158402,-1.313846945,0.089614023,0.049892519,-0.00720377,1.4900985,-35.557804,-14.6231165,0.9517009,0.5503145,-0.08262724
23.55000123,0.33026692,-1.3758426,0.10142956,-1.7814038,0.2573829,0.7681111,-0.478966,-0.2102242,-0.150517,0.3075139,-0.3318965,-1.0627645,0.104746293,-2.918758076,-1.44083155,0.069388478,0.062905337,-0.009389493,0.104746293,-2.918758076,-1.44083155,0.069388478,0.062905337,-0.009389493,1.5575774,-38.702732,-16.036455,0.73690563,0.69384587,-0.10769749
23.55000123,0.33026692,-1.3758426,0.10142956,-1.7814038,0.2573829,0.7681111,-0.478966,-0.2102242,-0.150517,0.3075139,-0.3318965,-1.0627645,0.104746293,-2.918758076,-1.44083155,0.069388478,0.062905337,-0.009389493,0.104746293,-2.918758076,-1.44083155,0.069388478,0.062905337,-0.009389493,1.5575774,-38.702732,-16.036455,0.73690563,0.69384587,-0.10769749
23.5666679,0.32229856,-1.3792776,0.09889875,-1.7761608,0.2518293,0.7503298,-0.47702175,-0.21369895,-0.14959793,0.3085401,-0.3342646,-1.0668476,0.106200742,-2.875375532,-1.418860968,0.065906405,0.063057742,-0.009583897,0.106200742,-2.875375532,-1.418860968,0.065906405,0.063057742,-0.009583897,1.579205,-38.12748,-15.791923,0.699926,0.6955269,-0.1099273
23.58333456,0.31448263,-1.3826994,0.09640768,-1.7710223,0.24634662,0.732812,-0.4682252,-0.21212992,-0.14677575,0.30360475,-0.32993984,-1.0512649,0.090725869,-2.519818129,-1.230908725,0.082199121,0.048053016,-0.007936143,0.090725869,-2.519818129,-1.230908725,0.082199121,0.048053016,-0.007936143,1.3490937,-33.41279,-13.700014,0.87295467,0.53002477,-0.09102756
23.58333456,0.31448263,-1.3826994,0.09640768,-1.7710223,0.24634662,0.732812,-0.4682252,-0.21212992,-0.14677575,0.30360475,-0.32993984,-1.0512649,0.090725869,-2.519818129,-1.230908725,0.082199121,0.048053016,-0.007936143,0.090725869,-2.519818129,-1.230908725,0.082199121,0.048053016,-0.007936143,1.3490937,-33.41279,-13.700014,0.87295467,0.53002477,-0.09102756
23.60000123,0.30669457,-1.3861647,0.09394101,-1.7658457,0.24083284,0.71524215,-0.46625963,-0.21525179,-0.14572607,0.30450332,-0.33196566,-1.0542737,0.098411028,-2.749115381,-1.353834689,0.06217333,0.060699809,-0.010019728,0.098411028,-2.749115381,-1.353834689,0.06217333,0.060699809,-0.010019728,1.463372,-36.45327,-15.06818,0.66028076,0.6695189,-0.11492628
23.60000123,0.30669457,-1.3861647,0.09394101,-1.7658457,0.24083284,0.71524215,-0.46625963,-0.21525179,-0.14572607,0.30450332,-0.33196566,-1.0542737,0.098411028,-2.749115381,-1.353834689,0.06217333,0.060699809,-0.010019728,0.098411028,-2.749115381,-1.353834689,0.06217333,0.060699809,-0.010019728,1.463372,-36.45327,-15.06818,0.66028076,0.6695189,-0.11492628
23.6166679,0.2989427,-1.3896824,0.09149109,-1.7606621,0.23529074,0.69763845,-0.46401227,-0.21828634,-0.14473915,0.3047343,-0.33365577,-1.0561864,0.09956796,-2.70449004,-1.331517424,0.058760964,0.060804816,-0.010206326,0.09956796,-2.70449004,-1.331517424,0.058760964,0.060804816,-0.010206326,1.4805756,-35.861538,-14.819789,0.62404144,0.6706771,-0.11706656
23.6166679,0.2989427,-1.3896824,0.09149109,-1.7606621,0.23529074,0.69763845,-0.46401227,-0.21828634,-0.14473915,0.3047343,-0.33365577,-1.0561864,0.09956796,-2.70449004,-1.331517424,0.058760964,0.060804816,-0.010206326,0.09956796,-2.70449004,-1.331517424,0.058760964,0.060804816,-0.010206326,1.4805756,-35.861538,-14.819789,0.62404144,0.6706771,-0.11706656
23.63333457,0.2913426,-1.3931826,0.08907977,-1.755589,0.22982506,0.6803131,-0.45526543,-0.21642017,-0.14197266,0.29944137,-0.3290054,-1.0397016,0.08099225,-2.355272054,-1.147260949,0.07493868,0.046045361,-0.008640403,0.08099225,-2.355272054,-1.147260949,0.07493868,0.046045361,-0.008640403,1.2043548,-31.230907,-12.769014,0.7958488,0.50788033,-0.09910542
23.63333457,0.2913426,-1.3931826,0.08907977,-1.755589,0.22982506,0.6803131,-0.45526543,-0.21642017,-0.14197266,0.29944137,-0.3290054,-1.0397016,0.08099225,-2.355272054,-1.147260949,0.07493868,0.046045361,-0.008640403,0.08099225,-2.355272054,-1.147260949,0.07493868,0.046045361,-0.008640403,1.2043548,-31.230907,-12.769014,0.7958488,0.50788033,-0.09910542
23.65000123,0.2837753,-1.3967185,0.086694546,-1.7504903,0.22433966,0.66297174,-0.4529844,-0.21907811,-0.14083876,0.29958642,-0.33034593,-1.0405529,0.091221081,-2.574423248,-1.264915569,0.055332995,0.058201099,-0.010611087,0.091221081,-2.574423248,-1.264915569,0.055332995,0.058201099,-0.010611087,1.3564575,-34.136852,-14.07851,0.5876364,0.6419581,-0.12170917
23.65000123,0.2837753,-1.3967185,0.086694546,-1.7504903,0.22433966,0.66297174,-0.4529844,-0.21907811,-0.14083876,0.29958642,-0.33034593,-1.0405529,0.091221081,-2.574423248,-1.264915569,0.055332995,0.058201099,-0.010611087,0.091221081,-2.574423248,-1.264915569,0.055332995,0.058201099,-0.010611087,1.3564575,-34.136852,-14.07851,0.5876364,0.6419581,-0.12170917
23.6666679,0.27624977,-1.400299,0.08432745,-1.7453974,0.21883751,0.6456321,-0.45040873,-0.22164074,-0.13977586,0.29905796,-0.33134928,-1.0403231,0.092133966,-2.529016267,-1.242454011,0.052001281,0.058265713,-0.010788997,0.092133966,-2.529016267,-1.242454011,0.052001281,0.058265713,-0.010788997,1.3700321,-33.534756,-13.828513,0.5522536,0.6426708,-0.12374979
23.68333457,0.2688753,-1.4038565,0.08199799,-1.7404203,0.21341683,0.62858427,-0.44170943,-0.2194808,-0.13706388,0.29345766,-0.32639843,-1.0230393,0.071086175,-2.188769149,-1.063241042,0.067892934,0.043858684,-0.00931379,0.071086175,-2.188769149,-1.063241042,0.067892934,0.043858684,-0.00931379,1.0570514,-29.023079,-11.833873,0.72102296,0.48376128,-0.10682917
23.68333457,0.2688753,-1.4038565,0.08199799,-1.7404203,0.21341683,0.62858427,-0.44170943,-0.2194808,-0.13706388,0.29345766,-0.32639843,-1.0230393,0.071086175,-2.188769149,-1.063241042,0.067892934,0.043858684,-0.00931379,0.071086175,-2.188769149,-1.063241042,0.067892934,0.043858684,-0.00931379,1.0570514,-29.023079,-11.833873,0.72102296,0.48376128,-0.10682917
23.70000124,0.2615392,-1.4074417,0.07969629,-1.7354302,0.20798779,0.6115556,-0.4390898,-0.2216482,-0.13583899,0.29288647,-0.32704887,-1.0217711,0.083320319,-2.396004304,-1.174661049,0.048897647,0.055425905,-0.011161154,0.083320319,-2.396004304,-1.174661049,0.048897647,0.055425905,-0.011161154,1.2389731,-31.771017,-13.073977,0.519293,0.61134773,-0.12801844
23.70000124,0.2615392,-1.4074417,0.07969629,-1.7354302,0.20798779,0.6115556,-0.4390898,-0.2216482,-0.13583899,0.29288647,-0.32704887,-1.0217711,0.083320319,-2.396004304,-1.174661049,0.048897647,0.055425905,-0.011161154,0.083320319,-2.396004304,-1.174661049,0.048897647,0.055425905,-0.011161154,1.2389731,-31.771017,-13.073977,0.519293,0.61134773,-0.12801844
23.70000124,0.2615392,-1.4074417,0.07969629,-1.7354302,0.20798779,0.6115556,-0.4390898,-0.2216482,-0.13583899,0.29288647,-0.32704887,-1.0217711,0.083320319,-2.396004304,-1.174661049,0.048897647,0.055425905,-0.011161154,0.083320319,-2.396004304,-1.174661049,0.048897647,0.055425905,-0.011161154,1.2389731,-31.771017,-13.073977,0.519293,0.61134773,-0.12801844
23.7166679,0.25425065,-1.4110639,0.07741426,-1.7304577,0.2025534,0.59456384,-0.43616384,-0.22371227,-0.13469326,0.29164165,-0.3273645,-1.019445,0.083992797,-2.349985707,-1.15210815,0.045673633,0.055438069,-0.011329492,0.083992797,-2.349985707,-1.15210815,0.045673633,0.055438069,-0.011329492,1.2489729,-31.16081,-12.822964,0.485054,0.6114819,-0.12994927
23.73333457,0.2471125,-1.4146572,0.07516897,-1.7256043,0.19720522,0.57787526,-0.4275114,-0.22126488,-0.13203353,0.28578487,-0.3221398,-1.0014689,0.061119084,-2.021218497,-0.979224134,0.061114264,0.041490218,-0.009952994,0.061119084,-2.021218497,-0.979224134,0.061114264,0.041490218,-0.009952994,0.9088408,-26.801357,-10.898765,0.6490335,0.4576371,-0.114160836
23.73333457,0.2471125,-1.4146572,0.07516897,-1.7256043,0.19720522,0.57787526,-0.4275114,-0.22126488,-0.13203353,0.28578487,-0.3221398,-1.0014689,0.061119084,-2.021218497,-0.979224134,0.061114264,0.041490218,-0.009952994,0.061119084,-2.021218497,-0.979224134,0.061114264,0.041490218,-0.009952994,0.9088408,-26.801357,-10.898765,0.6490335,0.4576371,-0.114160836
23.75000124,0.24001871,-1.418271,0.07295317,-1.7207501,0.19186005,0.5612404,-0.4245327,-0.22291921,-0.13071233,0.28453615,-0.3221013,-0.99813515,0.074812078,-2.21488875,-1.083515232,0.042908786,0.052377417,-0.011667695,0.074812078,-2.21488875,-1.083515232,0.042908786,0.052377417,-0.011667695,1.1124556,-29.369425,-12.059525,0.4556913,0.5777229,-0.13382846
23.75000124,0.24001871,-1.418271,0.07295317,-1.7207501,0.19186005,0.5612404,-0.4245327,-0.22291921,-0.13071233,0.28453615,-0.3221013,-0.99813515,0.074812078,-2.21488875,-1.083515232,0.042908786,0.052377417,-0.011667695,0.074812078,-2.21488875,-1.083515232,0.042908786,0.052377417,-0.011667695,1.1124556,-29.369425,-12.059525,0.4556913,0.5777229,-0.13382846
23.76666791,0.23297861,-1.4219126,0.07075867,-1.7159252,0.18652095,0.54467624,-0.42123744,-0.22446041,-0.12947801,0.2826196,-0.32173252,-0.99377596,0.075233247,-2.168326716,-1.06087108,0.039825668,0.052321006,-0.011826024,0.075233247,-2.168326716,-1.06087108,0.039825668,0.052321006,-0.011826024,1.1187184,-28.752012,-11.807495,0.4229486,0.5771007,-0.1356445
23.78333457,0.22608815,-1.4255205,0.068600155,-1.711222,0.18127218,0.528425,-0.41263404,-0.22173548,-0.1268691,0.27655932,-0.31626385,-0.9752175,0.051211573,-1.853643823,-0.895654245,0.054640083,0.038945853,-0.010555619,0.051211573,-1.853643823,-0.895654245,0.054640083,0.038945853,-0.010555619,0.7615161,-24.579317,-9.968632,0.5802777,0.42957276,-0.12107295
23.78333457,0.22608815,-1.4255205,0.068600155,-1.711222,0.18127218,0.528425,-0.41263404,-0.22173548,-0.1268691,0.27655932,-0.31626385,-0.9752175,0.051211573,-1.853643823,-0.895654245,0.054640083,0.038945853,-0.010555619,0.051211573,-1.853643823,-0.895654245,0.054640083,0.038945853,-0.010555619,0.7615161,-24.579317,-9.968632,0.5802777,0.42957276,-0.12107295
23.78333457,0.22608815,-1.4255205,0.068600155,-1.711222,0.18127218,0.528425,-0.41263404,-0.22173548,-0.1268691,0.27655932,-0.31626385,-0.9752175,0.051211573,-1.853643823,-0.895654245,0.054640083,0.038945853,-0.010555619,0.051211573,-1.853643823,-0.895654245,0.054640083,0.038945853,-0.010555619,0.7615161,-24.579317,-9.968632,0.5802777,0.42957276,-0.12107295
23.80000124,0.2192483,-1.4291407,0.066472806,-1.7065295,0.17603761,0.5122603,-0.40927857,-0.2228569,-0.12544826,0.27467817,-0.31554464,-0.96988946,0.065801524,-2.032053417,-0.99189892,0.037405899,0.049059346,-0.012129696,0.065801524,-2.032053417,-0.99189892,0.037405899,0.049059346,-0.012129696,0.97846866,-26.945028,-11.039835,0.39725065,0.5411246,-0.13912761
23.80000124,0.2192483,-1.4291407,0.066472806,-1.7065295,0.17603761,0.5122603,-0.40927857,-0.2228569,-0.12544826,0.27467817,-0.31554464,-0.96988946,0.065801524,-2.032053417,-0.99189892,0.037405899,0.049059346,-0.012129696,0.065801524,-2.032053417,-0.99189892,0.037405899,0.049059346,-0.012129696,0.97846866,-26.945028,-11.039835,0.39725065,0.5411246,-0.13912761
23.81666791,0.21246856,-1.4327794,0.064368404,-1.7018765,0.17082039,0.4961995,-0.4055985,-0.22385824,-0.1241203,0.272139,-0.31450132,-0.9635749,0.066012244,-1.985312012,-0.969319117,0.034474647,0.048937218,-0.012277931,0.066012244,-1.985312012,-0.969319117,0.034474647,0.048937218,-0.012277931,0.9816021,-26.325237,-10.788522,0.36612076,0.5397775,-0.14082786
23.83333458,0.20583762,-1.4363794,0.062299438,-1.697347,0.16569714,0.48045918,-0.39704847,-0.22086737,-0.12156063,0.26592812,-0.30882043,-0.9445489,0.041469008,-1.686947162,-0.812914729,0.048509352,0.036230302,-0.01112047,0.041469008,-1.686947162,-0.812914729,0.048509352,0.036230302,-0.01112047,0.61664414,-22.36892,-9.047741,0.5151693,0.39962023,-0.1275518
23.83333458,0.20583762,-1.4363794,0.062299438,-1.697347,0.16569714,0.48045918,-0.39704847,-0.22086737,-0.12156063,0.26592812,-0.30882043,-0.9445489,0.041469008,-1.686947162,-0.812914729,0.048509352,0.036230302,-0.01112047,0.041469008,-1.686947162,-0.812914729,0.048509352,0.036230302,-0.01112047,0.61664414,-22.36892,-9.047741,0.5151693,0.39962023,-0.1275518
23.85000124,0.19926377,-1.4399834,0.060263183,-1.6928394,0.16059904,0.46483764,-0.39330277,-0.22144333,-0.12003837,0.26345882,-0.30743405,-0.937314,0.056452637,-1.84886006,-0.900439239,0.032394019,0.045503142,-0.01254777,0.056452637,-1.84886006,-0.900439239,0.032394019,0.045503142,-0.01254777,0.8394507,-24.515884,-10.021889,0.34402448,0.50189966,-0.14392292
23.85000124,0.19926377,-1.4399834,0.060263183,-1.6928394,0.16059904,0.46483764,-0.39330277,-0.22144333,-0.12003837,0.26345882,-0.30743405,-0.937314,0.056452637,-1.84886006,-0.900439239,0.032394019,0.045503142,-0.01254777,0.056452637,-1.84886006,-0.900439239,0.032394019,0.045503142,-0.01254777,0.8394507,-24.515884,-10.021889,0.34402448,0.50189966,-0.14392292
23.86666791,0.19275671,-1.4435972,0.058251634,-1.688381,0.15552922,0.44935066,-0.38922623,-0.2218925,-0.11861285,0.2603505,-0.30573332,-0.9291403,0.056468839,-1.802109593,-0.877969798,0.029637537,0.045305323,-0.01268523,0.056468839,-1.802109593,-0.877969798,0.029637537,0.045305323,-0.01268523,0.83969164,-23.895973,-9.771804,0.31475064,0.4997177,-0.14549959
23.86666791,0.19275671,-1.4435972,0.058251634,-1.688381,0.15552922,0.44935066,-0.38922623,-0.2218925,-0.11861285,0.2603505,-0.30573332,-0.9291403,0.056468839,-1.802109593,-0.877969798,0.029637537,0.045305323,-0.01268523,0.056468839,-1.802109593,-0.877969798,0.029637537,0.045305323,-0.01268523,0.83969164,-23.895973,-9.771804,0.31475064,0.4997177,-0.14549959
23.88333458,0.18639751,-1.4471672,0.0562751,-1.6840471,0.15055655,0.43418977,-0.38073704,-0.21864973,-0.11610137,0.2540432,-0.29987344,-0.9097645,0.032004904,-1.522115129,-0.731440267,0.042751308,0.033356289,-0.011647296,0.032004904,-1.522115129,-0.731440267,0.042751308,0.033356289,-0.011647296,0.47591293,-20.183247,-8.14093,0.4540189,0.36791986,-0.13359448
23.88333458,0.18639751,-1.4471672,0.0562751,-1.6840471,0.15055655,0.43418977,-0.38073704,-0.21864973,-0.11610137,0.2540432,-0.29987344,-0.9097645,0.032004904,-1.522115129,-0.731440267,0.042751308,0.033356289,-0.011647296,0.032004904,-1.522115129,-0.731440267,0.042751308,0.033356289,-0.011647296,0.47591293,-20.183247,-8.14093,0.4540189,0.36791986,-0.13359448
23.90000125,0.18010217,-1.4507321,0.05433272,-1.6797453,0.14561957,0.41917798,-0.37659124,-0.21867247,-0.114477664,0.25103587,-0.2978399,-0.9007255,0.046912351,-1.666483153,-0.809668209,0.027884678,0.041731595,-0.012922794,0.046912351,-1.666483153,-0.809668209,0.027884678,0.041731595,-0.012922794,0.69758666,-22.097567,-9.011607,0.29613528,0.4602995,-0.14822444
23.90000125,0.18010217,-1.4507321,0.05433272,-1.6797453,0.14561957,0.41917798,-0.37659124,-0.21867247,-0.114477664,0.25103587,-0.2978399,-0.9007255,0.046912351,-1.666483153,-0.809668209,0.027884678,0.041731595,-0.012922794,0.046912351,-1.666483153,-0.809668209,0.027884678,0.041731595,-0.012922794,0.69758666,-22.097567,-9.011607,0.29613528,0.4602995,-0.14822444
23.91666791,0.17388046,-1.4542979,0.052416775,-1.6755016,0.14072144,0.40432975,-0.37211192,-0.21856247,-0.11295302,0.24741556,-0.2955039,-0.89080197,0.046747718,-1.619909036,-0.78737348,0.025322741,0.041451561,-0.013049683,0.046747718,-1.619909036,-0.78737348,0.025322741,0.041451561,-0.013049683,0.6951386,-21.479994,-8.763467,0.2689275,0.45721072,-0.14967987
23.93333458,0.16780528,-1.4578155,0.050535552,-1.6713812,0.135923,0.3898114,-0.36369452,-0.21508616,-0.110487886,0.24106763,-0.28950095,-0.8711961,0.022946818,-1.360267392,-0.651730531,0.037379397,0.030348713,-0.012136272,0.022946818,-1.360267392,-0.651730531,0.037379397,0.030348713,-0.012136272,0.3412192,-18.037146,-7.253761,0.3969692,0.3347463,-0.13920304
23.93333458,0.16780528,-1.4578155,0.050535552,-1.6713812,0.135923,0.3898114,-0.36369452,-0.21508616,-0.110487886,0.24106763,-0.28950095,-0.8711961,0.022946818,-1.360267392,-0.651730531,0.037379397,0.030348713,-0.012136272,0.022946818,-1.360267392,-0.651730531,0.037379397,0.030348713,-0.012136272,0.3412192,-18.037146,-7.253761,0.3969692,0.3347463,-0.13920304
23.95000125,0.16180083,-1.46132,0.048689798,-1.6673026,0.13117039,0.37547004,-0.3591437,-0.21455379,-0.1087651,0.23757143,-0.2868465,-0.86047024,0.037340943,-1.486212959,-0.720188538,0.023870897,0.037781228,-0.013257164,0.037340943,-1.486212959,-0.720188538,0.023870897,0.037781228,-0.013257164,0.5552598,-19.707184,-8.015698,0.25350893,0.41672695,-0.15205967
23.95000125,0.16180083,-1.46132,0.048689798,-1.6673026,0.13117039,0.37547004,-0.3591437,-0.21455379,-0.1087651,0.23757143,-0.2868465,-0.86047024,0.037340943,-1.486212959,-0.720188538,0.023870897,0.037781228,-0.013257164,0.037340943,-1.486212959,-0.720188538,0.023870897,0.037781228,-0.013257164,0.5552598,-19.707184,-8.015698,0.25350893,0.41672695,-0.15205967
23.95000125,0.16180083,-1.46132,0.048689798,-1.6673026,0.13117039,0.37547004,-0.3591437,-0.21455379,-0.1087651,0.23757143,-0.2868465,-0.86047024,0.037340943,-1.486212959,-0.720188538,0.023870897,0.037781228,-0.013257164,0.037340943,-1.486212959,-0.720188538,0.023870897,0.037781228,-0.013257164,0.5552598,-19.707184,-8.015698,0.25350893,0.41672695,-0.15205967
23.96666792,0.1558769,-1.4648155,0.046872225,-1.66329,0.12646672,0.3613198,-0.3542602,-0.21388339,-0.10714055,0.23349647,-0.28390494,-0.8489197,0.037007855,-1.439961337,-0.698106308,0.021523483,0.037410772,-0.013373269,0.037007855,-1.439961337,-0.698106308,0.021523483,0.037410772,-0.013373269,0.5503068,-19.093887,-7.769923,0.22857939,0.4126408,-0.15339139
23.98333458,0.15009803,-1.4682584,0.04508917,-1.6593995,0.12186462,0.3475011,-0.34592828,-0.2101927,-0.10472098,0.2271617,-0.27779528,-0.829207,0.014383394,-1.202309581,-0.574192697,0.032409456,0.027227134,-0.012588861,0.014383394,-1.202309581,-0.574192697,0.032409456,0.027227134,-0.012588861,0.21388108,-15.942625,-6.3907647,0.34418842,0.3003153,-0.14439423
23.98333458,0.15009803,-1.4682584,0.04508917,-1.6593995,0.12186462,0.3475011,-0.34592828,-0.2101927,-0.10472098,0.2271617,-0.27779528,-0.829207,0.014383394,-1.202309581,-0.574192697,0.032409456,0.027227134,-0.012588861,0.014383394,-1.202309581,-0.574192697,0.032409456,0.027227134,-0.012588861,0.21388108,-15.942625,-6.3907647,0.34418842,0.3003153,-0.14439423
24.00000125,0.14439704,-1.4716794,0.043342732,-1.6555604,0.11731793,0.3338855,-0.34097293,-0.20911053,-0.10290291,0.22323012,-0.27455252,-0.8169267,0.027908803,-1.309412817,-0.632641236,0.020335552,0.033696084,-0.013553415,0.027908803,-1.309412817,-0.632641236,0.020335552,0.033696084,-0.013553415,0.4150039,-17.362814,-7.041297,0.21596356,0.3716678,-0.15545768
24.00000125,0.14439704,-1.4716794,0.043342732,-1.6555604,0.11731793,0.3338855,-0.34097293,-0.20911053,-0.10290291,0.22323012,-0.27455252,-0.8169267,0.027908803,-1.309412817,-0.632641236,0.020335552,0.033696084,-0.013553415,0.027908803,-1.309412817,-0.632641236,0.020335552,0.033696084,-0.013553415,0.4150039,-17.362814,-7.041297,0.21596356,0.3716678,-0.15545768
24.01666792,0.13878328,-1.4750823,0.04162617,-1.6517938,0.11282968,0.32048565,-0.33569053,-0.20788684,-0.1011796,0.21876368,-0.2710392,-0.80388963,0.027426033,-1.263702329,-0.610849307,0.018216386,0.033232721,-0.013659227,0.027426033,-1.263702329,-0.610849307,0.018216386,0.033232721,-0.013659227,0.4078251,-16.756693,-6.798753,0.19345802,0.3665569,-0.15667133
24.03333459,0.1333126,-1.4784286,0.039944038,-1.6481458,0.10844432,0.3074169,-0.32746124,-0.20400536,-0.09880475,0.21249686,-0.264862,-0.7841904,0.006429746,-1.049391357,-0.499352955,0.027838871,0.024028194,-0.013006831,0.006429746,-1.049391357,-0.499352955,0.027838871,0.024028194,-0.013006831,0.09561032,-13.914929,-5.5577984,0.2956488,0.26503098,-0.14918835
24.03333459,0.1333126,-1.4784286,0.039944038,-1.6481458,0.10844432,0.3074169,-0.32746124,-0.20400536,-0.09880475,0.21249686,-0.264862,-0.7841904,0.006429746,-1.049391357,-0.499352955,0.027838871,0.024028194,-0.013006831,0.006429746,-1.049391357,-0.499352955,0.027838871,0.024028194,-0.013006831,0.09561032,-13.914929,-5.5577984,0.2956488,0.26503098,-0.14918835
24.03333459,0.1333126,-1.4784286,0.039944038,-1.6481458,0.10844432,0.3074169,-0.32746124,-0.20400536,-0.09880475,0.21249686,-0.264862,-0.7841904,0.006429746,-1.049391357,-0.499352955,0.027838871,0.024028194,-0.013006831,0.006429746,-1.049391357,-0.499352955,0.027838871,0.024028194,-0.013006831,0.09561032,-13.914929,-5.5577984,0.2956488,0.26503098,-0.14918835
24.05000125,0.12792684,-1.4817452,0.03829949,-1.6445575,0.10412327,0.2945747,-0.3221076,-0.20238589,-0.096897475,0.20818318,-0.2610691,-0.7705037,0.018780866,-1.137451888,-0.547677423,0.017250875,0.029527633,-0.013816522,0.018780866,-1.137451888,-0.547677423,0.017250875,0.029527633,-0.013816522,0.27927148,-15.082612,-6.0956497,0.1832043,0.3256898,-0.1584755
24.05000125,0.12792684,-1.4817452,0.03829949,-1.6445575,0.10412327,0.2945747,-0.3221076,-0.20238589,-0.096897475,0.20818318,-0.2610691,-0.7705037,0.018780866,-1.137451888,-0.547677423,0.017250875,0.029527633,-0.013816522,0.018780866,-1.137451888,-0.547677423,0.017250875,0.029527633,-0.013816522,0.27927148,-15.082612,-6.0956497,0.1832043,0.3256898,-0.1584755
24.06666792,0.122634925,-1.4850351,0.036686394,-1.641048,0.099869475,0.28197068,-0.31643695,-0.20062003,-0.09507886,0.2033865,-0.25702542,-0.75613296,0.018129067,-1.092248157,-0.526125026,0.015385499,0.028954642,-0.013911707,0.018129067,-1.092248157,-0.526125026,0.015385499,0.028954642,-0.013911707,0.26957923,-14.483211,-5.8557715,0.163394,0.3193697,-0.15956728
24.08333459,0.11748389,-1.4882643,0.035107724,-1.637653,0.09571922,0.26969546,-0.30833143,-0.19657177,-0.09274811,0.19723928,-0.25081918,-0.7365685,-0.000864961,-0.902327801,-0.427576067,0.023674536,0.020776744,-0.013392686,-0.000864961,-0.902327801,-0.427576067,0.023674536,0.020776744,-0.013392686,-0.012861967,-11.964867,-4.7589216,0.25142357,0.22916749,-0.1536141
24.08333459,0.11748389,-1.4882643,0.035107724,-1.637653,0.09571922,0.26969546,-0.30833143,-0.19657177,-0.09274811,0.19723928,-0.25081918,-0.7365685,-0.000864961,-0.902327801,-0.427576067,0.023674536,0.020776744,-0.013392686,-0.000864961,-0.902327801,-0.427576067,0.023674536,0.020776744,-0.013392686,-0.012861967,-11.964867,-4.7589216,0.25142357,0.22916749,-0.1536141
24.10000126,0.11242467,-1.4914562,0.033567376,-1.6343256,0.091641404,0.25766763,-0.30259243,-0.19443129,-0.090759315,0.19260141,-0.24652147,-0.7216355,0.010062342,-0.971354906,-0.465773037,0.014604211,0.025308845,-0.014049792,0.010062342,-0.971354906,-0.465773037,0.014604211,0.025308845,-0.014049792,0.14962703,-12.880166,-5.184054,0.15509672,0.27915657,-0.16115111
24.10000126,0.11242467,-1.4914562,0.033567376,-1.6343256,0.091641404,0.25766763,-0.30259243,-0.19443129,-0.090759315,0.19260141,-0.24652147,-0.7216355,0.010062342,-0.971354906,-0.465773037,0.014604211,0.025308845,-0.014049792,0.010062342,-0.971354906,-0.465773037,0.014604211,0.025308845,-0.014049792,0.14962703,-12.880166,-5.184054,0.15509672,0.27915657,-0.16115111
24.11666792,0.10746571,-1.494612,0.03205996,-1.6310813,0.08763891,0.24589749,-0.29655185,-0.19214284,-0.08885002,0.18754058,-0.24199352,-0.70609486,0.009268827,-0.926959497,-0.444585615,0.012994579,0.024633446,-0.014134978,0.009268827,-0.926959497,-0.444585615,0.012994579,0.024633446,-0.014134978,0.13782746,-12.291483,-4.948238,0.13800243,0.2717069,-0.1621282
24.11666792,0.10746571,-1.494612,0.03205996,-1.6310813,0.08763891,0.24589749,-0.29655185,-0.19214284,-0.08885002,0.18754058,-0.24199352,-0.70609486,0.009268827,-0.926959497,-0.444585615,0.012994579,0.024633446,-0.014134978,0.009268827,-0.926959497,-0.444585615,0.012994579,0.024633446,-0.014134978,0.13782746,-12.291483,-4.948238,0.13800243,0.2717069,-0.1621282
24.13333459,0.10264476,-1.4977044,0.030587016,-1.6279473,0.083739944,0.23445159,-0.2885948,-0.18795672,-0.08656373,0.18156247,-0.23579825,-0.6867883,-0.007406893,-0.762275046,-0.359408446,0.019892443,0.017521889,-0.013750256,-0.007406893,-0.762275046,-0.359408446,0.019892443,0.017521889,-0.013750256,-0.1101405,-10.107767,-4.000216,0.21125774,0.19326644,-0.15771544
24.13333459,0.10264476,-1.4977044,0.030587016,-1.6279473,0.083739944,0.23445159,-0.2885948,-0.18795672,-0.08656373,0.18156247,-0.23579825,-0.6867883,-0.007406893,-0.762275046,-0.359408446,0.019892443,0.017521889,-0.013750256,-0.007406893,-0.762275046,-0.359408446,0.019892443,0.017521889,-0.013750256,-0.1101405,-10.107767,-4.000216,0.21125774,0.19326644,-0.15771544
24.15000126,0.09792229,-1.5007516,0.029152911,-1.6248869,0.07992074,0.22327119,-0.2824899,-0.18532036,-0.084503114,0.17666005,-0.2310456,-0.67078036,0.001901713,-0.812514551,-0.387601176,0.012349913,0.021103578,-0.014258512,0.001901713,-0.812514551,-0.387601176,0.012349913,0.021103578,-0.014258512,0.02827847,-10.773943,-4.314001,0.13115607,0.23277247,-0.16354513
24.15000126,0.09792229,-1.5007516,0.029152911,-1.6248869,0.07992074,0.22327119,-0.2824899,-0.18532036,-0.084503114,0.17666005,-0.2310456,-0.67078036,0.001901713,-0.812514551,-0.387601176,0.012349913,0.021103578,-0.014258512,0.001901713,-0.812514551,-0.387601176,0.012349913,0.021103578,-0.014258512,0.02827847,-10.773943,-4.314001,0.13115607,0.23277247,-0.16354513
24.16666793,0.09330598,-1.503755,0.02775309,-1.6219127,0.07618401,0.21236509,-0.27610603,-0.18253627,-0.08251018,0.17139997,-0.22608653,-0.65424883,0.000971067,-0.769103167,-0.366841665,0.011001693,0.020325357,-0.014334694,0.000971067,-0.769103167,-0.366841665,0.011001693,0.020325357,-0.014334694,0.014439762,-10.198308,-4.0829477,0.11683798,0.22418869,-0.16441894
24.18333459,0.08882428,-1.5066919,0.026387768,-1.6190438,0.07255012,0.20177677,-0.2683245,-0.17824194,-0.08026927,0.16563566,-0.21994309,-0.6353177,-0.013168704,-0.63003343,-0.295218003,0.016482017,0.01429916,-0.014082509,-0.013168704,-0.63003343,-0.295218003,0.016482017,0.01429916,-0.014082509,-0.19581863,-8.354243,-3.2857764,0.17503902,0.15771973,-0.16152638
24.18333459,0.08882428,-1.5066919,0.026387768,-1.6190438,0.07255012,0.20177677,-0.2683245,-0.17824194,-0.08026927,0.16563566,-0.21994309,-0.6353177,-0.013168704,-0.63003343,-0.295218003,0.016482017,0.01429916,-0.014082509,-0.013168704,-0.63003343,-0.295218003,0.016482017,0.01429916,-0.014082509,-0.19581863,-8.354243,-3.2857764,0.17503902,0.15771973,-0.16152638
24.20000126,0.084447384,-1.5095768,0.025061596,-1.6162541,0.06900237,0.1914689,-0.2618812,-0.17514172,-0.07814776,0.16052935,-0.2147911,-0.61841893,-0.005593429,-0.662101052,-0.313724191,0.010446113,0.016965746,-0.014447963,-0.005593429,-0.662101052,-0.313724191,0.010446113,0.016965746,-0.014447963,-0.08317429,-8.77946,-3.4917502,0.11093772,0.18713218,-0.16571814
24.20000126,0.084447384,-1.5095768,0.025061596,-1.6162541,0.06900237,0.1914689,-0.2618812,-0.17514172,-0.07814776,0.16052935,-0.2147911,-0.61841893,-0.005593429,-0.662101052,-0.313724191,0.010446113,0.016965746,-0.014447963,-0.005593429,-0.662101052,-0.313724191,0.010446113,0.016965746,-0.014447963,-0.08317429,-8.77946,-3.4917502,0.11093772,0.18713218,-0.16571814
24.20000126,0.084447384,-1.5095768,0.025061596,-1.6162541,0.06900237,0.1914689,-0.2618812,-0.17514172,-0.07814776,0.16052935,-0.2147911,-0.61841893,-0.005593429,-0.662101052,-0.313724191,0.010446113,0.016965746,-0.014447963,-0.005593429,-0.662101052,-0.313724191,0.010446113,0.016965746,-0.014447963,-0.08317429,-8.77946,-3.4917502,0.11093772,0.18713218,-0.16571814
24.21666793,0.08018205,-1.5124097,0.02377084,-1.6135539,0.06554334,0.18144882,-0.2551879,-0.17189471,-0.07608045,0.15513602,-0.20945872,-0.6010849,-0.006674949,-0.619767262,-0.293418018,0.009368112,0.016081628,-0.014515801,-0.006674949,-0.619767262,-0.293418018,0.009368112,0.016081628,-0.014515801,-0.099256486,-8.218114,-3.2657425,0.09948935,0.17738035,-0.16649623
24.2333346,0.07604734,-1.5151744,0.022514619,-1.6109519,0.062185742,0.17173806,-0.24761282,-0.16752565,-0.07388704,0.14963181,-0.20340747,-0.5826466,-0.018115882,-0.506561518,-0.235456298,0.013416419,0.011157036,-0.014393147,-0.018115882,-0.506561518,-0.235456298,0.013416419,0.011157036,-0.014393147,-0.26938316,-6.7170057,-2.6206286,0.14248237,0.12306211,-0.1650894
24.2333346,0.07604734,-1.5151744,0.022514619,-1.6109519,0.062185742,0.17173806,-0.24761282,-0.16752565,-0.07388704,0.14963181,-0.20340747,-0.5826466,-0.018115882,-0.506561518,-0.235456298,0.013416419,0.011157036,-0.014393147,-0.018115882,-0.506561518,-0.235456298,0.013416419,0.011157036,-0.014393147,-0.26938316,-6.7170057,-2.6206286,0.14248237,0.12306211,-0.1650894
24.25000126,0.072023116,-1.5178804,0.021297604,-1.6084331,0.058919676,0.1623195,-0.24086723,-0.16400017,-0.07171741,0.1443835,-0.19791785,-0.56505066,-0.012347574,-0.521192615,-0.244660776,0.008850409,0.012948557,-0.014623758,-0.012347574,-0.521192615,-0.244660776,0.008850409,0.012948557,-0.014623758,-0.18360843,-6.911014,-2.7230744,0.09399135,0.14282258,-0.1677345
24.25000126,0.072023116,-1.5178804,0.021297604,-1.6084331,0.058919676,0.1623195,-0.24086723,-0.16400017,-0.07171741,0.1443835,-0.19791785,-0.56505066,-0.012347574,-0.521192615,-0.244660776,0.008850409,0.012948557,-0.014623758,-0.012347574,-0.521192615,-0.244660776,0.008850409,0.012948557,-0.014623758,-0.18360843,-6.911014,-2.7230744,0.09399135,0.14282258,-0.1677345
24.26666793,0.06811516,-1.5205274,0.020116946,-1.6060055,0.05574748,0.1531989,-0.23390666,-0.16033177,-0.06958692,0.13892314,-0.19227539,-0.547113,-0.013565565,-0.48020278,-0.224927236,0.008033774,0.011969838,-0.014684263,-0.013565565,-0.48020278,-0.224927236,0.008033774,0.011969838,-0.014684263,-0.20171995,-6.367489,-2.5034401,0.08531868,0.13202731,-0.1684285
24.2833346,0.064333126,-1.523104,0.018970754,-1.6036693,0.052674647,0.14437741,-0.2265709,-0.15592286,-0.06744461,0.13371481,-0.18635732,-0.5292796,-0.022239018,-0.392636167,-0.180493853,0.010665526,0.008142215,-0.014686681,-0.022239018,-0.392636167,-0.180493853,0.010665526,0.008142215,-0.014686681,-0.3306942,-5.2063556,-2.0088966,0.11326788,0.08980863,-0.16845623
24.2833346,0.064333126,-1.523104,0.018970754,-1.6036693,0.052674647,0.14437741,-0.2265709,-0.15592286,-0.06744461,0.13371481,-0.18635732,-0.5292796,-0.022239018,-0.392636167,-0.180493853,0.010665526,0.008142215,-0.014686681,-0.022239018,-0.392636167,-0.180493853,0.010665526,0.008142215,-0.014686681,-0.3306942,-5.2063556,-2.0088966,0.11326788,0.08980863,-0.16845623
24.2833346,0.064333126,-1.523104,0.018970754,-1.6036693,0.052674647,0.14437741,-0.2265709,-0.15592286,-0.06744461,0.13371481,-0.18635732,-0.5292796,-0.022239018,-0.392636167,-0.180493853,0.010665526,0.008142215,-0.014686681,-0.022239018,-0.392636167,-0.180493853,0.010665526,0.008142215,-0.014686681,-0.3306942,-5.2063556,-2.0088966,0.11326788,0.08980863,-0.16845623
24.30000127,0.060666602,-1.5256165,0.017863603,-1.6014191,0.049697675,0.13585638,-0.21956784,-0.15201919,-0.06524087,0.1283887,-0.18059632,-0.5111925,-0.018278913,-0.390931276,-0.180968549,0.007504275,0.009115402,-0.014791137,-0.018278913,-0.390931276,-0.180968549,0.007504275,0.009115402,-0.014791137,-0.27180743,-5.1837487,-2.01418,0.079695396,0.10054288,-0.16965434
24.30000127,0.060666602,-1.5256165,0.017863603,-1.6014191,0.049697675,0.13585638,-0.21956784,-0.15201919,-0.06524087,0.1283887,-0.18059632,-0.5111925,-0.018278913,-0.390931276,-0.180968549,0.007504275,0.009115402,-0.014791137,-0.018278913,-0.390931276,-0.180968549,0.007504275,0.009115402,-0.014791137,-0.27180743,-5.1837487,-2.01418,0.079695396,0.10054288,-0.16965434
24.31666793,0.057120085,-1.5280639,0.016793495,-1.5992601,0.046818584,0.12764,-0.21239153,-0.14797816,-0.06306074,0.12292607,-0.17471237,-0.49285743,-0.019638245,-0.351472893,-0.16189021,0.006942619,0.008050902,-0.014845516,-0.019638245,-0.351472893,-0.16189021,0.006942619,0.008050902,-0.014845516,-0.2920207,-4.6605306,-1.801838,0.07373062,0.08880144,-0.17027807
24.3333346,0.05369418,-1.5304402,0.015757693,-1.5971856,0.0440361,0.11971064,-0.20532925,-0.14356661,-0.060974494,0.11804505,-0.16896789,-0.4757374,-0.025540009,-0.289025134,-0.130697948,0.008189721,0.005304625,-0.014966446,-0.025540009,-0.289025134,-0.130697948,0.008189721,0.005304625,-0.014966446,-0.37977993,-3.8324733,-1.4546682,0.08697484,0.05851001,-0.17166513
24.3333346,0.05369418,-1.5304402,0.015757693,-1.5971856,0.0440361,0.11971064,-0.20532925,-0.14356661,-0.060974494,0.11804505,-0.16896789,-0.4757374,-0.025540009,-0.289025134,-0.130697948,0.008189721,0.005304625,-0.014966446,-0.025540009,-0.289025134,-0.130697948,0.008189721,0.005304625,-0.014966446,-0.37977993,-3.8324733,-1.4546682,0.08697484,0.05851001,-0.17166513
24.35000127,0.050387893,-1.5327474,0.014760495,-1.5951991,0.041352596,0.112086535,-0.19812277,-0.13933608,-0.058752876,0.11270441,-0.16300657,-0.45736992,-0.023376467,-0.272052842,-0.123002823,0.006366209,0.005511935,-0.014955199,-0.023376467,-0.272052842,-0.123002823,0.006366209,0.005511935,-0.014955199,-0.34760806,-3.6074207,-1.3690214,0.06760914,0.06079665,-0.17153613
24.35000127,0.050387893,-1.5327474,0.014760495,-1.5951991,0.041352596,0.112086535,-0.19812277,-0.13933608,-0.058752876,0.11270441,-0.16300657,-0.45736992,-0.023376467,-0.272052842,-0.123002823,0.006366209,0.005511935,-0.014955199,-0.023376467,-0.272052842,-0.123002823,0.006366209,0.005511935,-0.014955199,-0.34760806,-3.6074207,-1.3690214,0.06760914,0.06079665,-0.17153613
24.36666794,0.04720434,-1.5349841,0.01380075,-1.593303,0.038769785,0.1047702,-0.19079089,-0.13497786,-0.056539137,0.10730498,-0.15695412,-0.43885404,-0.024855033,-0.234479278,-0.104752951,0.00603816,0.004381225,-0.015004679,-0.024855033,-0.234479278,-0.104752951,0.00603816,0.004381225,-0.015004679,-0.36959434,-3.1091952,-1.1659003,0.064125255,0.04832491,-0.17210367
24.36666794,0.04720434,-1.5349841,0.01380075,-1.593303,0.038769785,0.1047702,-0.19079089,-0.13497786,-0.056539137,0.10730498,-0.15695412,-0.43885404,-0.024855033,-0.234479278,-0.104752951,0.00603816,0.004381225,-0.015004679,-0.024855033,-0.234479278,-0.104752951,0.00603816,0.004381225,-0.015004679,-0.36959434,-3.1091952,-1.1659003,0.064125255,0.04832491,-0.17210367
24.38333461,0.04413543,-1.537149,0.012875,-1.5914834,0.036280144,0.0977271,-0.18403722,-0.13060299,-0.05451568,0.10277925,-0.15142322,-0.42255157,-0.028036153,-0.196365461,-0.086372764,0.005949603,0.002691761,-0.015236237,-0.028036153,-0.196365461,-0.086372764,0.005949603,0.002691761,-0.015236237,-0.4168976,-2.603806,-0.96132886,0.06318478,0.029690126,-0.17475964
24.38333461,0.04413543,-1.537149,0.012875,-1.5914834,0.036280144,0.0977271,-0.18403722,-0.13060299,-0.05451568,0.10277925,-0.15142322,-0.42255157,-0.028036153,-0.196365461,-0.086372764,0.005949603,0.002691761,-0.015236237,-0.028036153,-0.196365461,-0.086372764,0.005949603,0.002691761,-0.015236237,-0.4168976,-2.603806,-0.96132886,0.06318478,0.029690126,-0.17475964
24.40000127,0.04118912,-1.5392411,0.011987166,-1.5897526,0.033891384,0.090990335,-0.17669147,-0.12610672,-0.05229351,0.09748809,-0.1453377,-0.40412277,-0.02758344,-0.165601104,-0.071280889,0.005365636,0.002204407,-0.015120821,-0.02758344,-0.165601104,-0.071280889,0.005365636,0.002204407,-0.015120821,-0.41016576,-2.1958706,-0.7933563,0.056983054,0.024314614,-0.17343582
24.40000127,0.04118912,-1.5392411,0.011987166,-1.5897526,0.033891384,0.090990335,-0.17669147,-0.12610672,-0.05229351,0.09748809,-0.1453377,-0.40412277,-0.02758344,-0.165601104,-0.071280889,0.005365636,0.002204407,-0.015120821,-0.02758344,-0.165601104,-0.071280889,0.005365636,0.002204407,-0.015120821,-0.41016576,-2.1958706,-0.7933563,0.056983054,0.024314614,-0.17343582
24.41666794,0.038367122,-1.5412583,0.01113687,-1.5881101,0.031604856,0.08456078,-0.16927253,-0.12149507,-0.050064728,0.0922134,-0.13919435,-0.38564706,-0.029164074,-0.130210608,-0.054011266,0.00524648,0.001028705,-0.015167315,-0.029164074,-0.130210608,-0.054011266,0.00524648,0.001028705,-0.015167315,-0.43366978,-1.7265927,-0.6011454,0.055717617,0.011346611,-0.1739691
24.43333461,0.03565315,-1.5432042,0.010320071,-1.5865363,0.029407395,0.07838902,-0.16286276,-0.117198505,-0.048112888,0.08806396,-0.13391607,-0.37025985,-0.02973998,-0.115275527,-0.047822895,0.003894889,0.000355425,-0.01549922,-0.02973998,-0.115275527,-0.047822895,0.003894889,0.000355425,-0.01549922,-0.4422335,-1.5285535,-0.5322688,0.04136372,0.003920336,-0.17777605
24.43333461,0.03565315,-1.5432042,0.010320071,-1.5865363,0.029407395,0.07838902,-0.16286276,-0.117198505,-0.048112888,0.08806396,-0.13391607,-0.37025985,-0.02973998,-0.115275527,-0.047822895,0.003894889,0.000355425,-0.01549922,-0.02973998,-0.115275527,-0.047822895,0.003894889,0.000355425,-0.01549922,-0.4422335,-1.5285535,-0.5322688,0.04136372,0.003920336,-0.17777605
24.45000128,0.03306351,-1.5450745,0.0095402,-1.5850507,0.027311414,0.072520964,-0.15545134,-0.112503424,-0.045909856,0.082885996,-0.12778652,-0.35199562,-0.030896402,-0.072240038,-0.026132419,0.004444649,-0.000757207,-0.015292832,-0.030896402,-0.072240038,-0.026132419,0.004444649,-0.000757207,-0.015292832,-0.4594295,-0.9579029,-0.29085383,0.047202177,-0.008351996,-0.17540878
24.45000128,0.03306351,-1.5450745,0.0095402,-1.5850507,0.027311414,0.072520964,-0.15545134,-0.112503424,-0.045909856,0.082885996,-0.12778652,-0.35199562,-0.030896402,-0.072240038,-0.026132419,0.004444649,-0.000757207,-0.015292832,-0.030896402,-0.072240038,-0.026132419,0.004444649,-0.000757207,-0.015292832,-0.4594295,-0.9579029,-0.29085383,0.047202177,-0.008351996,-0.17540878
24.45000128,0.03306351,-1.5450745,0.0095402,-1.5850507,0.027311414,0.072520964,-0.15545134,-0.112503424,-0.045909856,0.082885996,-0.12778652,-0.35199562,-0.030896402,-0.072240038,-0.026132419,0.004444649,-0.000757207,-0.015292832,-0.030896402,-0.072240038,-0.026132419,0.004444649,-0.000757207,-0.015292832,-0.4594295,-0.9579029,-0.29085383,0.047202177,-0.008351996,-0.17540878
24.46666794,0.030598389,-1.5468673,0.008797621,-1.5836505,0.02531783,0.06695577,-0.14802288,-0.10770922,-0.043687187,0.07779618,-0.12163366,-0.33378634,-0.032546537,-0.039418624,-0.010043798,0.00450108,-0.001949983,-0.015337602,-0.032546537,-0.039418624,-0.010043798,0.00450108,-0.001949983,-0.015337602,-0.483967,-0.52269095,-0.111787476,0.04780147,-0.021508316,-0.17592229
24.48333461,0.028234113,-1.5485882,0.008087798,-1.5823106,0.023408543,0.061631393,-0.14199206,-0.10353259,-0.041817613,0.07403806,-0.11664624,-0.31940612,-0.030701511,-0.046058361,-0.015192642,0.001985651,-0.001667186,-0.015758275,-0.030701511,-0.046058361,-0.015192642,0.001985651,-0.001667186,-0.015758275,-0.45653147,-0.61073387,-0.1690941,0.021087611,-0.018389063,-0.18074742
24.48333461,0.028234113,-1.5485882,0.008087798,-1.5823106,0.023408543,0.061631393,-0.14199206,-0.10353259,-0.041817613,0.07403806,-0.11664624,-0.31940612,-0.030701511,-0.046058361,-0.015192642,0.001985651,-0.001667186,-0.015758275,-0.030701511,-0.046058361,-0.015192642,0.001985651,-0.001667186,-0.015758275,-0.45653147,-0.61073387,-0.1690941,0.021087611,-0.018389063,-0.18074742
24.50000128,0.025994414,-1.5502325,0.007413633,-1.5810574,0.021599956,0.056604262,-0.13459867,-0.098714694,-0.039654747,0.069035254,-0.11055649,-0.3015356,-0.033284085,0.007238792,0.012041489,0.003527528,-0.00331095,-0.015475196,-0.033284085,0.007238792,0.012041489,0.003527528,-0.00331095,-0.015475196,-0.49493435,0.09598638,0.13402177,0.037462346,-0.03651978,-0.1775005
24.50000128,0.025994414,-1.5502325,0.007413633,-1.5810574,0.021599956,0.056604262,-0.13459867,-0.098714694,-0.039654747,0.069035254,-0.11055649,-0.3015356,-0.033284085,0.007238792,0.012041489,0.003527528,-0.00331095,-0.015475196,-0.033284085,0.007238792,0.012041489,0.003527528,-0.00331095,-0.015475196,-0.49493435,0.09598638,0.13402177,0.037462346,-0.03651978,-0.1775005
24.51666795,0.02387798,-1.5517966,0.006776115,-1.5798857,0.019892525,0.051871788,-0.12724665,-0.09381752,-0.037462458,0.06418866,-0.104480125,-0.28382403,-0.034963459,0.037086424,0.026733652,0.003719225,-0.004489164,-0.015520088,-0.034963459,0.037086424,0.026733652,0.003719225,-0.004489164,-0.015520088,-0.51990664,0.49176598,0.29754555,0.03949817,-0.049515475,-0.17801541
24.53333461,0.021854647,-1.5532932,0.006170351,-1.5787657,0.018263998,0.047361784,-0.12162937,-0.08980848,-0.035687037,0.06083226,-0.09981963,-0.27053455,-0.03089722,0.010633426,0.011191709,0.000146728,-0.003316201,-0.016015502,-0.03089722,0.010633426,0.011191709,0.000146728,-0.003316201,-0.016015502,-0.45944166,0.14099923,0.124563724,0.001558254,-0.036577694,-0.1836978
24.53333461,0.021854647,-1.5532932,0.006170351,-1.5787657,0.018263998,0.047361784,-0.12162937,-0.08980848,-0.035687037,0.06083226,-0.09981963,-0.27053455,-0.03089722,0.010633426,0.011191709,0.000146728,-0.003316201,-0.016015502,-0.03089722,0.010633426,0.011191709,0.000146728,-0.003316201,-0.016015502,-0.45944166,0.14099923,0.124563724,0.001558254,-0.036577694,-0.1836978
24.53333461,0.021854647,-1.5532932,0.006170351,-1.5787657,0.018263998,0.047361784,-0.12162937,-0.08980848,-0.035687037,0.06083226,-0.09981963,-0.27053455,-0.03089722,0.010633426,0.011191709,0.000146728,-0.003316201,-0.016015502,-0.03089722,0.010633426,0.011191709,0.000146728,-0.003316201,-0.016015502,-0.45944166,0.14099923,0.124563724,0.001558254,-0.036577694,-0.1836978
24.55000128,0.019954529,-1.5547113,0.005598618,-1.5777293,0.01673398,0.043138683,-0.11434614,-0.08494554,-0.03358881,0.05606378,-0.09385727,-0.25329086,-0.034794979,0.072663168,0.043153878,0.002568564,-0.005427322,-0.015671059,-0.034794979,0.072663168,0.043153878,0.002568564,-0.005427322,-0.015671059,-0.51740134,0.9635136,0.48030266,0.02727815,-0.059863366,-0.17974705
24.55000128,0.019954529,-1.5547113,0.005598618,-1.5777293,0.01673398,0.043138683,-0.11434614,-0.08494554,-0.03358881,0.05606378,-0.09385727,-0.25329086,-0.034794979,0.072663168,0.043153878,0.002568564,-0.005427322,-0.015671059,-0.034794979,0.072663168,0.043153878,0.002568564,-0.005427322,-0.015671059,-0.51740134,0.9635136,0.48030266,0.02727815,-0.059863366,-0.17974705
24.56666795,0.018174792,-1.5560491,0.005062489,-1.57677,0.015302376,0.039198153,-0.10716543,-0.08003098,-0.03145319,0.051513877,-0.08794642,-0.23630984,-0.036418935,0.09890392,0.05611388,0.0028352,-0.006544819,-0.015718197,-0.036418935,0.09890392,0.05611388,0.0028352,-0.006544819,-0.015718197,-0.54154956,1.311466,0.6245475,0.030109825,-0.07218935,-0.18028772
24.58333462,0.01647993,-1.5573213,0.004556794,-1.5758551,0.013943682,0.03546047,-0.101995364,-0.07623204,-0.029785842,0.048562713,-0.083647884,-0.22418788,-0.030434316,0.055137573,0.031503157,-0.001638048,-0.004584136,-0.016272188,-0.030434316,0.055137573,0.031503157,-0.001638048,-0.004584136,-0.016272188,-0.45255828,0.7311242,0.35063013,-0.017396072,-0.050563022,-0.18664199
24.58333462,0.01647993,-1.5573213,0.004556794,-1.5758551,0.013943682,0.03546047,-0.101995364,-0.07623204,-0.029785842,0.048562713,-0.083647884,-0.22418788,-0.030434316,0.055137573,0.031503157,-0.001638048,-0.004584136,-0.016272188,-0.030434316,0.055137573,0.031503157,-0.001638048,-0.004584136,-0.016272188,-0.45255828,0.7311242,0.35063013,-0.017396072,-0.050563022,-0.18664199
24.60000128,0.014905094,-1.5585166,0.004083196,-1.5750197,0.012679808,0.03199542,-0.09492504,-0.07141592,-0.02777714,0.044090632,-0.07790372,-0.2078051,-0.035345851,0.123167335,0.066757754,0.001465809,-0.007035782,-0.015883469,-0.035345851,0.123167335,0.066757754,0.001465809,-0.007035782,-0.015883469,-0.5255928,1.6331989,0.7430138,0.015566891,-0.077604674,-0.18218338
24.60000128,0.014905094,-1.5585166,0.004083196,-1.5750197,0.012679808,0.03199542,-0.09492504,-0.07141592,-0.02777714,0.044090632,-0.07790372,-0.2078051,-0.035345851,0.123167335,0.066757754,0.001465809,-0.007035782,-0.015883469,-0.035345851,0.123167335,0.066757754,0.001465809,-0.007035782,-0.015883469,-0.5255928,1.6331989,0.7430138,0.015566891,-0.077604674,-0.18218338
24.61666795,0.01344602,-1.5596324,0.003643682,-1.5742549,0.011510094,0.028796945,-0.088018455,-0.06657733,-0.025728002,0.039891653,-0.07225012,-0.19178963,-0.036879731,0.145547009,0.077837229,0.001769764,-0.008065831,-0.015934433,-0.036879731,0.145547009,0.077837229,0.001769764,-0.008065831,-0.015934433,-0.5484016,1.9299533,0.86632836,0.01879489,-0.08896612,-0.18276794
24.61666795,0.01344602,-1.5596324,0.003643682,-1.5742549,0.011510094,0.028796945,-0.088018455,-0.06657733,-0.025728002,0.039891653,-0.07225012,-0.19178963,-0.036879731,0.145547009,0.077837229,0.001769764,-0.008065831,-0.015934433,-0.036879731,0.145547009,0.077837229,0.001769764,-0.008065831,-0.015934433,-0.5484016,1.9299533,0.86632836,0.01879489,-0.08896612,-0.18276794
24.63333462,0.012063143,-1.5606871,0.003232939,-1.5735269,0.010406716,0.025780573,-0.08332843,-0.06303483,-0.024183674,0.03734472,-0.06834649,-0.1809027,-0.029306035,0.08725657,0.045641044,-0.003433158,-0.005432927,-0.016529461,-0.029306035,0.08725657,0.045641044,-0.003433158,-0.005432927,-0.016529461,-0.43578073,1.1570221,0.5079848,-0.03646014,-0.05992518,-0.18959291
24.63333462,0.012063143,-1.5606871,0.003232939,-1.5735269,0.010406716,0.025780573,-0.08332843,-0.06303483,-0.024183674,0.03734472,-0.06834649,-0.1809027,-0.029306035,0.08725657,0.045641044,-0.003433158,-0.005432927,-0.016529461,-0.029306035,0.08725657,0.045641044,-0.003433158,-0.005432927,-0.016529461,-0.43578073,1.1570221,0.5079848,-0.03646014,-0.05992518,-0.18959291
24.65000129,0.010795146,-1.5616668,0.002851995,-1.5728725,0.009392948,0.023018643,-0.07658222,-0.058359098,-0.022292297,0.033223916,-0.062914126,-0.1656168,-0.034981373,0.15886461,0.082900346,0.000173546,-0.008116829,-0.016114556,-0.034981373,0.15886461,0.082900346,0.000173546,-0.008116829,-0.016114556,-0.520173,2.1065447,0.92268085,0.001843064,-0.08952863,-0.18483396
24.65000129,0.010795146,-1.5616668,0.002851995,-1.5728725,0.009392948,0.023018643,-0.07658222,-0.058359098,-0.022292297,0.033223916,-0.062914126,-0.1656168,-0.034981373,0.15886461,0.082900346,0.000173546,-0.008116829,-0.016114556,-0.034981373,0.15886461,0.082900346,0.000173546,-0.008116829,-0.016114556,-0.520173,2.1065447,0.92268085,0.001843064,-0.08952863,-0.18483396
24.66666795,0.009636382,-1.5625697,0.002503124,-1.5722822,0.008467509,0.020503366,-0.07006153,-0.053696062,-0.020361554,0.02942221,-0.057612505,-0.15080078,-0.036337741,0.17685901,0.091809018,0.000452831,-0.009015527,-0.016171036,-0.036337741,0.17685901,0.091809018,0.000452831,-0.009015527,-0.016171036,-0.5403422,2.3451505,1.0218344,0.004809065,-0.09944127,-0.18548179
24.68333462,0.008544746,-1.5634159,0.002180988,-1.5717214,0.007601294,0.018148493,-0.06588353,-0.05045552,-0.018956117,0.027273443,-0.0541342,-0.14120792,-0.027556843,0.107314585,0.053766158,-0.005277156,-0.005849894,-0.016787288,-0.027556843,0.107314585,0.053766158,-0.005277156,-0.005849894,-0.016787288,-0.40977025,1.4229914,0.59841734,-0.056043394,-0.06452433,-0.1925502
24.68333462,0.008544746,-1.5634159,0.002180988,-1.5717214,0.007601294,0.018148493,-0.06588353,-0.05045552,-0.018956117,0.027273443,-0.0541342,-0.14120792,-0.027556843,0.107314585,0.053766158,-0.005277156,-0.005849894,-0.016787288,-0.027556843,0.107314585,0.053766158,-0.005277156,-0.005849894,-0.016787288,-0.40977025,1.4229914,0.59841734,-0.056043394,-0.06452433,-0.1925502
24.70000129,0.0075607,-1.5641911,0.001885991,-1.5712273,0.006817918,0.016025955,-0.05958201,-0.04602271,-0.017211286,0.023558207,-0.04910956,-0.12725297,-0.033656378,0.179515004,0.0914455,-0.001389606,-0.008629008,-0.016365771,-0.033656378,0.179515004,0.0914455,-0.001389606,-0.008629008,-0.016365771,-0.50047034,2.380369,1.0177884,-0.014757619,-0.095177956,-0.1877154
24.70000129,0.0075607,-1.5641911,0.001885991,-1.5712273,0.006817918,0.016025955,-0.05958201,-0.04602271,-0.017211286,0.023558207,-0.04910956,-0.12725297,-0.033656378,0.179515004,0.0914455,-0.001389606,-0.008629008,-0.016365771,-0.033656378,0.179515004,0.0914455,-0.001389606,-0.008629008,-0.016365771,-0.50047034,2.380369,1.0177884,-0.014757619,-0.095177956,-0.1877154
24.70000129,0.0075607,-1.5641911,0.001885991,-1.5712273,0.006817918,0.016025955,-0.05958201,-0.04602271,-0.017211286,0.023558207,-0.04910956,-0.12725297,-0.033656378,0.179515004,0.0914455,-0.001389606,-0.008629008,-0.016365771,-0.033656378,0.179515004,0.0914455,-0.001389606,-0.008629008,-0.016365771,-0.50047034,2.380369,1.0177884,-0.014757619,-0.095177956,-0.1877154
24.71666796,0.006677334,-1.5648937,0.001620527,-1.57079,0.006115425,0.014126273,-0.053566847,-0.041642852,-0.015433272,0.02019813,-0.044256993,-0.1138693,-0.034746305,0.192662961,0.097922345,-0.001196861,-0.009354468,-0.01642949,-0.034746305,0.192662961,0.097922345,-0.001196861,-0.009354468,-0.01642949,-0.51667756,2.5547109,1.0898757,-0.012710661,-0.10317978,-0.18844625
24.73333462,0.005851663,-1.5655456,0.001379355,-1.5703759,0.005464542,0.012364483,-0.04993177,-0.038750492,-0.014183365,0.0184361,-0.041232225,-0.10561975,-0.025197577,0.115656277,0.056046649,-0.007218719,-0.005823028,-0.01704521,-0.025197577,0.115656277,0.056046649,-0.007218719,-0.005823028,-0.01704521,-0.37468797,1.5336022,0.6237992,-0.076662794,-0.064228,-0.19550855
24.73333462,0.005851663,-1.5655456,0.001379355,-1.5703759,0.005464542,0.012364483,-0.04993177,-0.038750492,-0.014183365,0.0184361,-0.041232225,-0.10561975,-0.025197577,0.115656277,0.056046649,-0.007218719,-0.005823028,-0.01704521,-0.025197577,0.115656277,0.056046649,-0.007218719,-0.005823028,-0.01704521,-0.37468797,1.5336022,0.6237992,-0.076662794,-0.064228,-0.19550855
24.75000129,0.005124007,-1.5661323,0.001162275,-1.5700209,0.00488813,0.010809048,-0.04420404,-0.034668062,-0.012616409,0.015178392,-0.036713194,-0.09322802,-0.03136686,0.185323157,0.09248081,-0.003284277,-0.008555898,-0.016637466,-0.03136686,0.185323157,0.09248081,-0.003284277,-0.008555898,-0.016637466,-0.4664252,2.457385,1.0293114,-0.034879018,-0.09437155,-0.19083174
24.75000129,0.005124007,-1.5661323,0.001162275,-1.5700209,0.00488813,0.010809048,-0.04420404,-0.034668062,-0.012616409,0.015178392,-0.036713194,-0.09322802,-0.03136686,0.185323157,0.09248081,-0.003284277,-0.008555898,-0.016637466,-0.03136686,0.185323157,0.09248081,-0.003284277,-0.008555898,-0.016637466,-0.4664252,2.457385,1.0293114,-0.034879018,-0.09437155,-0.19083174
24.76666796,0.004486314,-1.5666529,0.000971626,-1.5697138,0.004383509,0.009448829,-0.03882238,-0.030684162,-0.011027645,0.012302584,-0.03240844,-0.081506625,-0.032091203,0.193202226,0.096282344,-0.003238675,-0.009067635,-0.016710327,-0.032091203,0.193202226,0.096282344,-0.003238675,-0.009067635,-0.016710327,-0.4771962,2.5618615,1.0716225,-0.03439473,-0.10001601,-0.19166745
24.78333463,0.003896587,-1.5671284,0.000802389,-1.5694232,0.003922429,0.008203343,-0.03575948,-0.028182957,-0.009950577,0.010911111,-0.029862603,-0.07463993,-0.022281894,0.113125085,0.052904295,-0.009279702,-0.005367591,-0.017301936,-0.022281894,0.113125085,0.052904295,-0.009279702,-0.005367591,-0.017301936,-0.33133176,1.5000386,0.5888248,-0.09855043,-0.05920453,-0.1984532
24.78333463,0.003896587,-1.5671284,0.000802389,-1.5694232,0.003922429,0.008203343,-0.03575948,-0.028182957,-0.009950577,0.010911111,-0.029862603,-0.07463993,-0.022281894,0.113125085,0.052904295,-0.009279702,-0.005367591,-0.017301936,-0.022281894,0.113125085,0.052904295,-0.009279702,-0.005367591,-0.017301936,-0.33133176,1.5000386,0.5888248,-0.09855043,-0.05920453,-0.1984532
24.78333463,0.003896587,-1.5671284,0.000802389,-1.5694232,0.003922429,0.008203343,-0.03575948,-0.028182957,-0.009950577,0.010911111,-0.029862603,-0.07463993,-0.022281894,0.113125085,0.052904295,-0.009279702,-0.005367591,-0.017301936,-0.022281894,0.113125085,0.052904295,-0.009279702,-0.005367591,-0.017301936,-0.33133176,1.5000386,0.5888248,-0.09855043,-0.05920453,-0.1984532
24.80000129,0.003392833,-1.5675466,0.000653824,-1.5691831,0.003525825,0.007134415,-0.030743487,-0.024565455,-0.00859378,0.008158917,-0.02594893,-0.06403987,-0.028073545,0.176537522,0.086112705,-0.005576828,-0.007879308,-0.016930355,-0.028073545,0.176537522,0.086112705,-0.005576828,-0.007879308,-0.016930355,-0.41745362,2.3408875,0.9584344,-0.059225917,-0.08690877,-0.19419117
24.80000129,0.003392833,-1.5675466,0.000653824,-1.5691831,0.003525825,0.007134415,-0.030743487,-0.024565455,-0.00859378,0.008158917,-0.02594893,-0.06403987,-0.028073545,0.176537522,0.086112705,-0.005576828,-0.007879308,-0.016930355,-0.028073545,0.176537522,0.086112705,-0.005576828,-0.007879308,-0.016930355,-0.41745362,2.3408875,0.9584344,-0.059225917,-0.08690877,-0.19419117
24.81666796,0.002966036,-1.5679071,0.000527995,-1.5689822,0.003190253,0.006229292,-0.026131026,-0.021097204,-0.007232696,0.005802662,-0.022292143,-0.05420651,-0.028322951,0.17872344,0.086988802,-0.005746296,-0.008136143,-0.017013805,-0.028322951,0.17872344,0.086988802,-0.005746296,-0.008136143,-0.017013805,-0.42116228,2.3698728,0.96818537,-0.06102566,-0.08974166,-0.19514835
24.83333463,0.002577212,-1.5682297,0.000420242,-1.5687923,0.00288974,0.005415277,-0.023668054,-0.019031487,-0.006345913,0.004761404,-0.020247897,-0.04875162,-0.018798722,0.100379706,0.044660898,-0.011506337,-0.004486881,-0.017556084,-0.018798722,0.100379706,0.044660898,-0.011506337,-0.004486881,-0.017556084,-0.279537,1.3310349,0.4970758,-0.1221973,-0.049490303,-0.20136829
24.83333463,0.002577212,-1.5682297,0.000420242,-1.5687923,0.00288974,0.005415277,-0.023668054,-0.019031487,-0.006345913,0.004761404,-0.020247897,-0.04875162,-0.018798722,0.100379706,0.044660898,-0.011506337,-0.004486881,-0.017556084,-0.018798722,0.100379706,0.044660898,-0.011506337,-0.004486881,-0.017556084,-0.279537,1.3310349,0.4970758,-0.1221973,-0.049490303,-0.20136829
24.8500013,0.002259732,-1.5685041,0.000329341,-1.568643,0.002642067,0.004744289,-0.01950944,-0.015997546,-0.005233275,0.002561234,-0.017040297,-0.040166788,-0.0237623,0.153773133,0.072631848,-0.008317778,-0.006603908,-0.017243264,-0.0237623,0.153773133,0.072631848,-0.008317778,-0.006603908,-0.017243264,-0.3533454,2.0390317,0.80839247,-0.0883348,-0.07284111,-0.19778024
24.8500013,0.002259732,-1.5685041,0.000329341,-1.568643,0.002642067,0.004744289,-0.01950944,-0.015997546,-0.005233275,0.002561234,-0.017040297,-0.040166788,-0.0237623,0.153773133,0.072631848,-0.008317778,-0.006603908,-0.017243264,-0.0237623,0.153773133,0.072631848,-0.008317778,-0.006603908,-0.017243264,-0.3533454,2.0390317,0.80839247,-0.0883348,-0.07284111,-0.19778024
24.86666796,0.002003784,-1.5687317,0.000256868,-1.5685235,0.002442979,0.00420202,-0.015809238,-0.013169897,-0.004140019,0.000758474,-0.014132872,-0.032441307,-0.023406872,0.149812652,0.070316028,-0.008774082,-0.006561689,-0.01733925,-0.023406872,0.149812652,0.070316028,-0.008774082,-0.006561689,-0.01733925,-0.3480602,1.9865158,0.7826174,-0.09318075,-0.072375424,-0.1988812
24.86666796,0.002003784,-1.5687317,0.000256868,-1.5685235,0.002442979,0.00420202,-0.015809238,-0.013169897,-0.004140019,0.000758474,-0.014132872,-0.032441307,-0.023406872,0.149812652,0.070316028,-0.008774082,-0.006561689,-0.01733925,-0.023406872,0.149812652,0.070316028,-0.008774082,-0.006561689,-0.01733925,-0.3480602,1.9865158,0.7826174,-0.09318075,-0.072375424,-0.1988812
24.88333463,0.001775625,-1.5689306,0.000198653,-1.5684102,0.002270108,0.003726948,-0.013971712,-0.011581241,-0.003461217,4.32E-05,-0.012609563,-0.028417084,-0.014777716,0.078585209,0.031897059,-0.013917541,-0.003212522,-0.017805644,-0.014777716,0.078585209,0.031897059,-0.013917541,-0.003212522,-0.017805644,-0.21974464,1.0420399,0.35501426,-0.14780429,-0.035434123,-0.20423074
24.88333463,0.001775625,-1.5689306,0.000198653,-1.5684102,0.002270108,0.003726948,-0.013971712,-0.011581241,-0.003461217,4.32E-05,-0.012609563,-0.028417084,-0.014777716,0.078585209,0.031897059,-0.013917541,-0.003212522,-0.017805644,-0.014777716,0.078585209,0.031897059,-0.013917541,-0.003212522,-0.017805644,-0.21974464,1.0420399,0.35501426,-0.14780429,-0.035434123,-0.20423074
24.9000013,0.001601451,-1.5690918,0.000153062,-1.5683262,0.002136786,0.003357736,-0.010823747,-0.009252711,-0.002627864,-0.00156203,-0.010209746,-0.022064654,-0.018423375,0.117933507,0.052474944,-0.011546751,-0.004749255,-0.017575364,-0.018423375,0.117933507,0.052474944,-0.011546751,-0.004749255,-0.017575364,-0.27395558,1.5637983,0.5840461,-0.1226265,-0.05238428,-0.20158942
24.9000013,0.001601451,-1.5690918,0.000153062,-1.5683262,0.002136786,0.003357736,-0.010823747,-0.009252711,-0.002627864,-0.00156203,-0.010209746,-0.022064654,-0.018423375,0.117933507,0.052474944,-0.011546751,-0.004749255,-0.017575364,-0.018423375,0.117933507,0.052474944,-0.011546751,-0.004749255,-0.017575364,-0.27395558,1.5637983,0.5840461,-0.1226265,-0.05238428,-0.20158942
24.91666797,0.001470849,-1.5692184,0.000120957,-1.5682617,0.002037901,0.003078599,-0.008185911,-0.007194406,-0.001843951,-0.002782172,-0.00815366,-0.01666032,-0.01732131,0.10737783,0.046697679,-0.012364898,-0.004361647,-0.017685423,-0.01732131,0.10737783,0.046697679,-0.012364898,-0.004361647,-0.017685423,-0.25756788,1.42383,0.5197452,-0.13131522,-0.04810896,-0.2028518
24.93333463,0.00135771,-1.569325,9.88E-05,-1.5681998,0.001956085,0.002842638,-0.006997018,-0.006123128,-0.001390503,-0.003201692,-0.007167465,-0.014074181,-0.010226078,0.04899135,0.015227588,-0.016534724,-0.001578164,-0.018048201,-0.010226078,0.04899135,0.015227588,-0.016534724,-0.001578164,-0.018048201,-0.15206178,0.6496253,0.16948305,-0.17559877,-0.017407145,-0.20701286
24.93333463,0.00135771,-1.569325,9.88E-05,-1.5681998,0.001956085,0.002842638,-0.006997018,-0.006123128,-0.001390503,-0.003201692,-0.007167465,-0.014074181,-0.010226078,0.04899135,0.015227588,-0.016534724,-0.001578164,-0.018048201,-0.010226078,0.04899135,0.015227588,-0.016534724,-0.001578164,-0.018048201,-0.15206178,0.6496253,0.16948305,-0.17559877,-0.017407145,-0.20701286
24.9500013,0.001278309,-1.569406,8.47E-05,-1.5681546,0.001898864,0.002671864,-0.005020556,-0.004631626,-0.000871841,-0.004171786,-0.005677488,-0.010163971,-0.011965345,0.069589767,0.025901129,-0.015334402,-0.002311559,-0.017925569,-0.011965345,0.069589767,0.025901129,-0.015334402,-0.002311559,-0.017925569,-0.17792468,0.9227603,0.28827956,-0.16285135,-0.025496498,-0.20560628
24.9500013,0.001278309,-1.569406,8.47E-05,-1.5681546,0.001898864,0.002671864,-0.005020556,-0.004631626,-0.000871841,-0.004171786,-0.005677488,-0.010163971,-0.011965345,0.069589767,0.025901129,-0.015334402,-0.002311559,-0.017925569,-0.011965345,0.069589767,0.025901129,-0.015334402,-0.002311559,-0.017925569,-0.17792468,0.9227603,0.28827956,-0.16285135,-0.025496498,-0.20560628
24.9500013,0.001278309,-1.569406,8.47E-05,-1.5681546,0.001898864,0.002671864,-0.005020556,-0.004631626,-0.000871841,-0.004171786,-0.005677488,-0.010163971,-0.011965345,0.069589767,0.025901129,-0.015334402,-0.002311559,-0.017925569,-0.011965345,0.069589767,0.025901129,-0.015334402,-0.002311559,-0.017925569,-0.17792468,0.9227603,0.28827956,-0.16285135,-0.025496498,-0.20560628
24.96666797,0.001221876,-1.5694677,7.84E-05,-1.568119,0.001860228,0.00254909,-0.003601514,-0.003480911,-0.000440061,-0.004785558,-0.004575049,-0.007285738,-0.009964092,0.051986007,0.016388424,-0.016594709,-0.001532523,-0.018051697,-0.009964092,0.051986007,0.016388424,-0.016594709,-0.001532523,-0.018051697,-0.14816605,0.68933445,0.18240316,-0.17623581,-0.016903734,-0.20705296
24.98333464,0.001172527,-1.5695198,7.73E-05,-1.5680827,0.00182926,0.002445553,-0.003081041,-0.002967254,-0.000229523,-0.004941872,-0.004138756,-0.006134282,-0.005129525,0.012880929,-0.004711504,-0.019386545,0.000379825,-0.018281759,-0.005129525,0.012880929,-0.004711504,-0.019386545,0.000379825,-0.018281759,-0.076276034,0.17080112,-0.052439034,-0.20588511,0.004189468,-0.20969178
24.98333464,0.001172527,-1.5695198,7.73E-05,-1.5680827,0.00182926,0.002445553,-0.003081041,-0.002967254,-0.000229523,-0.004941872,-0.004138756,-0.006134282,-0.005129525,0.012880929,-0.004711504,-0.019386545,0.000379825,-0.018281759,-0.005129525,0.012880929,-0.004711504,-0.019386545,0.000379825,-0.018281759,-0.076276034,0.17080112,-0.052439034,-0.20588511,0.004189468,-0.20969178
25.0000013,0.001133685,-1.569563,7.92E-05,-1.5680509,0.001806272,0.002363172,-0.002443024,-0.002446048,-6.21E-05,-0.005240877,-0.003660817,-0.004867285,-0.004384708,0.010104238,-0.006422438,-0.019707736,0.000663568,-0.018291964,-0.004384708,0.010104238,-0.006422438,-0.019707736,0.000663568,-0.018291964,-0.065200604,0.1339822,-0.071481735,-0.20929615,0.007319156,-0.20980883
